-3.14159 0.0227267
-3.1353 0.0316829
-3.12901 0.0405678
-3.12272 0.0493815
-3.11643 0.0581244
-3.11015 0.0667966
-3.10386 0.0753986
-3.09757 0.0839304
-3.09128 0.0923924
-3.08499 0.100785
-3.0787 0.109108
-3.07241 0.117362
-3.06612 0.125548
-3.05983 0.133665
-3.05354 0.141713
-3.04725 0.149694
-3.04096 0.157607
-3.03467 0.165452
-3.02838 0.173231
-3.02209 0.180942
-3.0158 0.188587
-3.00951 0.196165
-3.00322 0.203677
-2.99693 0.211123
-2.99065 0.218503
-2.98436 0.225818
-2.97807 0.233068
-2.97178 0.240253
-2.96549 0.247373
-2.9592 0.254429
-2.95291 0.261421
-2.94662 0.268349
-2.94033 0.275213
-2.93404 0.282014
-2.92775 0.288751
-2.92146 0.295426
-2.91517 0.302038
-2.90888 0.308588
-2.90259 0.315076
-2.8963 0.321502
-2.89001 0.327866
-2.88372 0.334169
-2.87743 0.34041
-2.87115 0.346591
-2.86486 0.352711
-2.85857 0.358771
-2.85228 0.36477
-2.84599 0.37071
-2.8397 0.37659
-2.83341 0.382411
-2.82712 0.388172
-2.82083 0.393875
-2.81454 0.399518
-2.80825 0.405104
-2.80196 0.410631
-2.79567 0.4161
-2.78938 0.421512
-2.78309 0.426866
-2.7768 0.432163
-2.77051 0.437403
-2.76422 0.442586
-2.75793 0.447713
-2.75165 0.452783
-2.74536 0.457798
-2.73907 0.462756
-2.73278 0.467659
-2.72649 0.472507
-2.7202 0.4773
-2.71391 0.482038
-2.70762 0.486721
-2.70133 0.49135
-2.69504 0.495925
-2.68875 0.500446
-2.68246 0.504913
-2.67617 0.509327
-2.66988 0.513688
-2.66359 0.517996
-2.6573 0.522251
-2.65101 0.526453
-2.64472 0.530604
-2.63843 0.534702
-2.63215 0.538748
-2.62586 0.542744
-2.61957 0.546687
-2.61328 0.55058
-2.60699 0.554422
-2.6007 0.558213
-2.59441 0.561954
-2.58812 0.565644
-2.58183 0.569285
-2.57554 0.572876
-2.56925 0.576417
-2.56296 0.579909
-2.55667 0.583353
-2.55038 0.586747
-2.54409 0.590093
-2.5378 0.59339
-2.53151 0.59664
-2.52522 0.599841
-2.51893 0.602995
-2.51265 0.606101
-2.50636 0.60916
-2.50007 0.612172
-2.49378 0.615138
-2.48749 0.618056
-2.4812 0.620929
-2.47491 0.623755
-2.46862 0.626536
-2.46233 0.62927
-2.45604 0.63196
-2.44975 0.634604
-2.44346 0.637203
-2.43717 0.639757
-2.43088 0.642267
-2.42459 0.644732
-2.4183 0.647153
-2.41201 0.649531
-2.40572 0.651864
-2.39943 0.654154
-2.39315 0.656401
-2.38686 0.658605
-2.38057 0.660766
-2.37428 0.662884
-2.36799 0.66496
-2.3617 0.666994
-2.35541 0.668985
-2.34912 0.670935
-2.34283 0.672844
-2.33654 0.674711
-2.33025 0.676537
-2.32396 0.678322
-2.31767 0.680066
-2.31138 0.68177
-2.30509 0.683433
-2.2988 0.685056
-2.29251 0.68664
-2.28622 0.688184
-2.27993 0.689688
-2.27365 0.691153
-2.26736 0.69258
-2.26107 0.693967
-2.25478 0.695316
-2.24849 0.696626
-2.2422 0.697898
-2.23591 0.699132
-2.22962 0.700328
-2.22333 0.701487
-2.21704 0.702608
-2.21075 0.703692
-2.20446 0.704739
-2.19817 0.70575
-2.19188 0.706724
-2.18559 0.707661
-2.1793 0.708562
-2.17301 0.709427
-2.16672 0.710257
-2.16043 0.711051
-2.15415 0.711809
-2.14786 0.712533
-2.14157 0.713221
-2.13528 0.713875
-2.12899 0.714494
-2.1227 0.715078
-2.11641 0.715629
-2.11012 0.716146
-2.10383 0.716628
-2.09754 0.717077
-2.09125 0.717493
-2.08496 0.717876
-2.07867 0.718225
-2.07238 0.718542
-2.06609 0.718826
-2.0598 0.719078
-2.05351 0.719298
-2.04722 0.719485
-2.04093 0.719641
-2.03465 0.719765
-2.02836 0.719858
-2.02207 0.719919
-2.01578 0.719949
-2.00949 0.719949
-2.0032 0.719917
-1.99691 0.719855
-1.99062 0.719763
-1.98433 0.719641
-1.97804 0.719489
-1.97175 0.719307
-1.96546 0.719096
-1.95917 0.718855
-1.95288 0.718585
-1.94659 0.718286
-1.9403 0.717958
-1.93401 0.717602
-1.92772 0.717217
-1.92143 0.716804
-1.91515 0.716362
-1.90886 0.715893
-1.90257 0.715397
-1.89628 0.714872
-1.88999 0.714321
-1.8837 0.713742
-1.87741 0.713136
-1.87112 0.712504
-1.86483 0.711845
-1.85854 0.711159
-1.85225 0.710447
-1.84596 0.709709
-1.83967 0.708946
-1.83338 0.708156
-1.82709 0.707341
-1.8208 0.706501
-1.81451 0.705635
-1.80822 0.704745
-1.80193 0.703829
-1.79565 0.702889
-1.78936 0.701925
-1.78307 0.700936
-1.77678 0.699923
-1.77049 0.698886
-1.7642 0.697826
-1.75791 0.696742
-1.75162 0.695634
-1.74533 0.694503
-1.73904 0.693349
-1.73275 0.692172
-1.72646 0.690973
-1.72017 0.689751
-1.71388 0.688506
-1.70759 0.687239
-1.7013 0.685951
-1.69501 0.68464
-1.68872 0.683308
-1.68243 0.681954
-1.67615 0.680578
-1.66986 0.679182
-1.66357 0.677764
-1.65728 0.676326
-1.65099 0.674867
-1.6447 0.673387
-1.63841 0.671887
-1.63212 0.670367
-1.62583 0.668827
-1.61954 0.667267
-1.61325 0.665687
-1.60696 0.664088
-1.60067 0.662469
-1.59438 0.660831
-1.58809 0.659174
-1.5818 0.657498
-1.57551 0.655803
-1.56922 0.65409
-1.56293 0.652359
-1.55665 0.650609
-1.55036 0.648841
-1.54407 0.647055
-1.53778 0.645251
-1.53149 0.64343
-1.5252 0.641591
-1.51891 0.639735
-1.51262 0.637862
-1.50633 0.635972
-1.50004 0.634065
-1.49375 0.632141
-1.48746 0.630201
-1.48117 0.628245
-1.47488 0.626272
-1.46859 0.624283
-1.4623 0.622279
-1.45601 0.620258
-1.44972 0.618222
-1.44343 0.616171
-1.43714 0.614104
-1.43086 0.612022
-1.42457 0.609926
-1.41828 0.607814
-1.41199 0.605688
-1.4057 0.603547
-1.39941 0.601392
-1.39312 0.599222
-1.38683 0.597039
-1.38054 0.594842
-1.37425 0.592631
-1.36796 0.590406
-1.36167 0.588167
-1.35538 0.585916
-1.34909 0.583651
-1.3428 0.581373
-1.33651 0.579083
-1.33022 0.576779
-1.32393 0.574463
-1.31764 0.572135
-1.31136 0.569794
-1.30507 0.567441
-1.29878 0.565076
-1.29249 0.562699
-1.2862 0.56031
-1.27991 0.55791
-1.27362 0.555498
-1.26733 0.553075
-1.26104 0.550641
-1.25475 0.548196
-1.24846 0.54574
-1.24217 0.543273
-1.23588 0.540795
-1.22959 0.538307
-1.2233 0.535809
-1.21701 0.5333
-1.21072 0.530782
-1.20443 0.528253
-1.19814 0.525715
-1.19186 0.523167
-1.18557 0.52061
-1.17928 0.518043
-1.17299 0.515467
-1.1667 0.512882
-1.16041 0.510287
-1.15412 0.507684
-1.14783 0.505073
-1.14154 0.502452
-1.13525 0.499824
-1.12896 0.497187
-1.12267 0.494541
-1.11638 0.491888
-1.11009 0.489227
-1.1038 0.486558
-1.09751 0.483881
-1.09122 0.481197
-1.08493 0.478505
-1.07864 0.475806
-1.07236 0.4731
-1.06607 0.470387
-1.05978 0.467668
-1.05349 0.464941
-1.0472 0.462208
-1.04091 0.459468
-1.03462 0.456722
-1.02833 0.453969
-1.02204 0.451211
-1.01575 0.448446
-1.00946 0.445676
-1.00317 0.4429
-0.996882 0.440118
-0.990592 0.43733
-0.984303 0.434538
-0.978013 0.43174
-0.971724 0.428936
-0.965434 0.426128
-0.959145 0.423315
-0.952855 0.420497
-0.946566 0.417675
-0.940276 0.414848
-0.933987 0.412016
-0.927698 0.409181
-0.921408 0.406341
-0.915119 0.403497
-0.908829 0.400649
-0.90254 0.397797
-0.89625 0.394941
-0.889961 0.392082
-0.883671 0.389219
-0.877382 0.386353
-0.871092 0.383484
-0.864803 0.380612
-0.858513 0.377736
-0.852224 0.374858
-0.845934 0.371977
-0.839645 0.369093
-0.833355 0.366207
-0.827066 0.363318
-0.820776 0.360427
-0.814487 0.357533
-0.808198 0.354638
-0.801908 0.35174
-0.795619 0.348841
-0.789329 0.345939
-0.78304 0.343036
-0.77675 0.340132
-0.770461 0.337226
-0.764171 0.334318
-0.757882 0.33141
-0.751592 0.3285
-0.745303 0.325589
-0.739013 0.322677
-0.732724 0.319765
-0.726434 0.316852
-0.720145 0.313938
-0.713855 0.311023
-0.707566 0.308108
-0.701276 0.305193
-0.694987 0.302278
-0.688697 0.299362
-0.682408 0.296447
-0.676119 0.293531
-0.669829 0.290616
-0.66354 0.287701
-0.65725 0.284787
-0.650961 0.281873
-0.644671 0.27896
-0.638382 0.276047
-0.632092 0.273135
-0.625803 0.270224
-0.619513 0.267314
-0.613224 0.264406
-0.606934 0.261498
-0.600645 0.258592
-0.594355 0.255687
-0.588066 0.252783
-0.581776 0.249881
-0.575487 0.246981
-0.569197 0.244083
-0.562908 0.241186
-0.556619 0.238292
-0.550329 0.235399
-0.54404 0.232509
-0.53775 0.229621
-0.531461 0.226735
-0.525171 0.223852
-0.518882 0.220971
-0.512592 0.218093
-0.506303 0.215217
-0.500013 0.212344
-0.493724 0.209474
-0.487434 0.206608
-0.481145 0.203744
-0.474855 0.200883
-0.468566 0.198026
-0.462276 0.195172
-0.455987 0.192321
-0.449697 0.189474
-0.443408 0.18663
-0.437118 0.18379
-0.430829 0.180954
-0.42454 0.178122
-0.41825 0.175293
-0.411961 0.172469
-0.405671 0.169649
-0.399382 0.166832
-0.393092 0.164021
-0.386803 0.161213
-0.380513 0.15841
-0.374224 0.155611
-0.367934 0.152817
-0.361645 0.150028
-0.355355 0.147244
-0.349066 0.144464
-0.342776 0.141689
-0.336487 0.138919
-0.330197 0.136155
-0.323908 0.133395
-0.317618 0.130641
-0.311329 0.127892
-0.30504 0.125148
-0.29875 0.12241
-0.292461 0.119677
-0.286171 0.11695
-0.279882 0.114229
-0.273592 0.111513
-0.267303 0.108803
-0.261013 0.106099
-0.254724 0.103402
-0.248434 0.10071
-0.242145 0.0980242
-0.235855 0.0953448
-0.229566 0.0926716
-0.223276 0.0900048
-0.216987 0.0873445
-0.210697 0.0846906
-0.204408 0.0820433
-0.198118 0.0794026
-0.191829 0.0767686
-0.18554 0.0741415
-0.17925 0.0715211
-0.172961 0.0689077
-0.166671 0.0663012
-0.160382 0.0637018
-0.154092 0.0611096
-0.147803 0.0585245
-0.141513 0.0559466
-0.135224 0.0533761
-0.128934 0.050813
-0.122645 0.0482573
-0.116355 0.0457091
-0.110066 0.0431685
-0.103776 0.0406355
-0.0974869 0.0381102
-0.0911974 0.0355927
-0.0849079 0.0330831
-0.0786184 0.0305813
-0.072329 0.0280875
-0.0660395 0.0256017
-0.05975 0.023124
-0.0534605 0.0206544
-0.0471711 0.018193
-0.0408816 0.0157399
-0.0345921 0.0132951
-0.0283026 0.0108587
-0.0220132 0.0084307
-0.0157237 0.0060112
-0.00943421 0.00360026
-0.00314474 0.00119792
0.00314474 -0.00119575
0.00943421 -0.0035807
0.0157237 -0.00595686
0.0220132 -0.0083242
0.0283026 -0.0106826
0.0345921 -0.0130321
0.0408816 -0.0153726
0.0471711 -0.0177041
0.0534605 -0.0200264
0.05975 -0.0223396
0.0660395 -0.0246436
0.072329 -0.0269383
0.0786184 -0.0292237
0.0849079 -0.0314997
0.0911974 -0.0337663
0.0974869 -0.0360234
0.103776 -0.0382711
0.110066 -0.0405091
0.116355 -0.0427375
0.122645 -0.0449563
0.128934 -0.0471653
0.135224 -0.0493646
0.141513 -0.0515541
0.147803 -0.0537337
0.154092 -0.0559034
0.160382 -0.0580631
0.166671 -0.0602128
0.172961 -0.0623525
0.17925 -0.0644821
0.18554 -0.0666016
0.191829 -0.0687109
0.198118 -0.07081
0.204408 -0.0728988
0.210697 -0.0749773
0.216987 -0.0770454
0.223276 -0.0791032
0.229566 -0.0811505
0.235855 -0.0831873
0.242145 -0.0852136
0.248434 -0.0872294
0.254724 -0.0892345
0.261013 -0.091229
0.267303 -0.0932129
0.273592 -0.095186
0.279882 -0.0971483
0.286171 -0.0990999
0.292461 -0.101041
0.29875 -0.10297
0.30504 -0.104889
0.311329 -0.106797
0.317618 -0.108694
0.323908 -0.11058
0.330197 -0.112455
0.336487 -0.114319
0.342776 -0.116172
0.349066 -0.118014
0.355355 -0.119844
0.361645 -0.121663
0.367934 -0.123471
0.374224 -0.125268
0.380513 -0.127053
0.386803 -0.128827
0.393092 -0.13059
0.399382 -0.132341
0.405671 -0.134081
0.411961 -0.135809
0.41825 -0.137526
0.42454 -0.139231
0.430829 -0.140925
0.437118 -0.142607
0.443408 -0.144277
0.449697 -0.145936
0.455987 -0.147584
0.462276 -0.149219
0.468566 -0.150843
0.474855 -0.152455
0.481145 -0.154055
0.487434 -0.155644
0.493724 -0.15722
0.500013 -0.158785
0.506303 -0.160338
0.512592 -0.161879
0.518882 -0.163408
0.525171 -0.164926
0.531461 -0.166431
0.53775 -0.167924
0.54404 -0.169405
0.550329 -0.170875
0.556619 -0.172332
0.562908 -0.173777
0.569197 -0.17521
0.575487 -0.176631
0.581776 -0.17804
0.588066 -0.179437
0.594355 -0.180821
0.600645 -0.182194
0.606934 -0.183554
0.613224 -0.184902
0.619513 -0.186238
0.625803 -0.187562
0.632092 -0.188873
0.638382 -0.190172
0.644671 -0.191459
0.650961 -0.192733
0.65725 -0.193996
0.66354 -0.195245
0.669829 -0.196483
0.676119 -0.197708
0.682408 -0.198921
0.688697 -0.200122
0.694987 -0.20131
0.701276 -0.202485
0.707566 -0.203649
0.713855 -0.2048
0.720145 -0.205938
0.726434 -0.207064
0.732724 -0.208178
0.739013 -0.209279
0.745303 -0.210368
0.751592 -0.211444
0.757882 -0.212508
0.764171 -0.213559
0.770461 -0.214598
0.77675 -0.215625
0.78304 -0.216639
0.789329 -0.21764
0.795619 -0.218629
0.801908 -0.219605
0.808198 -0.220569
0.814487 -0.221521
0.820776 -0.22246
0.827066 -0.223386
0.833355 -0.2243
0.839645 -0.225202
0.845934 -0.22609
0.852224 -0.226967
0.858513 -0.227831
0.864803 -0.228682
0.871092 -0.229521
0.877382 -0.230347
0.883671 -0.231161
0.889961 -0.231962
0.89625 -0.232751
0.90254 -0.233527
0.908829 -0.234291
0.915119 -0.235042
0.921408 -0.235781
0.927698 -0.236507
0.933987 -0.237221
0.940276 -0.237922
0.946566 -0.238611
0.952855 -0.239288
0.959145 -0.239952
0.965434 -0.240603
0.971724 -0.241242
0.978013 -0.241869
0.984303 -0.242483
0.990592 -0.243085
0.996882 -0.243674
1.00317 -0.244251
1.00946 -0.244815
1.01575 -0.245368
1.02204 -0.245907
1.02833 -0.246435
1.03462 -0.24695
1.04091 -0.247453
1.0472 -0.247943
1.05349 -0.248421
1.05978 -0.248887
1.06607 -0.24934
1.07236 -0.249782
1.07864 -0.250211
1.08493 -0.250627
1.09122 -0.251032
1.09751 -0.251424
1.1038 -0.251804
1.11009 -0.252172
1.11638 -0.252528
1.12267 -0.252872
1.12896 -0.253203
1.13525 -0.253523
1.14154 -0.25383
1.14783 -0.254125
1.15412 -0.254409
1.16041 -0.25468
1.1667 -0.254939
1.17299 -0.255186
1.17928 -0.255421
1.18557 -0.255645
1.19186 -0.255856
1.19814 -0.256056
1.20443 -0.256243
1.21072 -0.256419
1.21701 -0.256583
1.2233 -0.256735
1.22959 -0.256875
1.23588 -0.257004
1.24217 -0.257121
1.24846 -0.257226
1.25475 -0.257319
1.26104 -0.257401
1.26733 -0.257471
1.27362 -0.25753
1.27991 -0.257577
1.2862 -0.257612
1.29249 -0.257636
1.29878 -0.257649
1.30507 -0.25765
1.31136 -0.257639
1.31764 -0.257617
1.32393 -0.257584
1.33022 -0.25754
1.33651 -0.257484
1.3428 -0.257417
1.34909 -0.257338
1.35538 -0.257249
1.36167 -0.257148
1.36796 -0.257036
1.37425 -0.256914
1.38054 -0.25678
1.38683 -0.256635
1.39312 -0.256479
1.39941 -0.256312
1.4057 -0.256134
1.41199 -0.255945
1.41828 -0.255745
1.42457 -0.255535
1.43086 -0.255314
1.43714 -0.255082
1.44343 -0.254839
1.44972 -0.254586
1.45601 -0.254322
1.4623 -0.254047
1.46859 -0.253762
1.47488 -0.253467
1.48117 -0.253161
1.48746 -0.252844
1.49375 -0.252517
1.50004 -0.25218
1.50633 -0.251833
1.51262 -0.251475
1.51891 -0.251107
1.5252 -0.250729
1.53149 -0.250341
1.53778 -0.249943
1.54407 -0.249535
1.55036 -0.249117
1.55665 -0.248689
1.56293 -0.248251
1.56922 -0.247803
1.57551 -0.247345
1.5818 -0.246878
1.58809 -0.246401
1.59438 -0.245914
1.60067 -0.245418
1.60696 -0.244912
1.61325 -0.244397
1.61954 -0.243872
1.62583 -0.243338
1.63212 -0.242794
1.63841 -0.242241
1.6447 -0.241679
1.65099 -0.241108
1.65728 -0.240528
1.66357 -0.239938
1.66986 -0.23934
1.67615 -0.238733
1.68243 -0.238116
1.68872 -0.237491
1.69501 -0.236857
1.7013 -0.236214
1.70759 -0.235563
1.71388 -0.234903
1.72017 -0.234234
1.72646 -0.233557
1.73275 -0.232871
1.73904 -0.232177
1.74533 -0.231475
1.75162 -0.230764
1.75791 -0.230046
1.7642 -0.229318
1.77049 -0.228583
1.77678 -0.22784
1.78307 -0.227089
1.78936 -0.22633
1.79565 -0.225563
1.80193 -0.224788
1.80822 -0.224006
1.81451 -0.223215
1.8208 -0.222418
1.82709 -0.221612
1.83338 -0.220799
1.83967 -0.219979
1.84596 -0.219152
1.85225 -0.218317
1.85854 -0.217475
1.86483 -0.216626
1.87112 -0.215769
1.87741 -0.214906
1.8837 -0.214036
1.88999 -0.213159
1.89628 -0.212275
1.90257 -0.211384
1.90886 -0.210487
1.91515 -0.209583
1.92143 -0.208672
1.92772 -0.207755
1.93401 -0.206832
1.9403 -0.205902
1.94659 -0.204966
1.95288 -0.204024
1.95917 -0.203076
1.96546 -0.202122
1.97175 -0.201162
1.97804 -0.200196
1.98433 -0.199224
1.99062 -0.198246
1.99691 -0.197263
2.0032 -0.196274
2.00949 -0.19528
2.01578 -0.194281
2.02207 -0.193276
2.02836 -0.192265
2.03465 -0.19125
2.04093 -0.190229
2.04722 -0.189204
2.05351 -0.188173
2.0598 -0.187138
2.06609 -0.186097
2.07238 -0.185052
2.07867 -0.184003
2.08496 -0.182949
2.09125 -0.18189
2.09754 -0.180827
2.10383 -0.17976
2.11012 -0.178688
2.11641 -0.177613
2.1227 -0.176533
2.12899 -0.175449
2.13528 -0.174362
2.14157 -0.173271
2.14786 -0.172175
2.15415 -0.171077
2.16043 -0.169975
2.16672 -0.168869
2.17301 -0.16776
2.1793 -0.166648
2.18559 -0.165532
2.19188 -0.164414
2.19817 -0.163292
2.20446 -0.162167
2.21075 -0.16104
2.21704 -0.15991
2.22333 -0.158777
2.22962 -0.157642
2.23591 -0.156504
2.2422 -0.155364
2.24849 -0.154221
2.25478 -0.153077
2.26107 -0.15193
2.26736 -0.150781
2.27365 -0.14963
2.27993 -0.148478
2.28622 -0.147324
2.29251 -0.146168
2.2988 -0.145011
2.30509 -0.143852
2.31138 -0.142692
2.31767 -0.14153
2.32396 -0.140368
2.33025 -0.139204
2.33654 -0.138039
2.34283 -0.136874
2.34912 -0.135708
2.35541 -0.134541
2.3617 -0.133374
2.36799 -0.132206
2.37428 -0.131038
2.38057 -0.129869
2.38686 -0.128701
2.39315 -0.127532
2.39943 -0.126363
2.40572 -0.125195
2.41201 -0.124027
2.4183 -0.122859
2.42459 -0.121692
2.43088 -0.120525
2.43717 -0.119359
2.44346 -0.118194
2.44975 -0.117029
2.45604 -0.115866
2.46233 -0.114703
2.46862 -0.113542
2.47491 -0.112382
2.4812 -0.111224
2.48749 -0.110067
2.49378 -0.108912
2.50007 -0.107758
2.50636 -0.106607
2.51265 -0.105457
2.51893 -0.10431
2.52522 -0.103164
2.53151 -0.102021
2.5378 -0.10088
2.54409 -0.0997422
2.55038 -0.0986066
2.55667 -0.0974738
2.56296 -0.0963439
2.56925 -0.0952169
2.57554 -0.094093
2.58183 -0.0929723
2.58812 -0.091855
2.59441 -0.0907411
2.6007 -0.0896307
2.60699 -0.0885239
2.61328 -0.087421
2.61957 -0.0863219
2.62586 -0.0852269
2.63215 -0.084136
2.63843 -0.0830493
2.64472 -0.081967
2.65101 -0.0808892
2.6573 -0.079816
2.66359 -0.0787476
2.66988 -0.0776839
2.67617 -0.0766253
2.68246 -0.0755717
2.68875 -0.0745234
2.69504 -0.0734803
2.70133 -0.0724427
2.70762 -0.0714107
2.71391 -0.0703844
2.7202 -0.069364
2.72649 -0.0683494
2.73278 -0.067341
2.73907 -0.0663387
2.74536 -0.0653428
2.75165 -0.0643533
2.75793 -0.0633703
2.76422 -0.0623941
2.77051 -0.0614247
2.7768 -0.0604623
2.78309 -0.0595069
2.78938 -0.0585588
2.79567 -0.0576179
2.80196 -0.0566846
2.80825 -0.0557589
2.81454 -0.0548408
2.82083 -0.0539307
2.82712 -0.0530285
2.83341 -0.0521344
2.8397 -0.0512486
2.84599 -0.0503712
2.85228 -0.0495023
2.85857 -0.048642
2.86486 -0.0477905
2.87115 -0.046948
2.87743 -0.0461145
2.88372 -0.0452901
2.89001 -0.0444751
2.8963 -0.0436695
2.90259 -0.0428736
2.90888 -0.0420873
2.91517 -0.0413109
2.92146 -0.0405445
2.92775 -0.0397883
2.93404 -0.0390423
2.94033 -0.0383067
2.94662 -0.0375817
2.95291 -0.0368674
2.9592 -0.0361639
2.96549 -0.0354713
2.97178 -0.0347899
2.97807 -0.0341197
2.98436 -0.0334609
2.99065 -0.0328137
2.99693 -0.0321781
3.00322 -0.0315544
3.00951 -0.0309426
3.0158 -0.0303429
3.02209 -0.0297554
3.02838 -0.0291803
3.03467 -0.0286178
3.04096 -0.028068
3.04725 -0.027531
3.05354 -0.0270069
3.05983 -0.026496
3.06612 -0.0259983
3.07241 -0.025514
3.0787 -0.0250433
3.08499 -0.0245863
3.09128 -0.0241432
3.09757 -0.0237141
3.10386 -0.0232991
3.11015 -0.0228984
3.11643 -0.0225122
3.12272 -0.0221405
3.12901 -0.0217837
3.1353 -0.0214417
3.14159 -0.0211148
