-3.14159 1.4788
-3.1353 1.51523
-3.12901 1.55088
-3.12272 1.58577
-3.11643 1.6199
-3.11015 1.65328
-3.10386 1.68591
-3.09757 1.71781
-3.09128 1.74898
-3.08499 1.77942
-3.0787 1.80914
-3.07241 1.83815
-3.06612 1.86646
-3.05983 1.89407
-3.05354 1.92098
-3.04725 1.94721
-3.04096 1.97277
-3.03467 1.99765
-3.02838 2.02186
-3.02209 2.04542
-3.0158 2.06832
-3.00951 2.09057
-3.00322 2.11218
-2.99693 2.13316
-2.99065 2.15351
-2.98436 2.17324
-2.97807 2.19235
-2.97178 2.21085
-2.96549 2.22875
-2.9592 2.24605
-2.95291 2.26276
-2.94662 2.27888
-2.94033 2.29442
-2.93404 2.30939
-2.92775 2.32379
-2.92146 2.33763
-2.91517 2.35091
-2.90888 2.36364
-2.90259 2.37582
-2.8963 2.38747
-2.89001 2.39858
-2.88372 2.40916
-2.87743 2.41923
-2.87115 2.42877
-2.86486 2.43781
-2.85857 2.44634
-2.85228 2.45437
-2.84599 2.4619
-2.8397 2.46895
-2.83341 2.47551
-2.82712 2.4816
-2.82083 2.48721
-2.81454 2.49236
-2.80825 2.49704
-2.80196 2.50127
-2.79567 2.50505
-2.78938 2.50838
-2.78309 2.51127
-2.7768 2.51372
-2.77051 2.51575
-2.76422 2.51735
-2.75793 2.51852
-2.75165 2.51929
-2.74536 2.51964
-2.73907 2.51959
-2.73278 2.51914
-2.72649 2.51829
-2.7202 2.51705
-2.71391 2.51543
-2.70762 2.51343
-2.70133 2.51105
-2.69504 2.50831
-2.68875 2.50519
-2.68246 2.50172
-2.67617 2.49789
-2.66988 2.4937
-2.66359 2.48918
-2.6573 2.4843
-2.65101 2.4791
-2.64472 2.47355
-2.63843 2.46768
-2.63215 2.46149
-2.62586 2.45498
-2.61957 2.44815
-2.61328 2.44101
-2.60699 2.43357
-2.6007 2.42583
-2.59441 2.41778
-2.58812 2.40945
-2.58183 2.40083
-2.57554 2.39192
-2.56925 2.38274
-2.56296 2.37328
-2.55667 2.36354
-2.55038 2.35355
-2.54409 2.34328
-2.5378 2.33277
-2.53151 2.32199
-2.52522 2.31097
-2.51893 2.2997
-2.51265 2.28818
-2.50636 2.27643
-2.50007 2.26445
-2.49378 2.25224
-2.48749 2.2398
-2.4812 2.22713
-2.47491 2.21425
-2.46862 2.20116
-2.46233 2.18785
-2.45604 2.17434
-2.44975 2.16063
-2.44346 2.14671
-2.43717 2.1326
-2.43088 2.1183
-2.42459 2.10382
-2.4183 2.08914
-2.41201 2.07429
-2.40572 2.05926
-2.39943 2.04406
-2.39315 2.02869
-2.38686 2.01315
-2.38057 1.99745
-2.37428 1.98159
-2.36799 1.96557
-2.3617 1.94941
-2.35541 1.93309
-2.34912 1.91663
-2.34283 1.90003
-2.33654 1.88329
-2.33025 1.86641
-2.32396 1.8494
-2.31767 1.83227
-2.31138 1.81501
-2.30509 1.79763
-2.2988 1.78012
-2.29251 1.76251
-2.28622 1.74478
-2.27993 1.72694
-2.27365 1.709
-2.26736 1.69095
-2.26107 1.6728
-2.25478 1.65456
-2.24849 1.63622
-2.2422 1.6178
-2.23591 1.59928
-2.22962 1.58068
-2.22333 1.562
-2.21704 1.54324
-2.21075 1.52441
-2.20446 1.5055
-2.19817 1.48652
-2.19188 1.46748
-2.18559 1.44837
-2.1793 1.42919
-2.17301 1.40996
-2.16672 1.39068
-2.16043 1.37134
-2.15415 1.35195
-2.14786 1.33251
-2.14157 1.31303
-2.13528 1.2935
-2.12899 1.27394
-2.1227 1.25433
-2.11641 1.23469
-2.11012 1.21502
-2.10383 1.19532
-2.09754 1.1756
-2.09125 1.15585
-2.08496 1.13607
-2.07867 1.11628
-2.07238 1.09647
-2.06609 1.07664
-2.0598 1.0568
-2.05351 1.03695
-2.04722 1.0171
-2.04093 0.997235
-2.03465 0.977369
-2.02836 0.957503
-2.02207 0.937638
-2.01578 0.917777
-2.00949 0.897921
-2.0032 0.878074
-1.99691 0.858236
-1.99062 0.838411
-1.98433 0.818601
-1.97804 0.798807
-1.97175 0.779032
-1.96546 0.759277
-1.95917 0.739546
-1.95288 0.719839
-1.94659 0.700159
-1.9403 0.680508
-1.93401 0.660888
-1.92772 0.641301
-1.92143 0.621749
-1.91515 0.602233
-1.90886 0.582756
-1.90257 0.56332
-1.89628 0.543925
-1.88999 0.524575
-1.8837 0.505271
-1.87741 0.486015
-1.87112 0.466808
-1.86483 0.447653
-1.85854 0.428551
-1.85225 0.409504
-1.84596 0.390513
-1.83967 0.371581
-1.83338 0.352708
-1.82709 0.333897
-1.8208 0.315149
-1.81451 0.296466
-1.80822 0.27785
-1.80193 0.259301
-1.79565 0.240822
-1.78936 0.222414
-1.78307 0.204079
-1.77678 0.185818
-1.77049 0.167633
-1.7642 0.149524
-1.75791 0.131494
-1.75162 0.113544
-1.74533 0.095676
-1.73904 0.0778903
-1.73275 0.0601887
-1.72646 0.0425727
-1.72017 0.0250436
-1.71388 0.00760264
-1.70759 -0.00974878
-1.7013 -0.0270094
-1.69501 -0.0441779
-1.68872 -0.0612531
-1.68243 -0.0782338
-1.67615 -0.0951186
-1.66986 -0.111906
-1.66357 -0.128596
-1.65728 -0.145186
-1.65099 -0.161676
-1.6447 -0.178064
-1.63841 -0.194349
-1.63212 -0.210531
-1.62583 -0.226607
-1.61954 -0.242578
-1.61325 -0.258441
-1.60696 -0.274196
-1.60067 -0.289842
-1.59438 -0.305378
-1.58809 -0.320802
-1.5818 -0.336115
-1.57551 -0.351314
-1.56922 -0.3664
-1.56293 -0.38137
-1.55665 -0.396225
-1.55036 -0.410963
-1.54407 -0.425583
-1.53778 -0.440085
-1.53149 -0.454467
-1.5252 -0.468729
-1.51891 -0.48287
-1.51262 -0.49689
-1.50633 -0.510787
-1.50004 -0.52456
-1.49375 -0.53821
-1.48746 -0.551734
-1.48117 -0.565134
-1.47488 -0.578406
-1.46859 -0.591552
-1.4623 -0.604571
-1.45601 -0.617461
-1.44972 -0.630222
-1.44343 -0.642853
-1.43714 -0.655355
-1.43086 -0.667725
-1.42457 -0.679964
-1.41828 -0.692072
-1.41199 -0.704046
-1.4057 -0.715888
-1.39941 -0.727596
-1.39312 -0.73917
-1.38683 -0.75061
-1.38054 -0.761914
-1.37425 -0.773083
-1.36796 -0.784116
-1.36167 -0.795012
-1.35538 -0.805772
-1.34909 -0.816394
-1.3428 -0.826879
-1.33651 -0.837225
-1.33022 -0.847433
-1.32393 -0.857502
-1.31764 -0.867432
-1.31136 -0.877223
-1.30507 -0.886873
-1.29878 -0.896384
-1.29249 -0.905754
-1.2862 -0.914983
-1.27991 -0.924071
-1.27362 -0.933018
-1.26733 -0.941824
-1.26104 -0.950488
-1.25475 -0.95901
-1.24846 -0.967389
-1.24217 -0.975627
-1.23588 -0.983722
-1.22959 -0.991674
-1.2233 -0.999483
-1.21701 -1.00715
-1.21072 -1.01467
-1.20443 -1.02205
-1.19814 -1.02929
-1.19186 -1.03638
-1.18557 -1.04333
-1.17928 -1.05014
-1.17299 -1.0568
-1.1667 -1.06332
-1.16041 -1.0697
-1.15412 -1.07593
-1.14783 -1.08202
-1.14154 -1.08796
-1.13525 -1.09376
-1.12896 -1.09942
-1.12267 -1.10493
-1.11638 -1.1103
-1.11009 -1.11553
-1.1038 -1.12061
-1.09751 -1.12555
-1.09122 -1.13035
-1.08493 -1.135
-1.07864 -1.13951
-1.07236 -1.14388
-1.06607 -1.14811
-1.05978 -1.15219
-1.05349 -1.15613
-1.0472 -1.15993
-1.04091 -1.16358
-1.03462 -1.1671
-1.02833 -1.17047
-1.02204 -1.1737
-1.01575 -1.17679
-1.00946 -1.17974
-1.00317 -1.18255
-0.996882 -1.18521
-0.990592 -1.18774
-0.984303 -1.19013
-0.978013 -1.19238
-0.971724 -1.19449
-0.965434 -1.19645
-0.959145 -1.19829
-0.952855 -1.19998
-0.946566 -1.20153
-0.940276 -1.20295
-0.933987 -1.20423
-0.927698 -1.20537
-0.921408 -1.20638
-0.915119 -1.20725
-0.908829 -1.20798
-0.90254 -1.20858
-0.89625 -1.20905
-0.889961 -1.20937
-0.883671 -1.20957
-0.877382 -1.20963
-0.871092 -1.20956
-0.864803 -1.20936
-0.858513 -1.20902
-0.852224 -1.20855
-0.845934 -1.20795
-0.839645 -1.20722
-0.833355 -1.20636
-0.827066 -1.20537
-0.820776 -1.20425
-0.814487 -1.203
-0.808198 -1.20163
-0.801908 -1.20012
-0.795619 -1.19849
-0.789329 -1.19673
-0.78304 -1.19485
-0.77675 -1.19284
-0.770461 -1.19071
-0.764171 -1.18845
-0.757882 -1.18607
-0.751592 -1.18356
-0.745303 -1.18094
-0.739013 -1.17819
-0.732724 -1.17532
-0.726434 -1.17233
-0.720145 -1.16922
-0.713855 -1.16599
-0.707566 -1.16265
-0.701276 -1.15918
-0.694987 -1.1556
-0.688697 -1.1519
-0.682408 -1.14809
-0.676119 -1.14416
-0.669829 -1.14012
-0.66354 -1.13596
-0.65725 -1.13169
-0.650961 -1.12731
-0.644671 -1.12282
-0.638382 -1.11821
-0.632092 -1.1135
-0.625803 -1.10868
-0.619513 -1.10375
-0.613224 -1.09871
-0.606934 -1.09356
-0.600645 -1.08831
-0.594355 -1.08295
-0.588066 -1.07749
-0.581776 -1.07193
-0.575487 -1.06626
-0.569197 -1.06049
-0.562908 -1.05462
-0.556619 -1.04865
-0.550329 -1.04258
-0.54404 -1.03641
-0.53775 -1.03014
-0.531461 -1.02378
-0.525171 -1.01732
-0.518882 -1.01076
-0.512592 -1.00411
-0.506303 -0.99737
-0.500013 -0.990534
-0.493724 -0.983606
-0.487434 -0.976587
-0.481145 -0.969478
-0.474855 -0.96228
-0.468566 -0.954994
-0.462276 -0.947621
-0.455987 -0.940161
-0.449697 -0.932615
-0.443408 -0.924985
-0.437118 -0.917272
-0.430829 -0.909475
-0.42454 -0.901597
-0.41825 -0.893638
-0.411961 -0.885599
-0.405671 -0.877482
-0.399382 -0.869286
-0.393092 -0.861013
-0.386803 -0.852664
-0.380513 -0.84424
-0.374224 -0.835742
-0.367934 -0.827171
-0.361645 -0.818527
-0.355355 -0.809812
-0.349066 -0.801027
-0.342776 -0.792173
-0.336487 -0.783251
-0.330197 -0.774261
-0.323908 -0.765205
-0.317618 -0.756084
-0.311329 -0.746899
-0.30504 -0.73765
-0.29875 -0.728339
-0.292461 -0.718967
-0.286171 -0.709535
-0.279882 -0.700044
-0.273592 -0.690494
-0.267303 -0.680888
-0.261013 -0.671225
-0.254724 -0.661507
-0.248434 -0.651736
-0.242145 -0.641911
-0.235855 -0.632034
-0.229566 -0.622107
-0.223276 -0.61213
-0.216987 -0.602104
-0.210697 -0.59203
-0.204408 -0.581909
-0.198118 -0.571743
-0.191829 -0.561533
-0.18554 -0.551279
-0.17925 -0.540982
-0.172961 -0.530644
-0.166671 -0.520266
-0.160382 -0.509849
-0.154092 -0.499393
-0.147803 -0.488901
-0.141513 -0.478372
-0.135224 -0.467808
-0.128934 -0.457211
-0.122645 -0.446581
-0.116355 -0.435919
-0.110066 -0.425227
-0.103776 -0.414505
-0.0974869 -0.403754
-0.0911974 -0.392977
-0.0849079 -0.382173
-0.0786184 -0.371343
-0.072329 -0.36049
-0.0660395 -0.349614
-0.05975 -0.338716
-0.0534605 -0.327797
-0.0471711 -0.316858
-0.0408816 -0.305901
-0.0345921 -0.294926
-0.0283026 -0.283935
-0.0220132 -0.272928
-0.0157237 -0.261907
-0.00943421 -0.250873
-0.00314474 -0.239827
0.00314474 -0.22877
0.00943421 -0.217704
0.0157237 -0.206628
0.0220132 -0.195545
0.0283026 -0.184455
0.0345921 -0.17336
0.0408816 -0.16226
0.0471711 -0.151157
0.0534605 -0.140052
0.05975 -0.128946
0.0660395 -0.11784
0.072329 -0.106735
0.0786184 -0.095632
0.0849079 -0.0845325
0.0911974 -0.0734374
0.0974869 -0.0623478
0.103776 -0.0512647
0.110066 -0.0401894
0.116355 -0.0291228
0.122645 -0.0180661
0.128934 -0.00702032
0.135224 0.00401342
0.141513 0.015034
0.147803 0.0260405
0.154092 0.0370316
0.160382 0.0480064
0.166671 0.0589637
0.172961 0.0699024
0.17925 0.0808216
0.18554 0.0917201
0.191829 0.102597
0.198118 0.113451
0.204408 0.124281
0.210697 0.135086
0.216987 0.145865
0.223276 0.156616
0.229566 0.16734
0.235855 0.178034
0.242145 0.188699
0.248434 0.199331
0.254724 0.209932
0.261013 0.220499
0.267303 0.231031
0.273592 0.241528
0.279882 0.251988
0.286171 0.26241
0.292461 0.272794
0.29875 0.283138
0.30504 0.293442
0.311329 0.303703
0.317618 0.313922
0.323908 0.324097
0.330197 0.334227
0.336487 0.344311
0.342776 0.354348
0.349066 0.364338
0.355355 0.374278
0.361645 0.384168
0.367934 0.394008
0.374224 0.403795
0.380513 0.41353
0.386803 0.42321
0.393092 0.432836
0.399382 0.442406
0.405671 0.451919
0.411961 0.461374
0.41825 0.47077
0.42454 0.480107
0.430829 0.489382
0.437118 0.498596
0.443408 0.507747
0.449697 0.516835
0.455987 0.525858
0.462276 0.534815
0.468566 0.543706
0.474855 0.552529
0.481145 0.561285
0.487434 0.56997
0.493724 0.578586
0.500013 0.587131
0.506303 0.595603
0.512592 0.604003
0.518882 0.612329
0.525171 0.62058
0.531461 0.628755
0.53775 0.636854
0.54404 0.644875
0.550329 0.652818
0.556619 0.660682
0.562908 0.668466
0.569197 0.67617
0.575487 0.683791
0.581776 0.69133
0.588066 0.698785
0.594355 0.706157
0.600645 0.713443
0.606934 0.720643
0.613224 0.727756
0.619513 0.734782
0.625803 0.74172
0.632092 0.748568
0.638382 0.755326
0.644671 0.761994
0.650961 0.76857
0.65725 0.775054
0.66354 0.781445
0.669829 0.787742
0.676119 0.793944
0.682408 0.800051
0.688697 0.806062
0.694987 0.811975
0.701276 0.817792
0.707566 0.82351
0.713855 0.829129
0.720145 0.834648
0.726434 0.840067
0.732724 0.845385
0.739013 0.850601
0.745303 0.855714
0.751592 0.860725
0.757882 0.865631
0.764171 0.870433
0.770461 0.87513
0.77675 0.879721
0.78304 0.884205
0.789329 0.888583
0.795619 0.892853
0.801908 0.897014
0.808198 0.901067
0.814487 0.90501
0.820776 0.908843
0.827066 0.912565
0.833355 0.916176
0.839645 0.919675
0.845934 0.923062
0.852224 0.926336
0.858513 0.929496
0.864803 0.932543
0.871092 0.935474
0.877382 0.938291
0.883671 0.940992
0.889961 0.943578
0.89625 0.946046
0.90254 0.948398
0.908829 0.950632
0.915119 0.952748
0.921408 0.954746
0.927698 0.956625
0.933987 0.958384
0.940276 0.960024
0.946566 0.961544
0.952855 0.962943
0.959145 0.964221
0.965434 0.965378
0.971724 0.966413
0.978013 0.967326
0.984303 0.968117
0.990592 0.968785
0.996882 0.969329
1.00317 0.96975
1.00946 0.970048
1.01575 0.970221
1.02204 0.97027
1.02833 0.970194
1.03462 0.969993
1.04091 0.969667
1.0472 0.969215
1.05349 0.968638
1.05978 0.967935
1.06607 0.967105
1.07236 0.966149
1.07864 0.965066
1.08493 0.963857
1.09122 0.96252
1.09751 0.961056
1.1038 0.959465
1.11009 0.957746
1.11638 0.955899
1.12267 0.953925
1.12896 0.951823
1.13525 0.949592
1.14154 0.947234
1.14783 0.944747
1.15412 0.942132
1.16041 0.939388
1.1667 0.936516
1.17299 0.933516
1.17928 0.930387
1.18557 0.927129
1.19186 0.923743
1.19814 0.920229
1.20443 0.916585
1.21072 0.912814
1.21701 0.908914
1.2233 0.904885
1.22959 0.900728
1.23588 0.896443
1.24217 0.89203
1.24846 0.887489
1.25475 0.882819
1.26104 0.878022
1.26733 0.873097
1.27362 0.868045
1.27991 0.862865
1.2862 0.857558
1.29249 0.852124
1.29878 0.846563
1.30507 0.840876
1.31136 0.835062
1.31764 0.829122
1.32393 0.823056
1.33022 0.816865
1.33651 0.810548
1.3428 0.804106
1.34909 0.79754
1.35538 0.790849
1.36167 0.784033
1.36796 0.777095
1.37425 0.770032
1.38054 0.762847
1.38683 0.755539
1.39312 0.748109
1.39941 0.740557
1.4057 0.732884
1.41199 0.72509
1.41828 0.717175
1.42457 0.70914
1.43086 0.700986
1.43714 0.692713
1.44343 0.684321
1.44972 0.675812
1.45601 0.667184
1.4623 0.65844
1.46859 0.64958
1.47488 0.640604
1.48117 0.631513
1.48746 0.622307
1.49375 0.612987
1.50004 0.603555
1.50633 0.594009
1.51262 0.584352
1.51891 0.574583
1.5252 0.564704
1.53149 0.554715
1.53778 0.544618
1.54407 0.534411
1.55036 0.524098
1.55665 0.513677
1.56293 0.503151
1.56922 0.492519
1.57551 0.481783
1.5818 0.470944
1.58809 0.460002
1.59438 0.448958
1.60067 0.437813
1.60696 0.426569
1.61325 0.415225
1.61954 0.403783
1.62583 0.392244
1.63212 0.380609
1.63841 0.368879
1.6447 0.357055
1.65099 0.345137
1.65728 0.333128
1.66357 0.321027
1.66986 0.308836
1.67615 0.296557
1.68243 0.284189
1.68872 0.271735
1.69501 0.259195
1.7013 0.246571
1.70759 0.233864
1.71388 0.221074
1.72017 0.208204
1.72646 0.195254
1.73275 0.182226
1.73904 0.169121
1.74533 0.155939
1.75162 0.142684
1.75791 0.129354
1.7642 0.115953
1.77049 0.102482
1.77678 0.0889409
1.78307 0.0753322
1.78936 0.061657
1.79565 0.0479168
1.80193 0.0341129
1.80822 0.0202469
1.81451 0.00632015
1.8208 -0.00766581
1.82709 -0.0217095
1.83338 -0.0358094
1.83967 -0.0499639
1.84596 -0.0641715
1.85225 -0.0784307
1.85854 -0.0927398
1.86483 -0.107097
1.87112 -0.121501
1.87741 -0.13595
1.8837 -0.150443
1.88999 -0.164977
1.89628 -0.179551
1.90257 -0.194164
1.90886 -0.208813
1.91515 -0.223496
1.92143 -0.238213
1.92772 -0.25296
1.93401 -0.267738
1.9403 -0.282542
1.94659 -0.297372
1.95288 -0.312226
1.95917 -0.327102
1.96546 -0.341998
1.97175 -0.356912
1.97804 -0.371841
1.98433 -0.386785
1.99062 -0.401741
1.99691 -0.416707
2.0032 -0.431681
2.00949 -0.446661
2.01578 -0.461645
2.02207 -0.476631
2.02836 -0.491616
2.03465 -0.506599
2.04093 -0.521577
2.04722 -0.536549
2.05351 -0.551511
2.0598 -0.566463
2.06609 -0.5814
2.07238 -0.596323
2.07867 -0.611227
2.08496 -0.626111
2.09125 -0.640972
2.09754 -0.655808
2.10383 -0.670617
2.11012 -0.685396
2.11641 -0.700143
2.1227 -0.714856
2.12899 -0.729532
2.13528 -0.744168
2.14157 -0.758762
2.14786 -0.773312
2.15415 -0.787815
2.16043 -0.802268
2.16672 -0.816669
2.17301 -0.831016
2.1793 -0.845305
2.18559 -0.859534
2.19188 -0.8737
2.19817 -0.887802
2.20446 -0.901835
2.21075 -0.915797
2.21704 -0.929686
2.22333 -0.943499
2.22962 -0.957232
2.23591 -0.970884
2.2422 -0.984451
2.24849 -0.99793
2.25478 -1.01132
2.26107 -1.02461
2.26736 -1.03781
2.27365 -1.05091
2.27993 -1.06391
2.28622 -1.0768
2.29251 -1.08959
2.2988 -1.10226
2.30509 -1.11482
2.31138 -1.12726
2.31767 -1.13958
2.32396 -1.15178
2.33025 -1.16385
2.33654 -1.17579
2.34283 -1.1876
2.34912 -1.19927
2.35541 -1.2108
2.3617 -1.22218
2.36799 -1.23342
2.37428 -1.24452
2.38057 -1.25546
2.38686 -1.26624
2.39315 -1.27686
2.39943 -1.28732
2.40572 -1.29761
2.41201 -1.30774
2.4183 -1.31768
2.42459 -1.32746
2.43088 -1.33705
2.43717 -1.34646
2.44346 -1.35568
2.44975 -1.3647
2.45604 -1.37354
2.46233 -1.38217
2.46862 -1.3906
2.47491 -1.39883
2.4812 -1.40685
2.48749 -1.41465
2.49378 -1.42224
2.50007 -1.4296
2.50636 -1.43674
2.51265 -1.44365
2.51893 -1.45033
2.52522 -1.45677
2.53151 -1.46297
2.5378 -1.46893
2.54409 -1.47464
2.55038 -1.48009
2.55667 -1.48529
2.56296 -1.49023
2.56925 -1.4949
2.57554 -1.49931
2.58183 -1.50344
2.58812 -1.50729
2.59441 -1.51087
2.6007 -1.51415
2.60699 -1.51715
2.61328 -1.51986
2.61957 -1.52226
2.62586 -1.52437
2.63215 -1.52616
2.63843 -1.52765
2.64472 -1.52882
2.65101 -1.52967
2.6573 -1.53019
2.66359 -1.53039
2.66988 -1.53025
2.67617 -1.52977
2.68246 -1.52895
2.68875 -1.52778
2.69504 -1.52627
2.70133 -1.52439
2.70762 -1.52216
2.71391 -1.51955
2.7202 -1.51658
2.72649 -1.51323
2.73278 -1.5095
2.73907 -1.50539
2.74536 -1.50089
2.75165 -1.49599
2.75793 -1.49069
2.76422 -1.48499
2.77051 -1.47888
2.7768 -1.47236
2.78309 -1.46541
2.78938 -1.45804
2.79567 -1.45025
2.80196 -1.44201
2.80825 -1.43334
2.81454 -1.42422
2.82083 -1.41466
2.82712 -1.40463
2.83341 -1.39415
2.8397 -1.3832
2.84599 -1.37179
2.85228 -1.35989
2.85857 -1.34752
2.86486 -1.33465
2.87115 -1.3213
2.87743 -1.30744
2.88372 -1.29309
2.89001 -1.27822
2.8963 -1.26285
2.90259 -1.24695
2.90888 -1.23052
2.91517 -1.21357
2.92146 -1.19608
2.92775 -1.17805
2.93404 -1.15947
2.94033 -1.14033
2.94662 -1.12064
2.95291 -1.10038
2.9592 -1.07956
2.96549 -1.05815
2.97178 -1.03616
2.97807 -1.01359
2.98436 -0.990418
2.99065 -0.966648
2.99693 -0.942272
3.00322 -0.917284
3.00951 -0.891678
3.0158 -0.865447
3.02209 -0.838586
3.02838 -0.811089
3.03467 -0.782949
3.04096 -0.75416
3.04725 -0.724717
3.05354 -0.694612
3.05983 -0.663839
3.06612 -0.632392
3.07241 -0.600266
3.0787 -0.567452
3.08499 -0.533946
3.09128 -0.499741
3.09757 -0.464829
3.10386 -0.429205
3.11015 -0.392862
3.11643 -0.355794
3.12272 -0.317994
3.12901 -0.279455
3.1353 -0.24017
3.14159 -0.200134
