-3.12964 1.38568
-3.03455 0.610402
-2.84725 -0.875874
-2.57344 -2.14057
-2.22144 -1.43765
-1.80194 0.923657
-1.32769 1.34911
-0.813104 -0.680842
-0.273808 -0.835028
0.273808 0.701453
0.813104 0.405732
1.32769 -0.579384
1.80194 -0.293298
2.22144 0.349517
2.57344 0.415932
2.84725 0.142966
3.03455 -0.0884348
3.12964 -0.188964
-3.12964 1.38568
-3.03455 0.610402
-2.84725 -0.875874
-2.57344 -2.14057
-2.22144 -1.43765
-1.80194 0.923657
-1.32769 1.34911
-0.813104 -0.680842
-0.273808 -0.835028
0.273808 0.701453
0.813104 0.405732
1.32769 -0.579384
1.80194 -0.293298
2.22144 0.349517
2.57344 0.415932
2.84725 0.142966
3.03455 -0.0884348
3.12964 -0.188964
-3.12964 1.38568
-3.03455 0.610402
-2.84725 -0.875874
-2.57344 -2.14057
-2.22144 -1.43765
-1.80194 0.923657
-1.32769 1.34911
-0.813104 -0.680842
-0.273808 -0.835028
0.273808 0.701453
0.813104 0.405732
1.32769 -0.579384
1.80194 -0.293298
2.22144 0.349517
2.57344 0.415932
2.84725 0.142966
3.03455 -0.0884348
3.12964 -0.188964
