-3.14159 1.4788
-3.07813 0.971261
-3.01466 0.444715
-2.95119 -0.0788858
-2.88773 -0.578576
-2.82426 -1.03519
-2.76079 -1.43204
-2.69733 -1.75552
-2.63386 -1.99552
-2.57039 -2.14567
-2.50693 -2.20349
-2.44346 -2.17031
-2.37999 -2.05107
-2.31653 -1.85397
-2.25306 -1.59004
-2.18959 -1.27254
-2.12613 -0.916383
-2.06266 -0.537435
-1.9992 -0.151856
-1.93573 0.224568
-1.87226 0.577046
-1.8088 0.892334
-1.74533 1.15921
-1.68186 1.36885
-1.6184 1.51508
-1.55493 1.59452
-1.49146 1.60662
-1.428 1.55356
-1.36453 1.44005
-1.30106 1.27306
-1.2376 1.06143
-1.17413 0.815446
-1.11066 0.546374
-1.0472 0.265959
-0.983731 -0.0140591
-0.920265 -0.282423
-0.856798 -0.528789
-0.793331 -0.744111
-0.729865 -0.920948
-0.666398 -1.05371
-0.602932 -1.13878
-0.539465 -1.17464
-0.475999 -1.16179
-0.412532 -1.10268
-0.349066 -1.00151
-0.285599 -0.864029
-0.222133 -0.697204
-0.158666 -0.508916
-0.0951998 -0.307595
-0.0317333 -0.101862
0.0317333 0.099825
0.0951998 0.289507
0.158666 0.460022
0.222133 0.605264
0.285599 0.720387
0.349066 0.801948
0.412532 0.847993
0.475999 0.858075
0.539465 0.833211
0.602932 0.775786
0.666398 0.689403
0.729865 0.578684
0.793331 0.449052
0.856798 0.306475
0.920265 0.157204
0.983731 0.00751578
1.0472 -0.136548
1.11066 -0.269409
1.17413 -0.386163
1.2376 -0.482747
1.30106 -0.556071
1.36453 -0.604103
1.428 -0.625913
1.49146 -0.621659
1.55493 -0.592546
1.6184 -0.54073
1.68186 -0.469196
1.74533 -0.381604
1.8088 -0.282118
1.87226 -0.175213
1.93573 -0.0654874
1.9992 0.0425299
2.06266 0.144557
2.12613 0.236725
2.18959 0.315712
2.25306 0.378861
2.31653 0.424257
2.37999 0.450774
2.44346 0.458093
2.50693 0.446679
2.57039 0.417734
2.63386 0.373117
2.69733 0.315245
2.76079 0.246973
2.82426 0.171461
2.88773 0.0920366
2.95119 0.0120518
3.01466 -0.0652509
3.07813 -0.136866
3.14159 -0.200134
