-3.14159 1.4788
-3.01336 0.433926
-2.88514 -0.598179
-2.75691 -1.45407
-2.62868 -2.0112
-2.50045 -2.20422
-2.37222 -2.03092
-2.24399 -1.54763
-2.11577 -0.855643
-1.98754 -0.0815763
-1.85931 0.644809
-1.73108 1.21152
-1.60285 1.54078
-1.47463 1.59874
-1.3464 1.39744
-1.21817 0.989271
-1.08994 0.455481
-0.961712 -0.109034
-0.833484 -0.611926
-0.705255 -0.977901
-0.577027 -1.15938
-0.448799 -1.14192
-0.320571 -0.943885
-0.192342 -0.610992
-0.0641141 -0.206847
0.0641141 0.198574
0.192342 0.540575
0.320571 0.76964
0.448799 0.858125
0.577027 0.802952
0.705255 0.624174
0.833484 0.359962
0.961712 0.0591111
1.08994 -0.227574
1.21817 -0.455528
1.3464 -0.593036
1.47463 -0.625278
1.60285 -0.55537
1.73108 -0.402457
1.85931 -0.19741
1.98754 0.023017
2.11577 0.222497
2.24399 0.370891
2.37222 0.448559
2.50045 0.448672
2.62868 0.377292
2.75691 0.251394
2.88514 0.095312
3.01336 -0.0637205
3.14159 -0.200134
