-3.14159 1.4788
-3.1353 1.43107
-3.12901 1.38281
-3.12272 1.33407
-3.11643 1.28487
-3.11015 1.23525
-3.10386 1.18523
-3.09757 1.13485
-3.09128 1.08414
-3.08499 1.03312
-3.0787 0.981834
-3.07241 0.930297
-3.06612 0.878541
-3.05983 0.826593
-3.05354 0.77448
-3.04725 0.722229
-3.04096 0.669865
-3.03467 0.617414
-3.02838 0.564901
-3.02209 0.51235
-3.0158 0.459787
-3.00951 0.407235
-3.00322 0.354717
-2.99693 0.302258
-2.99065 0.249879
-2.98436 0.197605
-2.97807 0.145456
-2.97178 0.0934556
-2.96549 0.0416251
-2.9592 -0.010014
-2.95291 -0.0614407
-2.94662 -0.112634
-2.94033 -0.163574
-2.93404 -0.214239
-2.92775 -0.264611
-2.92146 -0.314668
-2.91517 -0.364393
-2.90888 -0.413765
-2.90259 -0.462767
-2.8963 -0.511379
-2.89001 -0.559583
-2.88372 -0.607361
-2.87743 -0.654696
-2.87115 -0.70157
-2.86486 -0.747967
-2.85857 -0.793869
-2.85228 -0.839259
-2.84599 -0.884123
-2.8397 -0.928443
-2.83341 -0.972205
-2.82712 -1.01539
-2.82083 -1.05799
-2.81454 -1.09999
-2.80825 -1.14136
-2.80196 -1.18211
-2.79567 -1.22221
-2.78938 -1.26165
-2.78309 -1.30041
-2.7768 -1.3385
-2.77051 -1.37588
-2.76422 -1.41256
-2.75793 -1.44851
-2.75165 -1.48374
-2.74536 -1.51821
-2.73907 -1.55194
-2.73278 -1.5849
-2.72649 -1.61708
-2.7202 -1.64848
-2.71391 -1.67909
-2.70762 -1.70889
-2.70133 -1.73788
-2.69504 -1.76605
-2.68875 -1.79339
-2.68246 -1.8199
-2.67617 -1.84557
-2.66988 -1.87038
-2.66359 -1.89434
-2.6573 -1.91744
-2.65101 -1.93967
-2.64472 -1.96103
-2.63843 -1.9815
-2.63215 -2.0011
-2.62586 -2.01981
-2.61957 -2.03762
-2.61328 -2.05454
-2.60699 -2.07057
-2.6007 -2.08569
-2.59441 -2.09991
-2.58812 -2.11323
-2.58183 -2.12564
-2.57554 -2.13714
-2.56925 -2.14773
-2.56296 -2.15741
-2.55667 -2.16618
-2.55038 -2.17404
-2.54409 -2.18099
-2.5378 -2.18703
-2.53151 -2.19217
-2.52522 -2.1964
-2.51893 -2.19972
-2.51265 -2.20215
-2.50636 -2.20367
-2.50007 -2.2043
-2.49378 -2.20404
-2.48749 -2.20289
-2.4812 -2.20085
-2.47491 -2.19793
-2.46862 -2.19414
-2.46233 -2.18948
-2.45604 -2.18395
-2.44975 -2.17756
-2.44346 -2.17031
-2.43717 -2.16222
-2.43088 -2.15329
-2.42459 -2.14353
-2.4183 -2.13293
-2.41201 -2.12152
-2.40572 -2.1093
-2.39943 -2.09628
-2.39315 -2.08246
-2.38686 -2.06785
-2.38057 -2.05247
-2.37428 -2.03632
-2.36799 -2.01941
-2.3617 -2.00176
-2.35541 -1.98336
-2.34912 -1.96424
-2.34283 -1.94441
-2.33654 -1.92386
-2.33025 -1.90262
-2.32396 -1.8807
-2.31767 -1.85811
-2.31138 -1.83485
-2.30509 -1.81095
-2.2988 -1.78641
-2.29251 -1.76125
-2.28622 -1.73548
-2.27993 -1.70911
-2.27365 -1.68215
-2.26736 -1.65462
-2.26107 -1.62654
-2.25478 -1.59791
-2.24849 -1.56874
-2.2422 -1.53907
-2.23591 -1.50888
-2.22962 -1.47821
-2.22333 -1.44707
-2.21704 -1.41546
-2.21075 -1.38341
-2.20446 -1.35093
-2.19817 -1.31803
-2.19188 -1.28473
-2.18559 -1.25104
-2.1793 -1.21699
-2.17301 -1.18257
-2.16672 -1.14782
-2.16043 -1.11275
-2.15415 -1.07736
-2.14786 -1.04168
-2.14157 -1.00572
-2.13528 -0.9695
-2.12899 -0.933032
-2.1227 -0.896333
-2.11641 -0.859418
-2.11012 -0.822304
-2.10383 -0.785005
-2.09754 -0.747539
-2.09125 -0.70992
-2.08496 -0.672164
-2.07867 -0.634288
-2.07238 -0.596307
-2.06609 -0.558237
-2.0598 -0.520093
-2.05351 -0.481891
-2.04722 -0.443648
-2.04093 -0.405378
-2.03465 -0.367097
-2.02836 -0.328821
-2.02207 -0.290565
-2.01578 -0.252344
-2.00949 -0.214174
-2.0032 -0.17607
-1.99691 -0.138047
-1.99062 -0.10012
-1.98433 -0.0623045
-1.97804 -0.0246148
-1.97175 0.0129344
-1.96546 0.0503283
-1.95917 0.0875524
-1.95288 0.124592
-1.94659 0.161434
-1.9403 0.198064
-1.93401 0.234466
-1.92772 0.270629
-1.92143 0.306538
-1.91515 0.34218
-1.90886 0.377541
-1.90257 0.412608
-1.89628 0.447368
-1.88999 0.481809
-1.8837 0.515918
-1.87741 0.549681
-1.87112 0.583088
-1.86483 0.616126
-1.85854 0.648783
-1.85225 0.681047
-1.84596 0.712907
-1.83967 0.744352
-1.83338 0.77537
-1.82709 0.805952
-1.8208 0.836085
-1.81451 0.86576
-1.80822 0.894967
-1.80193 0.923696
-1.79565 0.951937
-1.78936 0.97968
-1.78307 1.00692
-1.77678 1.03364
-1.77049 1.05983
-1.7642 1.0855
-1.75791 1.11062
-1.75162 1.13519
-1.74533 1.15921
-1.73904 1.18266
-1.73275 1.20555
-1.72646 1.22785
-1.72017 1.24957
-1.71388 1.27069
-1.70759 1.29122
-1.7013 1.31114
-1.69501 1.33046
-1.68872 1.34916
-1.68243 1.36724
-1.67615 1.3847
-1.66986 1.40152
-1.66357 1.41772
-1.65728 1.43327
-1.65099 1.44819
-1.6447 1.46246
-1.63841 1.47608
-1.63212 1.48905
-1.62583 1.50137
-1.61954 1.51303
-1.61325 1.52404
-1.60696 1.53438
-1.60067 1.54406
-1.59438 1.55308
-1.58809 1.56144
-1.5818 1.56914
-1.57551 1.57616
-1.56922 1.58253
-1.56293 1.58823
-1.55665 1.59326
-1.55036 1.59763
-1.54407 1.60134
-1.53778 1.60439
-1.53149 1.60677
-1.5252 1.6085
-1.51891 1.60957
-1.51262 1.60999
-1.50633 1.60975
-1.50004 1.60887
-1.49375 1.60734
-1.48746 1.60516
-1.48117 1.60235
-1.47488 1.5989
-1.46859 1.59481
-1.4623 1.5901
-1.45601 1.58477
-1.44972 1.57881
-1.44343 1.57225
-1.43714 1.56507
-1.43086 1.55729
-1.42457 1.54891
-1.41828 1.53994
-1.41199 1.53039
-1.4057 1.52025
-1.39941 1.50954
-1.39312 1.49826
-1.38683 1.48643
-1.38054 1.47403
-1.37425 1.4611
-1.36796 1.44762
-1.36167 1.43362
-1.35538 1.41909
-1.34909 1.40404
-1.3428 1.38849
-1.33651 1.37244
-1.33022 1.3559
-1.32393 1.33888
-1.31764 1.32138
-1.31136 1.30342
-1.30507 1.28501
-1.29878 1.26615
-1.29249 1.24685
-1.2862 1.22713
-1.27991 1.20699
-1.27362 1.18645
-1.26733 1.1655
-1.26104 1.14417
-1.25475 1.12247
-1.24846 1.10039
-1.24217 1.07796
-1.23588 1.05518
-1.22959 1.03207
-1.2233 1.00864
-1.21701 0.984885
-1.21072 0.960832
-1.20443 0.936487
-1.19814 0.91186
-1.19186 0.886964
-1.18557 0.861809
-1.17928 0.836406
-1.17299 0.810767
-1.1667 0.784903
-1.16041 0.758825
-1.15412 0.732545
-1.14783 0.706074
-1.14154 0.679423
-1.13525 0.652604
-1.12896 0.625629
-1.12267 0.598509
-1.11638 0.571256
-1.11009 0.54388
-1.1038 0.516394
-1.09751 0.48881
-1.09122 0.461138
-1.08493 0.433391
-1.07864 0.405579
-1.07236 0.377715
-1.06607 0.349809
-1.05978 0.321874
-1.05349 0.29392
-1.0472 0.265959
-1.04091 0.238002
-1.03462 0.210061
-1.02833 0.182147
-1.02204 0.154271
-1.01575 0.126444
-1.00946 0.0986767
-1.00317 0.0709807
-0.996882 0.0433667
-0.990592 0.0158456
-0.984303 -0.011572
-0.978013 -0.0388754
-0.971724 -0.0660539
-0.965434 -0.0930972
-0.959145 -0.119995
-0.952855 -0.146736
-0.946566 -0.173312
-0.940276 -0.199711
-0.933987 -0.225924
-0.927698 -0.251941
-0.921408 -0.277753
-0.915119 -0.303349
-0.908829 -0.32872
-0.90254 -0.353857
-0.89625 -0.37875
-0.889961 -0.403391
-0.883671 -0.427771
-0.877382 -0.451881
-0.871092 -0.475711
-0.864803 -0.499254
-0.858513 -0.522502
-0.852224 -0.545445
-0.845934 -0.568076
-0.839645 -0.590388
-0.833355 -0.612371
-0.827066 -0.63402
-0.820776 -0.655326
-0.814487 -0.676282
-0.808198 -0.696881
-0.801908 -0.717116
-0.795619 -0.736981
-0.789329 -0.756468
-0.78304 -0.775572
-0.77675 -0.794287
-0.770461 -0.812605
-0.764171 -0.830522
-0.757882 -0.848033
-0.751592 -0.86513
-0.745303 -0.88181
-0.739013 -0.898067
-0.732724 -0.913896
-0.726434 -0.929292
-0.720145 -0.944252
-0.713855 -0.95877
-0.707566 -0.972844
-0.701276 -0.986467
-0.694987 -0.999638
-0.688697 -1.01235
-0.682408 -1.02461
-0.676119 -1.0364
-0.669829 -1.04772
-0.66354 -1.05858
-0.65725 -1.06897
-0.650961 -1.07888
-0.644671 -1.08832
-0.638382 -1.09728
-0.632092 -1.10576
-0.625803 -1.11376
-0.619513 -1.12128
-0.613224 -1.12831
-0.606934 -1.13487
-0.600645 -1.14093
-0.594355 -1.14652
-0.588066 -1.15161
-0.581776 -1.15622
-0.575487 -1.16035
-0.569197 -1.16399
-0.562908 -1.16714
-0.556619 -1.16981
-0.550329 -1.172
-0.54404 -1.17371
-0.53775 -1.17493
-0.531461 -1.17568
-0.525171 -1.17594
-0.518882 -1.17573
-0.512592 -1.17505
-0.506303 -1.1739
-0.500013 -1.17227
-0.493724 -1.17018
-0.487434 -1.16762
-0.481145 -1.16461
-0.474855 -1.16113
-0.468566 -1.1572
-0.462276 -1.15281
-0.455987 -1.14798
-0.449697 -1.14271
-0.443408 -1.13699
-0.437118 -1.13084
-0.430829 -1.12425
-0.42454 -1.11724
-0.41825 -1.1098
-0.411961 -1.10195
-0.405671 -1.09368
-0.399382 -1.085
-0.393092 -1.07592
-0.386803 -1.06644
-0.380513 -1.05657
-0.374224 -1.04631
-0.367934 -1.03567
-0.361645 -1.02465
-0.355355 -1.01326
-0.349066 -1.00151
-0.342776 -0.989403
-0.336487 -0.976943
-0.330197 -0.964138
-0.323908 -0.950995
-0.317618 -0.937519
-0.311329 -0.92372
-0.30504 -0.909602
-0.29875 -0.895173
-0.292461 -0.88044
-0.286171 -0.86541
-0.279882 -0.850091
-0.273592 -0.834489
-0.267303 -0.818613
-0.261013 -0.802469
-0.254724 -0.786066
-0.248434 -0.76941
-0.242145 -0.752511
-0.235855 -0.735375
-0.229566 -0.71801
-0.223276 -0.700425
-0.216987 -0.682627
-0.210697 -0.664624
-0.204408 -0.646425
-0.198118 -0.628037
-0.191829 -0.609469
-0.18554 -0.59073
-0.17925 -0.571826
-0.172961 -0.552767
-0.166671 -0.53356
-0.160382 -0.514215
-0.154092 -0.49474
-0.147803 -0.475142
-0.141513 -0.455431
-0.135224 -0.435615
-0.128934 -0.415701
-0.122645 -0.3957
-0.116355 -0.375618
-0.110066 -0.355465
-0.103776 -0.335249
-0.0974869 -0.314978
-0.0911974 -0.294661
-0.0849079 -0.274306
-0.0786184 -0.253922
-0.072329 -0.233517
-0.0660395 -0.213098
-0.05975 -0.192676
-0.0534605 -0.172257
-0.0471711 -0.15185
-0.0408816 -0.131463
-0.0345921 -0.111104
-0.0283026 -0.0907825
-0.0220132 -0.0705051
-0.0157237 -0.0502802
-0.00943421 -0.0301158
-0.00314474 -0.0100199
0.00314474 0.00999983
0.00943421 0.0299355
0.0157237 0.0497794
0.0220132 0.0695239
0.0283026 0.0891614
0.0345921 0.108684
0.0408816 0.128086
0.0471711 0.147357
0.0534605 0.166493
0.05975 0.185484
0.0660395 0.204325
0.072329 0.223008
0.0786184 0.241526
0.0849079 0.259873
0.0911974 0.278041
0.0974869 0.296024
0.103776 0.313816
0.110066 0.33141
0.116355 0.3488
0.122645 0.36598
0.128934 0.382943
0.135224 0.399683
0.141513 0.416195
0.147803 0.432473
0.154092 0.448511
0.160382 0.464304
0.166671 0.479847
0.172961 0.495133
0.17925 0.510158
0.18554 0.524917
0.191829 0.539405
0.198118 0.553617
0.204408 0.567549
0.210697 0.581196
0.216987 0.594553
0.223276 0.607617
0.229566 0.620383
0.235855 0.632848
0.242145 0.645007
0.248434 0.656857
0.254724 0.668394
0.261013 0.679616
0.267303 0.690517
0.273592 0.701096
0.279882 0.71135
0.286171 0.721275
0.292461 0.73087
0.29875 0.74013
0.30504 0.749055
0.311329 0.757642
0.317618 0.765888
0.323908 0.773791
0.330197 0.781351
0.336487 0.788564
0.342776 0.795431
0.349066 0.801948
0.355355 0.808115
0.361645 0.813932
0.367934 0.819396
0.374224 0.824507
0.380513 0.829265
0.386803 0.833669
0.393092 0.837719
0.399382 0.841413
0.405671 0.844754
0.411961 0.847739
0.41825 0.85037
0.42454 0.852647
0.430829 0.854571
0.437118 0.856142
0.443408 0.85736
0.449697 0.858227
0.455987 0.858744
0.462276 0.858912
0.468566 0.858733
0.474855 0.858207
0.481145 0.857337
0.487434 0.856123
0.493724 0.854569
0.500013 0.852676
0.506303 0.850446
0.512592 0.847881
0.518882 0.844984
0.525171 0.841757
0.531461 0.838203
0.53775 0.834324
0.54404 0.830124
0.550329 0.825606
0.556619 0.820771
0.562908 0.815625
0.569197 0.81017
0.575487 0.804409
0.581776 0.798346
0.588066 0.791985
0.594355 0.78533
0.600645 0.778383
0.606934 0.77115
0.613224 0.763635
0.619513 0.755841
0.625803 0.747773
0.632092 0.739435
0.638382 0.730831
0.644671 0.721967
0.650961 0.712846
0.65725 0.703474
0.66354 0.693855
0.669829 0.683994
0.676119 0.673897
0.682408 0.663567
0.688697 0.653011
0.694987 0.642233
0.701276 0.631239
0.707566 0.620033
0.713855 0.608622
0.720145 0.597011
0.726434 0.585204
0.732724 0.573209
0.739013 0.56103
0.745303 0.548673
0.751592 0.536144
0.757882 0.523448
0.764171 0.510591
0.770461 0.49758
0.77675 0.484419
0.78304 0.471116
0.789329 0.457675
0.795619 0.444103
0.801908 0.430406
0.808198 0.416589
0.814487 0.40266
0.820776 0.388624
0.827066 0.374486
0.833355 0.360254
0.839645 0.345933
0.845934 0.33153
0.852224 0.317051
0.858513 0.302501
0.864803 0.287887
0.871092 0.273215
0.877382 0.258491
0.883671 0.243722
0.889961 0.228913
0.89625 0.214071
0.90254 0.199202
0.908829 0.184312
0.915119 0.169407
0.921408 0.154493
0.927698 0.139576
0.933987 0.124663
0.940276 0.109758
0.946566 0.094869
0.952855 0.080001
0.959145 0.0651601
0.965434 0.0503521
0.971724 0.035583
0.978013 0.0208585
0.984303 0.00618448
0.990592 -0.00843345
0.996882 -0.0229896
1.00317 -0.0374782
1.00946 -0.0518938
1.01575 -0.0662309
1.02204 -0.0804839
1.02833 -0.0946474
1.03462 -0.108716
1.04091 -0.122685
1.0472 -0.136548
1.05349 -0.150301
1.05978 -0.163938
1.06607 -0.177454
1.07236 -0.190844
1.07864 -0.204104
1.08493 -0.217229
1.09122 -0.230213
1.09751 -0.243052
1.1038 -0.255742
1.11009 -0.268278
1.11638 -0.280656
1.12267 -0.29287
1.12896 -0.304918
1.13525 -0.316794
1.14154 -0.328494
1.14783 -0.340016
1.15412 -0.351354
1.16041 -0.362504
1.1667 -0.373464
1.17299 -0.384229
1.17928 -0.394795
1.18557 -0.40516
1.19186 -0.41532
1.19814 -0.425271
1.20443 -0.435011
1.21072 -0.444537
1.21701 -0.453844
1.2233 -0.462931
1.22959 -0.471795
1.23588 -0.480432
1.24217 -0.488842
1.24846 -0.49702
1.25475 -0.504964
1.26104 -0.512673
1.26733 -0.520144
1.27362 -0.527374
1.27991 -0.534363
1.2862 -0.541108
1.29249 -0.547608
1.29878 -0.55386
1.30507 -0.559864
1.31136 -0.565617
1.31764 -0.571119
1.32393 -0.576368
1.33022 -0.581364
1.33651 -0.586104
1.3428 -0.590589
1.34909 -0.594817
1.35538 -0.598788
1.36167 -0.602502
1.36796 -0.605957
1.37425 -0.609153
1.38054 -0.612091
1.38683 -0.614769
1.39312 -0.617189
1.39941 -0.619349
1.4057 -0.621251
1.41199 -0.622894
1.41828 -0.624279
1.42457 -0.625406
1.43086 -0.626276
1.43714 -0.626889
1.44343 -0.627247
1.44972 -0.62735
1.45601 -0.627199
1.4623 -0.626795
1.46859 -0.62614
1.47488 -0.625234
1.48117 -0.624079
1.48746 -0.622677
1.49375 -0.621029
1.50004 -0.619137
1.50633 -0.617002
1.51262 -0.614626
1.51891 -0.612012
1.5252 -0.60916
1.53149 -0.606074
1.53778 -0.602756
1.54407 -0.599207
1.55036 -0.595431
1.55665 -0.591429
1.56293 -0.587204
1.56922 -0.582758
1.57551 -0.578095
1.5818 -0.573217
1.58809 -0.568127
1.59438 -0.562828
1.60067 -0.557323
1.60696 -0.551615
1.61325 -0.545706
1.61954 -0.539601
1.62583 -0.533302
1.63212 -0.526813
1.63841 -0.520137
1.6447 -0.513277
1.65099 -0.506238
1.65728 -0.499022
1.66357 -0.491634
1.66986 -0.484076
1.67615 -0.476353
1.68243 -0.468469
1.68872 -0.460427
1.69501 -0.452231
1.7013 -0.443885
1.70759 -0.435393
1.71388 -0.426759
1.72017 -0.417987
1.72646 -0.409082
1.73275 -0.400047
1.73904 -0.390886
1.74533 -0.381604
1.75162 -0.372205
1.75791 -0.362694
1.7642 -0.353073
1.77049 -0.343349
1.77678 -0.333525
1.78307 -0.323605
1.78936 -0.313594
1.79565 -0.303497
1.80193 -0.293317
1.80822 -0.283059
1.81451 -0.272729
1.8208 -0.262329
1.82709 -0.251865
1.83338 -0.241341
1.83967 -0.230761
1.84596 -0.220131
1.85225 -0.209454
1.85854 -0.198735
1.86483 -0.187978
1.87112 -0.177189
1.87741 -0.166371
1.8837 -0.15553
1.88999 -0.144668
1.89628 -0.133792
1.90257 -0.122905
1.90886 -0.112012
1.91515 -0.101117
1.92143 -0.090225
1.92772 -0.0793398
1.93401 -0.0684661
1.9403 -0.0576081
1.94659 -0.0467702
1.95288 -0.0359567
1.95917 -0.0251718
1.96546 -0.0144198
1.97175 -0.00370483
1.97804 0.00696883
1.98433 0.0175971
1.99062 0.0281758
1.99691 0.038701
2.0032 0.0491685
2.00949 0.0595745
2.01578 0.0699148
2.02207 0.0801857
2.02836 0.0903832
2.03465 0.100504
2.04093 0.110543
2.04722 0.120498
2.05351 0.130364
2.0598 0.140138
2.06609 0.149817
2.07238 0.159397
2.07867 0.168874
2.08496 0.178245
2.09125 0.187507
2.09754 0.196656
2.10383 0.205689
2.11012 0.214603
2.11641 0.223395
2.1227 0.232062
2.12899 0.2406
2.13528 0.249007
2.14157 0.25728
2.14786 0.265417
2.15415 0.273413
2.16043 0.281267
2.16672 0.288976
2.17301 0.296538
2.1793 0.30395
2.18559 0.31121
2.19188 0.318314
2.19817 0.325262
2.20446 0.332051
2.21075 0.338679
2.21704 0.345143
2.22333 0.351442
2.22962 0.357574
2.23591 0.363536
2.2422 0.369329
2.24849 0.374948
2.25478 0.380394
2.26107 0.385664
2.26736 0.390758
2.27365 0.395673
2.27993 0.400408
2.28622 0.404962
2.29251 0.409335
2.2988 0.413525
2.30509 0.41753
2.31138 0.421351
2.31767 0.424986
2.32396 0.428434
2.33025 0.431695
2.33654 0.434769
2.34283 0.437654
2.34912 0.440351
2.35541 0.442858
2.3617 0.445176
2.36799 0.447305
2.37428 0.449244
2.38057 0.450993
2.38686 0.452552
2.39315 0.453922
2.39943 0.455102
2.40572 0.456094
2.41201 0.456896
2.4183 0.45751
2.42459 0.457936
2.43088 0.458175
2.43717 0.458227
2.44346 0.458093
2.44975 0.457773
2.45604 0.457269
2.46233 0.456582
2.46862 0.455712
2.47491 0.454661
2.4812 0.453429
2.48749 0.452019
2.49378 0.450431
2.50007 0.448666
2.50636 0.446726
2.51265 0.444613
2.51893 0.442328
2.52522 0.439873
2.53151 0.437249
2.5378 0.434458
2.54409 0.431502
2.55038 0.428383
2.55667 0.425103
2.56296 0.421664
2.56925 0.418068
2.57554 0.414317
2.58183 0.410413
2.58812 0.406359
2.59441 0.402156
2.6007 0.397808
2.60699 0.393317
2.61328 0.388686
2.61957 0.383916
2.62586 0.37901
2.63215 0.373972
2.63843 0.368803
2.64472 0.363507
2.65101 0.358087
2.6573 0.352544
2.66359 0.346884
2.66988 0.341107
2.67617 0.335218
2.68246 0.329219
2.68875 0.323113
2.69504 0.316904
2.70133 0.310595
2.70762 0.304189
2.71391 0.297689
2.7202 0.291098
2.72649 0.284421
2.73278 0.27766
2.73907 0.270819
2.74536 0.263901
2.75165 0.256909
2.75793 0.249847
2.76422 0.242719
2.77051 0.235529
2.7768 0.228278
2.78309 0.220972
2.78938 0.213614
2.79567 0.206207
2.80196 0.198755
2.80825 0.191261
2.81454 0.183729
2.82083 0.176163
2.82712 0.168566
2.83341 0.160941
2.8397 0.153293
2.84599 0.145624
2.85228 0.137938
2.85857 0.130238
2.86486 0.122529
2.87115 0.114812
2.87743 0.107092
2.88372 0.0993715
2.89001 0.0916537
2.8963 0.0839416
2.90259 0.0762383
2.90888 0.0685465
2.91517 0.0608692
2.92146 0.0532088
2.92775 0.045568
2.93404 0.0379492
2.94033 0.0303545
2.94662 0.0227862
2.95291 0.0152461
2.9592 0.007736
2.96549 0.000257391
2.97178 -0.00718837
2.97807 -0.0146002
2.98436 -0.0219771
2.99065 -0.0293187
2.99693 -0.0366245
3.00322 -0.0438946
3.00951 -0.0511292
3.0158 -0.0583289
3.02209 -0.0654949
3.02838 -0.0726284
3.03467 -0.0797312
3.04096 -0.0868056
3.04725 -0.0938544
3.05354 -0.100881
3.05983 -0.107888
3.06612 -0.114881
3.07241 -0.121864
3.0787 -0.128843
3.08499 -0.135824
3.09128 -0.142814
3.09757 -0.14982
3.10386 -0.156851
3.11015 -0.163916
3.11643 -0.171024
3.12272 -0.178188
3.12901 -0.185419
3.1353 -0.19273
3.14159 -0.200134
