-3.14159 1.4788
-2.79253 -1.24201
-2.44346 -2.17031
-2.0944 -0.728747
-1.74533 1.15921
-1.39626 1.50397
-1.0472 0.265959
-0.698132 -0.99311
-0.349066 -1.00151
0 0
0.349066 0.801948
0.698132 0.636762
1.0472 -0.136548
1.39626 -0.618301
1.74533 -0.381604
2.0944 0.192096
2.44346 0.458093
2.79253 0.209916
3.14159 -0.200134
-3.14159 1.4788
-2.79253 -1.24201
-2.44346 -2.17031
-2.0944 -0.728747
-1.74533 1.15921
-1.39626 1.50397
-1.0472 0.265959
-0.698132 -0.99311
-0.349066 -1.00151
0 0
0.349066 0.801948
0.698132 0.636762
1.0472 -0.136548
1.39626 -0.618301
1.74533 -0.381604
2.0944 0.192096
2.44346 0.458093
2.79253 0.209916
3.14159 -0.200134
-3.14159 1.4788
-2.79253 -1.24201
-2.44346 -2.17031
-2.0944 -0.728747
-1.74533 1.15921
-1.39626 1.50397
-1.0472 0.265959
-0.698132 -0.99311
-0.349066 -1.00151
0 0
0.349066 0.801948
0.698132 0.636762
1.0472 -0.136548
1.39626 -0.618301
1.74533 -0.381604
2.0944 0.192096
2.44346 0.458093
2.79253 0.209916
3.14159 -0.200134
-3.14159 1.4788
-2.79253 -1.24201
-2.44346 -2.17031
-2.0944 -0.728747
-1.74533 1.15921
-1.39626 1.50397
-1.0472 0.265959
-0.698132 -0.99311
-0.349066 -1.00151
0 0
0.349066 0.801948
0.698132 0.636762
1.0472 -0.136548
1.39626 -0.618301
1.74533 -0.381604
2.0944 0.192096
2.44346 0.458093
2.79253 0.209916
3.14159 -0.200134
-3.14159 1.4788
-2.79253 -1.24201
-2.44346 -2.17031
-2.0944 -0.728747
-1.74533 1.15921
-1.39626 1.50397
-1.0472 0.265959
-0.698132 -0.99311
-0.349066 -1.00151
0 0
0.349066 0.801948
0.698132 0.636762
1.0472 -0.136548
1.39626 -0.618301
1.74533 -0.381604
2.0944 0.192096
2.44346 0.458093
2.79253 0.209916
3.14159 -0.200134
