-3.13191 1.40347
-3.05479 0.77869
-2.90245 -0.465802
-2.67865 -1.83518
-2.38889 -2.07268
-2.0403 -0.401518
-1.64148 1.46951
-1.20224 0.927908
-0.73339 -0.912239
-0.246487 -0.764203
0.246487 0.65322
0.73339 0.571927
1.20224 -0.431629
1.64148 -0.516816
2.0403 0.109547
2.38889 0.452953
2.67865 0.333492
2.90245 0.0734057
3.05479 -0.111372
3.13191 -0.191113
-3.13191 1.40347
-3.05479 0.77869
-2.90245 -0.465802
-2.67865 -1.83518
-2.38889 -2.07268
-2.0403 -0.401518
-1.64148 1.46951
-1.20224 0.927908
-0.73339 -0.912239
-0.246487 -0.764203
0.246487 0.65322
0.73339 0.571927
1.20224 -0.431629
1.64148 -0.516816
2.0403 0.109547
2.38889 0.452953
2.67865 0.333492
2.90245 0.0734057
3.05479 -0.111372
3.13191 -0.191113
-3.13191 1.40347
-3.05479 0.77869
-2.90245 -0.465802
-2.67865 -1.83518
-2.38889 -2.07268
-2.0403 -0.401518
-1.64148 1.46951
-1.20224 0.927908
-0.73339 -0.912239
-0.246487 -0.764203
0.246487 0.65322
0.73339 0.571927
1.20224 -0.431629
1.64148 -0.516816
2.0403 0.109547
2.38889 0.452953
2.67865 0.333492
2.90245 0.0734057
3.05479 -0.111372
3.13191 -0.191113
-3.13191 1.40347
-3.05479 0.77869
-2.90245 -0.465802
-2.67865 -1.83518
-2.38889 -2.07268
-2.0403 -0.401518
-1.64148 1.46951
-1.20224 0.927908
-0.73339 -0.912239
-0.246487 -0.764203
0.246487 0.65322
0.73339 0.571927
1.20224 -0.431629
1.64148 -0.516816
2.0403 0.109547
2.38889 0.452953
2.67865 0.333492
2.90245 0.0734057
3.05479 -0.111372
3.13191 -0.191113
