-3.13665 1.44047
-3.09721 1.12685
-3.01881 0.479299
-2.90245 -0.465802
-2.7496 -1.49478
-2.56216 -2.15839
-2.3425 -1.9434
-2.09339 -0.72273
-1.81795 0.849608
-1.51965 1.60948
-1.20224 0.927908
-0.869704 -0.480931
-0.526236 -1.17593
-0.176151 -0.562452
0.176151 0.502786
0.526236 0.841178
0.869704 0.276456
1.20224 -0.431629
1.51965 -0.611692
1.81795 -0.267049
2.09339 0.190632
2.3425 0.437428
2.56216 0.422419
2.7496 0.259638
2.90245 0.0734057
3.01881 -0.0701398
3.09721 -0.156873
3.13665 -0.195561
-3.13665 1.44047
-3.09721 1.12685
-3.01881 0.479299
-2.90245 -0.465802
-2.7496 -1.49478
-2.56216 -2.15839
-2.3425 -1.9434
-2.09339 -0.72273
-1.81795 0.849608
-1.51965 1.60948
-1.20224 0.927908
-0.869704 -0.480931
-0.526236 -1.17593
-0.176151 -0.562452
0.176151 0.502786
0.526236 0.841178
0.869704 0.276456
1.20224 -0.431629
1.51965 -0.611692
1.81795 -0.267049
2.09339 0.190632
2.3425 0.437428
2.56216 0.422419
2.7496 0.259638
2.90245 0.0734057
3.01881 -0.0701398
3.09721 -0.156873
3.13665 -0.195561
