-3.12819 1.37432
-3.02166 0.503078
-2.81224 -1.1154
-2.50705 -2.20347
-2.11648 -0.859828
-1.65384 1.44151
-1.13487 0.650996
-0.577266 -1.15923
1.92367e-16 6.12323e-16
0.577266 0.802725
1.13487 -0.316088
1.65384 -0.502996
2.11648 0.223484
2.50705 0.446641
2.81224 0.186167
3.02166 -0.0734859
3.12819 -0.187587
-3.12819 1.37432
-3.02166 0.503078
-2.81224 -1.1154
-2.50705 -2.20347
-2.11648 -0.859828
-1.65384 1.44151
-1.13487 0.650996
-0.577266 -1.15923
1.92367e-16 6.12323e-16
0.577266 0.802725
1.13487 -0.316088
1.65384 -0.502996
2.11648 0.223484
2.50705 0.446641
2.81224 0.186167
3.02166 -0.0734859
3.12819 -0.187587
-3.12819 1.37432
-3.02166 0.503078
-2.81224 -1.1154
-2.50705 -2.20347
-2.11648 -0.859828
-1.65384 1.44151
-1.13487 0.650996
-0.577266 -1.15923
1.92367e-16 6.12323e-16
0.577266 0.802725
1.13487 -0.316088
1.65384 -0.502996
2.11648 0.223484
2.50705 0.446641
2.81224 0.186167
3.02166 -0.0734859
3.12819 -0.187587
