-3.14159 -1.80779
-3.1353 -1.80526
-3.12901 -1.80273
-3.12272 -1.8002
-3.11643 -1.79767
-3.11015 -1.79514
-3.10386 -1.79261
-3.09757 -1.79008
-3.09128 -1.78755
-3.08499 -1.78502
-3.0787 -1.78249
-3.07241 -1.77996
-3.06612 -1.77743
-3.05983 -1.7749
-3.05354 -1.77237
-3.04725 -1.76984
-3.04096 -1.76731
-3.03467 -1.76478
-3.02838 -1.76225
-3.02209 -1.75972
-3.0158 -1.75719
-3.00951 -1.75466
-3.00322 -1.75213
-2.99693 -1.7496
-2.99065 -1.74707
-2.98436 -1.74454
-2.97807 -1.74201
-2.97178 -1.73948
-2.96549 -1.73695
-2.9592 -1.73442
-2.95291 -1.73189
-2.94662 -1.72936
-2.94033 -1.72683
-2.93404 -1.7243
-2.92775 -1.72177
-2.92146 -1.71924
-2.91517 -1.71671
-2.90888 -1.71418
-2.90259 -1.71165
-2.8963 -1.70912
-2.89001 -1.70659
-2.88372 -1.70406
-2.87743 -1.70153
-2.87115 -1.699
-2.86486 -1.69647
-2.85857 -1.69394
-2.85228 -1.69141
-2.84599 -1.68888
-2.8397 -1.68635
-2.83341 -1.68382
-2.82712 -1.68129
-2.82083 -1.67876
-2.81454 -1.67623
-2.80825 -1.6737
-2.80196 -1.67117
-2.79567 -1.66864
-2.78938 -1.66611
-2.78309 -1.66358
-2.7768 -1.66105
-2.77051 -1.65852
-2.76422 -1.65599
-2.75793 -1.65346
-2.75165 -1.65093
-2.74536 -1.6484
-2.73907 -1.64587
-2.73278 -1.64334
-2.72649 -1.64081
-2.7202 -1.63828
-2.71391 -1.63575
-2.70762 -1.63322
-2.70133 -1.63069
-2.69504 -1.62816
-2.68875 -1.62563
-2.68246 -1.6231
-2.67617 -1.62057
-2.66988 -1.61804
-2.66359 -1.61551
-2.6573 -1.61298
-2.65101 -1.61045
-2.64472 -1.60792
-2.63843 -1.60539
-2.63215 -1.60286
-2.62586 -1.60033
-2.61957 -1.5978
-2.61328 -1.59527
-2.60699 -1.59274
-2.6007 -1.59021
-2.59441 -1.58768
-2.58812 -1.58515
-2.58183 -1.58262
-2.57554 -1.58009
-2.56925 -1.57756
-2.56296 -1.57503
-2.55667 -1.5725
-2.55038 -1.56997
-2.54409 -1.56744
-2.5378 -1.56491
-2.53151 -1.56238
-2.52522 -1.55985
-2.51893 -1.55732
-2.51265 -1.55479
-2.50636 -1.55226
-2.50007 -1.54973
-2.49378 -1.5472
-2.48749 -1.54467
-2.4812 -1.54214
-2.47491 -1.53961
-2.46862 -1.53708
-2.46233 -1.53455
-2.45604 -1.53202
-2.44975 -1.52949
-2.44346 -1.52696
-2.43717 -1.52443
-2.43088 -1.5219
-2.42459 -1.51937
-2.4183 -1.51684
-2.41201 -1.51431
-2.40572 -1.51178
-2.39943 -1.50925
-2.39315 -1.50672
-2.38686 -1.50419
-2.38057 -1.50166
-2.37428 -1.49913
-2.36799 -1.4966
-2.3617 -1.49407
-2.35541 -1.49154
-2.34912 -1.48901
-2.34283 -1.48648
-2.33654 -1.48395
-2.33025 -1.48142
-2.32396 -1.47889
-2.31767 -1.47636
-2.31138 -1.47383
-2.30509 -1.4713
-2.2988 -1.46877
-2.29251 -1.46624
-2.28622 -1.46371
-2.27993 -1.46118
-2.27365 -1.45865
-2.26736 -1.45612
-2.26107 -1.45359
-2.25478 -1.45106
-2.24849 -1.44853
-2.2422 -1.446
-2.23591 -1.44347
-2.22962 -1.44094
-2.22333 -1.43841
-2.21704 -1.43588
-2.21075 -1.43335
-2.20446 -1.43082
-2.19817 -1.42829
-2.19188 -1.42576
-2.18559 -1.42323
-2.1793 -1.4207
-2.17301 -1.41817
-2.16672 -1.41564
-2.16043 -1.41311
-2.15415 -1.41058
-2.14786 -1.40805
-2.14157 -1.40552
-2.13528 -1.40299
-2.12899 -1.40046
-2.1227 -1.39793
-2.11641 -1.3954
-2.11012 -1.39287
-2.10383 -1.39034
-2.09754 -1.38781
-2.09125 -1.38528
-2.08496 -1.38275
-2.07867 -1.38022
-2.07238 -1.37769
-2.06609 -1.37516
-2.0598 -1.37263
-2.05351 -1.3701
-2.04722 -1.36757
-2.04093 -1.36504
-2.03465 -1.36251
-2.02836 -1.35998
-2.02207 -1.35745
-2.01578 -1.35492
-2.00949 -1.35239
-2.0032 -1.34986
-1.99691 -1.34733
-1.99062 -1.3448
-1.98433 -1.34227
-1.97804 -1.33974
-1.97175 -1.33721
-1.96546 -1.33468
-1.95917 -1.33215
-1.95288 -1.32962
-1.94659 -1.32709
-1.9403 -1.32456
-1.93401 -1.32203
-1.92772 -1.3195
-1.92143 -1.31697
-1.91515 -1.31444
-1.90886 -1.31191
-1.90257 -1.30938
-1.89628 -1.30685
-1.88999 -1.30432
-1.8837 -1.30179
-1.87741 -1.29926
-1.87112 -1.29673
-1.86483 -1.2942
-1.85854 -1.29167
-1.85225 -1.28914
-1.84596 -1.28661
-1.83967 -1.28408
-1.83338 -1.28155
-1.82709 -1.27902
-1.8208 -1.27649
-1.81451 -1.27396
-1.80822 -1.27143
-1.80193 -1.2689
-1.79565 -1.26637
-1.78936 -1.26384
-1.78307 -1.26131
-1.77678 -1.25878
-1.77049 -1.25625
-1.7642 -1.25372
-1.75791 -1.25119
-1.75162 -1.24866
-1.74533 -1.24613
-1.73904 -1.2436
-1.73275 -1.24107
-1.72646 -1.23854
-1.72017 -1.23601
-1.71388 -1.23348
-1.70759 -1.23095
-1.7013 -1.22842
-1.69501 -1.22589
-1.68872 -1.22336
-1.68243 -1.22083
-1.67615 -1.2183
-1.66986 -1.21577
-1.66357 -1.21324
-1.65728 -1.21071
-1.65099 -1.20818
-1.6447 -1.20565
-1.63841 -1.20312
-1.63212 -1.20059
-1.62583 -1.19806
-1.61954 -1.19553
-1.61325 -1.193
-1.60696 -1.19047
-1.60067 -1.18794
-1.59438 -1.18541
-1.58809 -1.18288
-1.5818 -1.18035
-1.57551 -1.17782
-1.56922 -1.17529
-1.56293 -1.17276
-1.55665 -1.17023
-1.55036 -1.1677
-1.54407 -1.16517
-1.53778 -1.16264
-1.53149 -1.16011
-1.5252 -1.15759
-1.51891 -1.15506
-1.51262 -1.15253
-1.50633 -1.15
-1.50004 -1.14747
-1.49375 -1.14494
-1.48746 -1.14241
-1.48117 -1.13988
-1.47488 -1.13735
-1.46859 -1.13482
-1.4623 -1.13229
-1.45601 -1.12976
-1.44972 -1.12723
-1.44343 -1.1247
-1.43714 -1.12217
-1.43086 -1.11964
-1.42457 -1.11711
-1.41828 -1.11458
-1.41199 -1.11205
-1.4057 -1.10952
-1.39941 -1.10699
-1.39312 -1.10446
-1.38683 -1.10193
-1.38054 -1.0994
-1.37425 -1.09687
-1.36796 -1.09434
-1.36167 -1.09181
-1.35538 -1.08928
-1.34909 -1.08675
-1.3428 -1.08422
-1.33651 -1.08169
-1.33022 -1.07916
-1.32393 -1.07663
-1.31764 -1.0741
-1.31136 -1.07157
-1.30507 -1.06904
-1.29878 -1.06651
-1.29249 -1.06398
-1.2862 -1.06145
-1.27991 -1.05892
-1.27362 -1.05639
-1.26733 -1.05386
-1.26104 -1.05133
-1.25475 -1.0488
-1.24846 -1.04627
-1.24217 -1.04374
-1.23588 -1.04121
-1.22959 -1.03868
-1.2233 -1.03615
-1.21701 -1.03362
-1.21072 -1.03109
-1.20443 -1.02856
-1.19814 -1.02603
-1.19186 -1.0235
-1.18557 -1.02097
-1.17928 -1.01844
-1.17299 -1.01591
-1.1667 -1.01338
-1.16041 -1.01085
-1.15412 -1.00832
-1.14783 -1.00579
-1.14154 -1.00326
-1.13525 -1.00073
-1.12896 -0.998197
-1.12267 -0.995667
-1.11638 -0.993137
-1.11009 -0.990607
-1.1038 -0.988077
-1.09751 -0.985547
-1.09122 -0.983017
-1.08493 -0.980487
-1.07864 -0.977957
-1.07236 -0.975427
-1.06607 -0.972897
-1.05978 -0.970367
-1.05349 -0.967837
-1.0472 -0.965307
-1.04091 -0.962777
-1.03462 -0.960247
-1.02833 -0.957717
-1.02204 -0.955187
-1.01575 -0.952657
-1.00946 -0.950128
-1.00317 -0.947598
-0.996882 -0.945068
-0.990592 -0.942538
-0.984303 -0.940008
-0.978013 -0.937478
-0.971724 -0.934948
-0.965434 -0.932418
-0.959145 -0.929888
-0.952855 -0.927358
-0.946566 -0.924828
-0.940276 -0.922298
-0.933987 -0.919768
-0.927698 -0.917238
-0.921408 -0.914708
-0.915119 -0.912178
-0.908829 -0.909648
-0.90254 -0.907118
-0.89625 -0.904588
-0.889961 -0.902058
-0.883671 -0.899528
-0.877382 -0.896998
-0.871092 -0.894468
-0.864803 -0.891938
-0.858513 -0.889408
-0.852224 -0.886878
-0.845934 -0.884348
-0.839645 -0.881818
-0.833355 -0.879288
-0.827066 -0.876758
-0.820776 -0.874228
-0.814487 -0.871698
-0.808198 -0.869169
-0.801908 -0.866639
-0.795619 -0.864109
-0.789329 -0.861579
-0.78304 -0.859049
-0.77675 -0.856519
-0.770461 -0.853989
-0.764171 -0.851459
-0.757882 -0.848929
-0.751592 -0.846399
-0.745303 -0.843869
-0.739013 -0.841339
-0.732724 -0.838809
-0.726434 -0.836279
-0.720145 -0.833749
-0.713855 -0.831219
-0.707566 -0.828689
-0.701276 -0.826159
-0.694987 -0.823629
-0.688697 -0.821099
-0.682408 -0.818569
-0.676119 -0.816039
-0.669829 -0.813509
-0.66354 -0.810979
-0.65725 -0.808449
-0.650961 -0.805919
-0.644671 -0.803389
-0.638382 -0.800859
-0.632092 -0.798329
-0.625803 -0.795799
-0.619513 -0.793269
-0.613224 -0.790739
-0.606934 -0.788209
-0.600645 -0.78568
-0.594355 -0.78315
-0.588066 -0.78062
-0.581776 -0.77809
-0.575487 -0.77556
-0.569197 -0.77303
-0.562908 -0.7705
-0.556619 -0.76797
-0.550329 -0.76544
-0.54404 -0.76291
-0.53775 -0.76038
-0.531461 -0.75785
-0.525171 -0.75532
-0.518882 -0.75279
-0.512592 -0.75026
-0.506303 -0.74773
-0.500013 -0.7452
-0.493724 -0.74267
-0.487434 -0.74014
-0.481145 -0.73761
-0.474855 -0.73508
-0.468566 -0.73255
-0.462276 -0.73002
-0.455987 -0.72749
-0.449697 -0.72496
-0.443408 -0.72243
-0.437118 -0.7199
-0.430829 -0.71737
-0.42454 -0.71484
-0.41825 -0.71231
-0.411961 -0.70978
-0.405671 -0.70725
-0.399382 -0.704721
-0.393092 -0.702191
-0.386803 -0.699661
-0.380513 -0.697131
-0.374224 -0.694601
-0.367934 -0.692071
-0.361645 -0.689541
-0.355355 -0.687011
-0.349066 -0.684481
-0.342776 -0.681951
-0.336487 -0.679421
-0.330197 -0.676891
-0.323908 -0.674361
-0.317618 -0.671831
-0.311329 -0.669301
-0.30504 -0.666771
-0.29875 -0.664241
-0.292461 -0.661711
-0.286171 -0.659181
-0.279882 -0.656651
-0.273592 -0.654121
-0.267303 -0.651591
-0.261013 -0.649061
-0.254724 -0.646531
-0.248434 -0.644001
-0.242145 -0.641471
-0.235855 -0.638941
-0.229566 -0.636411
-0.223276 -0.633881
-0.216987 -0.631351
-0.210697 -0.628821
-0.204408 -0.626291
-0.198118 -0.623761
-0.191829 -0.621232
-0.18554 -0.618702
-0.17925 -0.616172
-0.172961 -0.613642
-0.166671 -0.611112
-0.160382 -0.608582
-0.154092 -0.606052
-0.147803 -0.603522
-0.141513 -0.600992
-0.135224 -0.598462
-0.128934 -0.595932
-0.122645 -0.593402
-0.116355 -0.590872
-0.110066 -0.588342
-0.103776 -0.585812
-0.0974869 -0.583282
-0.0911974 -0.580752
-0.0849079 -0.578222
-0.0786184 -0.575692
-0.072329 -0.573162
-0.0660395 -0.570632
-0.05975 -0.568102
-0.0534605 -0.565572
-0.0471711 -0.563042
-0.0408816 -0.560512
-0.0345921 -0.557982
-0.0283026 -0.555452
-0.0220132 -0.552922
-0.0157237 -0.550392
-0.00943421 -0.547862
-0.00314474 -0.545332
0.00314474 -0.542802
0.00943421 -0.540272
0.0157237 -0.537743
0.0220132 -0.535213
0.0283026 -0.532683
0.0345921 -0.530153
0.0408816 -0.527623
0.0471711 -0.525093
0.0534605 -0.522563
0.05975 -0.520033
0.0660395 -0.517503
0.072329 -0.514973
0.0786184 -0.512443
0.0849079 -0.509913
0.0911974 -0.507383
0.0974869 -0.504853
0.103776 -0.502323
0.110066 -0.499793
0.116355 -0.497263
0.122645 -0.494733
0.128934 -0.492203
0.135224 -0.489673
0.141513 -0.487143
0.147803 -0.484613
0.154092 -0.482083
0.160382 -0.479553
0.166671 -0.477023
0.172961 -0.474493
0.17925 -0.471963
0.18554 -0.469433
0.191829 -0.466903
0.198118 -0.464373
0.204408 -0.461843
0.210697 -0.459313
0.216987 -0.456784
0.223276 -0.454254
0.229566 -0.451724
0.235855 -0.449194
0.242145 -0.446664
0.248434 -0.444134
0.254724 -0.441604
0.261013 -0.439074
0.267303 -0.436544
0.273592 -0.434014
0.279882 -0.431484
0.286171 -0.428954
0.292461 -0.426424
0.29875 -0.423894
0.30504 -0.421364
0.311329 -0.418834
0.317618 -0.416304
0.323908 -0.413774
0.330197 -0.411244
0.336487 -0.408714
0.342776 -0.406184
0.349066 -0.403654
0.355355 -0.401124
0.361645 -0.398594
0.367934 -0.396064
0.374224 -0.393534
0.380513 -0.391004
0.386803 -0.388474
0.393092 -0.385944
0.399382 -0.383414
0.405671 -0.380884
0.411961 -0.378354
0.41825 -0.375824
0.42454 -0.373295
0.430829 -0.370765
0.437118 -0.368235
0.443408 -0.365705
0.449697 -0.363175
0.455987 -0.360645
0.462276 -0.358115
0.468566 -0.355585
0.474855 -0.353055
0.481145 -0.350525
0.487434 -0.347995
0.493724 -0.345465
0.500013 -0.342935
0.506303 -0.340405
0.512592 -0.337875
0.518882 -0.335345
0.525171 -0.332815
0.531461 -0.330285
0.53775 -0.327755
0.54404 -0.325225
0.550329 -0.322695
0.556619 -0.320165
0.562908 -0.317635
0.569197 -0.315105
0.575487 -0.312575
0.581776 -0.310045
0.588066 -0.307515
0.594355 -0.304985
0.600645 -0.302455
0.606934 -0.299925
0.613224 -0.297395
0.619513 -0.294865
0.625803 -0.292335
0.632092 -0.289806
0.638382 -0.287276
0.644671 -0.284746
0.650961 -0.282216
0.65725 -0.279686
0.66354 -0.277156
0.669829 -0.274626
0.676119 -0.272096
0.682408 -0.269566
0.688697 -0.267036
0.694987 -0.264506
0.701276 -0.261976
0.707566 -0.259446
0.713855 -0.256916
0.720145 -0.254386
0.726434 -0.251856
0.732724 -0.249326
0.739013 -0.246796
0.745303 -0.244266
0.751592 -0.241736
0.757882 -0.239206
0.764171 -0.236676
0.770461 -0.234146
0.77675 -0.231616
0.78304 -0.229086
0.789329 -0.226556
0.795619 -0.224026
0.801908 -0.221496
0.808198 -0.218966
0.814487 -0.216436
0.820776 -0.213906
0.827066 -0.211376
0.833355 -0.208847
0.839645 -0.206317
0.845934 -0.203787
0.852224 -0.201257
0.858513 -0.198727
0.864803 -0.196197
0.871092 -0.193667
0.877382 -0.191137
0.883671 -0.188607
0.889961 -0.186077
0.89625 -0.183547
0.90254 -0.181017
0.908829 -0.178487
0.915119 -0.175957
0.921408 -0.173427
0.927698 -0.170897
0.933987 -0.168367
0.940276 -0.165837
0.946566 -0.163307
0.952855 -0.160777
0.959145 -0.158247
0.965434 -0.155717
0.971724 -0.153187
0.978013 -0.150657
0.984303 -0.148127
0.990592 -0.145597
0.996882 -0.143067
1.00317 -0.140537
1.00946 -0.138007
1.01575 -0.135477
1.02204 -0.132947
1.02833 -0.130417
1.03462 -0.127887
1.04091 -0.125358
1.0472 -0.122828
1.05349 -0.120298
1.05978 -0.117768
1.06607 -0.115238
1.07236 -0.112708
1.07864 -0.110178
1.08493 -0.107648
1.09122 -0.105118
1.09751 -0.102588
1.1038 -0.100058
1.11009 -0.0975279
1.11638 -0.0949979
1.12267 -0.0924679
1.12896 -0.089938
1.13525 -0.087408
1.14154 -0.084878
1.14783 -0.082348
1.15412 -0.0798181
1.16041 -0.0772881
1.1667 -0.0747581
1.17299 -0.0722282
1.17928 -0.0696982
1.18557 -0.0671682
1.19186 -0.0646383
1.19814 -0.0621083
1.20443 -0.0595783
1.21072 -0.0570484
1.21701 -0.0545184
1.2233 -0.0519884
1.22959 -0.0494584
1.23588 -0.0469285
1.24217 -0.0443985
1.24846 -0.0418685
1.25475 -0.0393386
1.26104 -0.0368086
1.26733 -0.0342786
1.27362 -0.0317487
1.27991 -0.0292187
1.2862 -0.0266887
1.29249 -0.0241587
1.29878 -0.0216288
1.30507 -0.0190988
1.31136 -0.0165688
1.31764 -0.0140389
1.32393 -0.0115089
1.33022 -0.00897893
1.33651 -0.00644896
1.3428 -0.00391899
1.34909 -0.00138903
1.35538 0.00114094
1.36167 0.00367091
1.36796 0.00620088
1.37425 0.00873085
1.38054 0.0112608
1.38683 0.0137908
1.39312 0.0163208
1.39941 0.0188507
1.4057 0.0213807
1.41199 0.0239107
1.41828 0.0264406
1.42457 0.0289706
1.43086 0.0315006
1.43714 0.0340305
1.44343 0.0365605
1.44972 0.0390905
1.45601 0.0416205
1.4623 0.0441504
1.46859 0.0466804
1.47488 0.0492104
1.48117 0.0517403
1.48746 0.0542703
1.49375 0.0568003
1.50004 0.0593302
1.50633 0.0618602
1.51262 0.0643902
1.51891 0.0669201
1.5252 0.0694501
1.53149 0.0719801
1.53778 0.0745101
1.54407 0.07704
1.55036 0.07957
1.55665 0.0821
1.56293 0.0846299
1.56922 0.0871599
1.57551 0.0896899
1.5818 0.0922198
1.58809 0.0947498
1.59438 0.0972798
1.60067 0.0998097
1.60696 0.10234
1.61325 0.10487
1.61954 0.1074
1.62583 0.10993
1.63212 0.11246
1.63841 0.11499
1.6447 0.11752
1.65099 0.12005
1.65728 0.122579
1.66357 0.125109
1.66986 0.127639
1.67615 0.130169
1.68243 0.132699
1.68872 0.135229
1.69501 0.137759
1.7013 0.140289
1.70759 0.142819
1.71388 0.145349
1.72017 0.147879
1.72646 0.150409
1.73275 0.152939
1.73904 0.155469
1.74533 0.157999
1.75162 0.160529
1.75791 0.163059
1.7642 0.165589
1.77049 0.168119
1.77678 0.170649
1.78307 0.173179
1.78936 0.175709
1.79565 0.178239
1.80193 0.180769
1.80822 0.183299
1.81451 0.185829
1.8208 0.188359
1.82709 0.190889
1.83338 0.193419
1.83967 0.195949
1.84596 0.198479
1.85225 0.201009
1.85854 0.203538
1.86483 0.206068
1.87112 0.208598
1.87741 0.211128
1.8837 0.213658
1.88999 0.216188
1.89628 0.218718
1.90257 0.221248
1.90886 0.223778
1.91515 0.226308
1.92143 0.228838
1.92772 0.231368
1.93401 0.233898
1.9403 0.236428
1.94659 0.238958
1.95288 0.241488
1.95917 0.244018
1.96546 0.246548
1.97175 0.249078
1.97804 0.251608
1.98433 0.254138
1.99062 0.256668
1.99691 0.259198
2.0032 0.261728
2.00949 0.264258
2.01578 0.266788
2.02207 0.269318
2.02836 0.271848
2.03465 0.274378
2.04093 0.276908
2.04722 0.279438
2.05351 0.281968
2.0598 0.284498
2.06609 0.287027
2.07238 0.289557
2.07867 0.292087
2.08496 0.294617
2.09125 0.297147
2.09754 0.299677
2.10383 0.302207
2.11012 0.304737
2.11641 0.307267
2.1227 0.309797
2.12899 0.312327
2.13528 0.314857
2.14157 0.317387
2.14786 0.319917
2.15415 0.322447
2.16043 0.324977
2.16672 0.327507
2.17301 0.330037
2.1793 0.332567
2.18559 0.335097
2.19188 0.337627
2.19817 0.340157
2.20446 0.342687
2.21075 0.345217
2.21704 0.347747
2.22333 0.350277
2.22962 0.352807
2.23591 0.355337
2.2422 0.357867
2.24849 0.360397
2.25478 0.362927
2.26107 0.365457
2.26736 0.367986
2.27365 0.370516
2.27993 0.373046
2.28622 0.375576
2.29251 0.378106
2.2988 0.380636
2.30509 0.383166
2.31138 0.385696
2.31767 0.388226
2.32396 0.390756
2.33025 0.393286
2.33654 0.395816
2.34283 0.398346
2.34912 0.400876
2.35541 0.403406
2.3617 0.405936
2.36799 0.408466
2.37428 0.410996
2.38057 0.413526
2.38686 0.416056
2.39315 0.418586
2.39943 0.421116
2.40572 0.423646
2.41201 0.426176
2.4183 0.428706
2.42459 0.431236
2.43088 0.433766
2.43717 0.436296
2.44346 0.438826
2.44975 0.441356
2.45604 0.443886
2.46233 0.446416
2.46862 0.448946
2.47491 0.451475
2.4812 0.454005
2.48749 0.456535
2.49378 0.459065
2.50007 0.461595
2.50636 0.464125
2.51265 0.466655
2.51893 0.469185
2.52522 0.471715
2.53151 0.474245
2.5378 0.476775
2.54409 0.479305
2.55038 0.481835
2.55667 0.484365
2.56296 0.486895
2.56925 0.489425
2.57554 0.491955
2.58183 0.494485
2.58812 0.497015
2.59441 0.499545
2.6007 0.502075
2.60699 0.504605
2.61328 0.507135
2.61957 0.509665
2.62586 0.512195
2.63215 0.514725
2.63843 0.517255
2.64472 0.519785
2.65101 0.522315
2.6573 0.524845
2.66359 0.527375
2.66988 0.529905
2.67617 0.532435
2.68246 0.534964
2.68875 0.537494
2.69504 0.540024
2.70133 0.542554
2.70762 0.545084
2.71391 0.547614
2.7202 0.550144
2.72649 0.552674
2.73278 0.555204
2.73907 0.557734
2.74536 0.560264
2.75165 0.562794
2.75793 0.565324
2.76422 0.567854
2.77051 0.570384
2.7768 0.572914
2.78309 0.575444
2.78938 0.577974
2.79567 0.580504
2.80196 0.583034
2.80825 0.585564
2.81454 0.588094
2.82083 0.590624
2.82712 0.593154
2.83341 0.595684
2.8397 0.598214
2.84599 0.600744
2.85228 0.603274
2.85857 0.605804
2.86486 0.608334
2.87115 0.610864
2.87743 0.613394
2.88372 0.615923
2.89001 0.618453
2.8963 0.620983
2.90259 0.623513
2.90888 0.626043
2.91517 0.628573
2.92146 0.631103
2.92775 0.633633
2.93404 0.636163
2.94033 0.638693
2.94662 0.641223
2.95291 0.643753
2.9592 0.646283
2.96549 0.648813
2.97178 0.651343
2.97807 0.653873
2.98436 0.656403
2.99065 0.658933
2.99693 0.661463
3.00322 0.663993
3.00951 0.666523
3.0158 0.669053
3.02209 0.671583
3.02838 0.674113
3.03467 0.676643
3.04096 0.679173
3.04725 0.681703
3.05354 0.684233
3.05983 0.686763
3.06612 0.689293
3.07241 0.691823
3.0787 0.694353
3.08499 0.696883
3.09128 0.699412
3.09757 0.701942
3.10386 0.704472
3.11015 0.707002
3.11643 0.709532
3.12272 0.712062
3.12901 0.714592
3.1353 0.717122
3.14159 0.719652
