-3.14159 -2.02121
-3.1353 -2.01536
-3.12901 -2.00952
-3.12272 -2.00368
-3.11643 -1.99785
-3.11015 -1.99203
-3.10386 -1.98622
-3.09757 -1.98041
-3.09128 -1.97461
-3.08499 -1.96882
-3.0787 -1.96303
-3.07241 -1.95725
-3.06612 -1.95148
-3.05983 -1.94572
-3.05354 -1.93996
-3.04725 -1.93421
-3.04096 -1.92847
-3.03467 -1.92274
-3.02838 -1.91701
-3.02209 -1.91129
-3.0158 -1.90557
-3.00951 -1.89987
-3.00322 -1.89417
-2.99693 -1.88848
-2.99065 -1.88279
-2.98436 -1.87712
-2.97807 -1.87145
-2.97178 -1.86579
-2.96549 -1.86013
-2.9592 -1.85448
-2.95291 -1.84884
-2.94662 -1.84321
-2.94033 -1.83758
-2.93404 -1.83196
-2.92775 -1.82635
-2.92146 -1.82075
-2.91517 -1.81515
-2.90888 -1.80956
-2.90259 -1.80398
-2.8963 -1.7984
-2.89001 -1.79283
-2.88372 -1.78727
-2.87743 -1.78172
-2.87115 -1.77617
-2.86486 -1.77063
-2.85857 -1.7651
-2.85228 -1.75957
-2.84599 -1.75406
-2.8397 -1.74855
-2.83341 -1.74304
-2.82712 -1.73755
-2.82083 -1.73206
-2.81454 -1.72658
-2.80825 -1.7211
-2.80196 -1.71564
-2.79567 -1.71018
-2.78938 -1.70472
-2.78309 -1.69928
-2.7768 -1.69384
-2.77051 -1.68841
-2.76422 -1.68298
-2.75793 -1.67757
-2.75165 -1.67216
-2.74536 -1.66676
-2.73907 -1.66136
-2.73278 -1.65598
-2.72649 -1.6506
-2.7202 -1.64522
-2.71391 -1.63986
-2.70762 -1.6345
-2.70133 -1.62915
-2.69504 -1.6238
-2.68875 -1.61847
-2.68246 -1.61314
-2.67617 -1.60781
-2.66988 -1.6025
-2.66359 -1.59719
-2.6573 -1.59189
-2.65101 -1.5866
-2.64472 -1.58131
-2.63843 -1.57603
-2.63215 -1.57076
-2.62586 -1.5655
-2.61957 -1.56024
-2.61328 -1.55499
-2.60699 -1.54975
-2.6007 -1.54451
-2.59441 -1.53928
-2.58812 -1.53406
-2.58183 -1.52885
-2.57554 -1.52364
-2.56925 -1.51844
-2.56296 -1.51325
-2.55667 -1.50807
-2.55038 -1.50289
-2.54409 -1.49772
-2.5378 -1.49256
-2.53151 -1.4874
-2.52522 -1.48225
-2.51893 -1.47711
-2.51265 -1.47198
-2.50636 -1.46685
-2.50007 -1.46173
-2.49378 -1.45662
-2.48749 -1.45151
-2.4812 -1.44642
-2.47491 -1.44132
-2.46862 -1.43624
-2.46233 -1.43117
-2.45604 -1.4261
-2.44975 -1.42103
-2.44346 -1.41598
-2.43717 -1.41093
-2.43088 -1.40589
-2.42459 -1.40086
-2.4183 -1.39583
-2.41201 -1.39082
-2.40572 -1.38581
-2.39943 -1.3808
-2.39315 -1.37581
-2.38686 -1.37082
-2.38057 -1.36583
-2.37428 -1.36086
-2.36799 -1.35589
-2.3617 -1.35093
-2.35541 -1.34598
-2.34912 -1.34103
-2.34283 -1.33609
-2.33654 -1.33116
-2.33025 -1.32624
-2.32396 -1.32132
-2.31767 -1.31641
-2.31138 -1.31151
-2.30509 -1.30661
-2.2988 -1.30173
-2.29251 -1.29685
-2.28622 -1.29197
-2.27993 -1.28711
-2.27365 -1.28225
-2.26736 -1.27739
-2.26107 -1.27255
-2.25478 -1.26771
-2.24849 -1.26288
-2.2422 -1.25806
-2.23591 -1.25324
-2.22962 -1.24844
-2.22333 -1.24364
-2.21704 -1.23884
-2.21075 -1.23405
-2.20446 -1.22928
-2.19817 -1.2245
-2.19188 -1.21974
-2.18559 -1.21498
-2.1793 -1.21023
-2.17301 -1.20549
-2.16672 -1.20075
-2.16043 -1.19602
-2.15415 -1.1913
-2.14786 -1.18659
-2.14157 -1.18188
-2.13528 -1.17718
-2.12899 -1.17249
-2.1227 -1.1678
-2.11641 -1.16312
-2.11012 -1.15845
-2.10383 -1.15379
-2.09754 -1.14913
-2.09125 -1.14448
-2.08496 -1.13984
-2.07867 -1.13521
-2.07238 -1.13058
-2.06609 -1.12596
-2.0598 -1.12135
-2.05351 -1.11674
-2.04722 -1.11214
-2.04093 -1.10755
-2.03465 -1.10297
-2.02836 -1.09839
-2.02207 -1.09382
-2.01578 -1.08926
-2.00949 -1.08471
-2.0032 -1.08016
-1.99691 -1.07562
-1.99062 -1.07108
-1.98433 -1.06656
-1.97804 -1.06204
-1.97175 -1.05753
-1.96546 -1.05302
-1.95917 -1.04853
-1.95288 -1.04404
-1.94659 -1.03955
-1.9403 -1.03508
-1.93401 -1.03061
-1.92772 -1.02615
-1.92143 -1.0217
-1.91515 -1.01725
-1.90886 -1.01281
-1.90257 -1.00838
-1.89628 -1.00395
-1.88999 -0.999536
-1.8837 -0.995126
-1.87741 -0.990723
-1.87112 -0.986327
-1.86483 -0.981939
-1.85854 -0.977558
-1.85225 -0.973184
-1.84596 -0.968817
-1.83967 -0.964457
-1.83338 -0.960105
-1.82709 -0.95576
-1.8208 -0.951422
-1.81451 -0.947091
-1.80822 -0.942768
-1.80193 -0.938452
-1.79565 -0.934143
-1.78936 -0.929842
-1.78307 -0.925547
-1.77678 -0.92126
-1.77049 -0.91698
-1.7642 -0.912707
-1.75791 -0.908442
-1.75162 -0.904184
-1.74533 -0.899933
-1.73904 -0.895689
-1.73275 -0.891453
-1.72646 -0.887223
-1.72017 -0.883001
-1.71388 -0.878787
-1.70759 -0.874579
-1.7013 -0.870379
-1.69501 -0.866186
-1.68872 -0.862
-1.68243 -0.857821
-1.67615 -0.85365
-1.66986 -0.849486
-1.66357 -0.845329
-1.65728 -0.841179
-1.65099 -0.837037
-1.6447 -0.832902
-1.63841 -0.828774
-1.63212 -0.824653
-1.62583 -0.82054
-1.61954 -0.816434
-1.61325 -0.812335
-1.60696 -0.808243
-1.60067 -0.804159
-1.59438 -0.800081
-1.58809 -0.796011
-1.5818 -0.791949
-1.57551 -0.787893
-1.56922 -0.783845
-1.56293 -0.779804
-1.55665 -0.77577
-1.55036 -0.771743
-1.54407 -0.767724
-1.53778 -0.763712
-1.53149 -0.759707
-1.5252 -0.75571
-1.51891 -0.751719
-1.51262 -0.747736
-1.50633 -0.74376
-1.50004 -0.739791
-1.49375 -0.73583
-1.48746 -0.731876
-1.48117 -0.727929
-1.47488 -0.723989
-1.46859 -0.720057
-1.4623 -0.716132
-1.45601 -0.712214
-1.44972 -0.708303
-1.44343 -0.704399
-1.43714 -0.700503
-1.43086 -0.696614
-1.42457 -0.692732
-1.41828 -0.688858
-1.41199 -0.68499
-1.4057 -0.68113
-1.39941 -0.677277
-1.39312 -0.673432
-1.38683 -0.669593
-1.38054 -0.665762
-1.37425 -0.661938
-1.36796 -0.658122
-1.36167 -0.654312
-1.35538 -0.65051
-1.34909 -0.646715
-1.3428 -0.642928
-1.33651 -0.639147
-1.33022 -0.635374
-1.32393 -0.631608
-1.31764 -0.627849
-1.31136 -0.624098
-1.30507 -0.620353
-1.29878 -0.616616
-1.29249 -0.612887
-1.2862 -0.609164
-1.27991 -0.605449
-1.27362 -0.601741
-1.26733 -0.59804
-1.26104 -0.594346
-1.25475 -0.59066
-1.24846 -0.586981
-1.24217 -0.583309
-1.23588 -0.579644
-1.22959 -0.575987
-1.2233 -0.572337
-1.21701 -0.568694
-1.21072 -0.565058
-1.20443 -0.56143
-1.19814 -0.557808
-1.19186 -0.554194
-1.18557 -0.550588
-1.17928 -0.546988
-1.17299 -0.543396
-1.1667 -0.539811
-1.16041 -0.536233
-1.15412 -0.532663
-1.14783 -0.529099
-1.14154 -0.525543
-1.13525 -0.521994
-1.12896 -0.518453
-1.12267 -0.514918
-1.11638 -0.511391
-1.11009 -0.507871
-1.1038 -0.504359
-1.09751 -0.500853
-1.09122 -0.497355
-1.08493 -0.493864
-1.07864 -0.490381
-1.07236 -0.486904
-1.06607 -0.483435
-1.05978 -0.479973
-1.05349 -0.476518
-1.0472 -0.473071
-1.04091 -0.469631
-1.03462 -0.466198
-1.02833 -0.462772
-1.02204 -0.459353
-1.01575 -0.455942
-1.00946 -0.452538
-1.00317 -0.449141
-0.996882 -0.445751
-0.990592 -0.442369
-0.984303 -0.438994
-0.978013 -0.435626
-0.971724 -0.432266
-0.965434 -0.428912
-0.959145 -0.425566
-0.952855 -0.422227
-0.946566 -0.418895
-0.940276 -0.415571
-0.933987 -0.412254
-0.927698 -0.408944
-0.921408 -0.405641
-0.915119 -0.402346
-0.908829 -0.399057
-0.90254 -0.395776
-0.89625 -0.392503
-0.889961 -0.389236
-0.883671 -0.385977
-0.877382 -0.382725
-0.871092 -0.37948
-0.864803 -0.376242
-0.858513 -0.373012
-0.852224 -0.369789
-0.845934 -0.366573
-0.839645 -0.363364
-0.833355 -0.360163
-0.827066 -0.356969
-0.820776 -0.353782
-0.814487 -0.350602
-0.808198 -0.34743
-0.801908 -0.344265
-0.795619 -0.341107
-0.789329 -0.337956
-0.78304 -0.334813
-0.77675 -0.331676
-0.770461 -0.328547
-0.764171 -0.325426
-0.757882 -0.322311
-0.751592 -0.319204
-0.745303 -0.316104
-0.739013 -0.313011
-0.732724 -0.309925
-0.726434 -0.306847
-0.720145 -0.303776
-0.713855 -0.300712
-0.707566 -0.297656
-0.701276 -0.294606
-0.694987 -0.291564
-0.688697 -0.288529
-0.682408 -0.285502
-0.676119 -0.282481
-0.669829 -0.279468
-0.66354 -0.276462
-0.65725 -0.273463
-0.650961 -0.270472
-0.644671 -0.267488
-0.638382 -0.264511
-0.632092 -0.261541
-0.625803 -0.258578
-0.619513 -0.255623
-0.613224 -0.252675
-0.606934 -0.249734
-0.600645 -0.246801
-0.594355 -0.243874
-0.588066 -0.240955
-0.581776 -0.238043
-0.575487 -0.235139
-0.569197 -0.232241
-0.562908 -0.229351
-0.556619 -0.226468
-0.550329 -0.223593
-0.54404 -0.220724
-0.53775 -0.217863
-0.531461 -0.215009
-0.525171 -0.212163
-0.518882 -0.209323
-0.512592 -0.206491
-0.506303 -0.203666
-0.500013 -0.200848
-0.493724 -0.198038
-0.487434 -0.195234
-0.481145 -0.192438
-0.474855 -0.18965
-0.468566 -0.186868
-0.462276 -0.184094
-0.455987 -0.181327
-0.449697 -0.178567
-0.443408 -0.175814
-0.437118 -0.173069
-0.430829 -0.170331
-0.42454 -0.1676
-0.41825 -0.164876
-0.411961 -0.16216
-0.405671 -0.159451
-0.399382 -0.156749
-0.393092 -0.154054
-0.386803 -0.151367
-0.380513 -0.148686
-0.374224 -0.146013
-0.367934 -0.143348
-0.361645 -0.140689
-0.355355 -0.138038
-0.349066 -0.135394
-0.342776 -0.132757
-0.336487 -0.130128
-0.330197 -0.127505
-0.323908 -0.12489
-0.317618 -0.122282
-0.311329 -0.119682
-0.30504 -0.117089
-0.29875 -0.114502
-0.292461 -0.111924
-0.286171 -0.109352
-0.279882 -0.106788
-0.273592 -0.10423
-0.267303 -0.10168
-0.261013 -0.0991378
-0.254724 -0.0966023
-0.248434 -0.0940741
-0.242145 -0.0915532
-0.235855 -0.0890394
-0.229566 -0.0865329
-0.223276 -0.0840337
-0.216987 -0.0815417
-0.210697 -0.0790569
-0.204408 -0.0765794
-0.198118 -0.0741091
-0.191829 -0.071646
-0.18554 -0.0691902
-0.17925 -0.0667416
-0.172961 -0.0643003
-0.166671 -0.0618662
-0.160382 -0.0594393
-0.154092 -0.0570197
-0.147803 -0.0546073
-0.141513 -0.0522022
-0.135224 -0.0498043
-0.128934 -0.0474136
-0.122645 -0.0450302
-0.116355 -0.042654
-0.110066 -0.040285
-0.103776 -0.0379233
-0.0974869 -0.0355688
-0.0911974 -0.0332216
-0.0849079 -0.0308816
-0.0786184 -0.0285488
-0.072329 -0.0262233
-0.0660395 -0.023905
-0.05975 -0.0215939
-0.0534605 -0.0192901
-0.0471711 -0.0169936
-0.0408816 -0.0147042
-0.0345921 -0.0124221
-0.0283026 -0.0101473
-0.0220132 -0.00787966
-0.0157237 -0.00561928
-0.00943421 -0.00336614
-0.00314474 -0.00112024
0.00314474 0.00111843
0.00943421 0.00334985
0.0157237 0.00557404
0.0220132 0.00779099
0.0283026 0.0100007
0.0345921 0.0122032
0.0408816 0.0143984
0.0471711 0.0165864
0.0534605 0.0187672
0.05975 0.0209407
0.0660395 0.0231069
0.072329 0.025266
0.0786184 0.0274178
0.0849079 0.0295624
0.0911974 0.0316997
0.0974869 0.0338298
0.103776 0.0359526
0.110066 0.0380682
0.116355 0.0401766
0.122645 0.0422777
0.128934 0.0443716
0.135224 0.0464583
0.141513 0.0485377
0.147803 0.0506099
0.154092 0.0526748
0.160382 0.0547325
0.166671 0.056783
0.172961 0.0588262
0.17925 0.0608622
0.18554 0.0628909
0.191829 0.0649124
0.198118 0.0669267
0.204408 0.0689337
0.210697 0.0709335
0.216987 0.0729261
0.223276 0.0749114
0.229566 0.0768895
0.235855 0.0788603
0.242145 0.0808239
0.248434 0.0827803
0.254724 0.0847294
0.261013 0.0866713
0.267303 0.088606
0.273592 0.0905334
0.279882 0.0924535
0.286171 0.0943665
0.292461 0.0962722
0.29875 0.0981706
0.30504 0.100062
0.311329 0.101946
0.317618 0.103823
0.323908 0.105692
0.330197 0.107554
0.336487 0.109409
0.342776 0.111257
0.349066 0.113098
0.355355 0.114931
0.361645 0.116757
0.367934 0.118576
0.374224 0.120387
0.380513 0.122192
0.386803 0.123989
0.393092 0.125779
0.399382 0.127561
0.405671 0.129337
0.411961 0.131105
0.41825 0.132866
0.42454 0.13462
0.430829 0.136366
0.437118 0.138105
0.443408 0.139837
0.449697 0.141562
0.455987 0.14328
0.462276 0.14499
0.468566 0.146693
0.474855 0.148389
0.481145 0.150077
0.487434 0.151758
0.493724 0.153432
0.500013 0.155099
0.506303 0.156759
0.512592 0.158411
0.518882 0.160056
0.525171 0.161694
0.531461 0.163325
0.53775 0.164948
0.54404 0.166564
0.550329 0.168173
0.556619 0.169775
0.562908 0.171369
0.569197 0.172957
0.575487 0.174537
0.581776 0.176109
0.588066 0.177675
0.594355 0.179233
0.600645 0.180784
0.606934 0.182328
0.613224 0.183864
0.619513 0.185394
0.625803 0.186916
0.632092 0.188431
0.638382 0.189938
0.644671 0.191438
0.650961 0.192932
0.65725 0.194417
0.66354 0.195896
0.669829 0.197367
0.676119 0.198832
0.682408 0.200288
0.688697 0.201738
0.694987 0.203181
0.701276 0.204616
0.707566 0.206044
0.713855 0.207464
0.720145 0.208878
0.726434 0.210284
0.732724 0.211683
0.739013 0.213075
0.745303 0.214459
0.751592 0.215837
0.757882 0.217207
0.764171 0.21857
0.770461 0.219925
0.77675 0.221273
0.78304 0.222615
0.789329 0.223948
0.795619 0.225275
0.801908 0.226594
0.808198 0.227907
0.814487 0.229211
0.820776 0.230509
0.827066 0.2318
0.833355 0.233083
0.839645 0.234359
0.845934 0.235627
0.852224 0.236889
0.858513 0.238143
0.864803 0.23939
0.871092 0.24063
0.877382 0.241862
0.883671 0.243088
0.889961 0.244306
0.89625 0.245516
0.90254 0.24672
0.908829 0.247916
0.915119 0.249105
0.921408 0.250287
0.927698 0.251462
0.933987 0.252629
0.940276 0.253789
0.946566 0.254942
0.952855 0.256088
0.959145 0.257226
0.965434 0.258358
0.971724 0.259481
0.978013 0.260598
0.984303 0.261708
0.990592 0.26281
0.996882 0.263905
1.00317 0.264993
1.00946 0.266073
1.01575 0.267146
1.02204 0.268212
1.02833 0.269271
1.03462 0.270323
1.04091 0.271367
1.0472 0.272404
1.05349 0.273434
1.05978 0.274457
1.06607 0.275472
1.07236 0.27648
1.07864 0.277481
1.08493 0.278475
1.09122 0.279461
1.09751 0.28044
1.1038 0.281412
1.11009 0.282377
1.11638 0.283334
1.12267 0.284284
1.12896 0.285227
1.13525 0.286163
1.14154 0.287092
1.14783 0.288013
1.15412 0.288927
1.16041 0.289834
1.1667 0.290733
1.17299 0.291626
1.17928 0.292511
1.18557 0.293389
1.19186 0.294259
1.19814 0.295122
1.20443 0.295979
1.21072 0.296827
1.21701 0.297669
1.2233 0.298504
1.22959 0.299331
1.23588 0.300151
1.24217 0.300963
1.24846 0.301769
1.25475 0.302567
1.26104 0.303358
1.26733 0.304142
1.27362 0.304918
1.27991 0.305687
1.2862 0.306449
1.29249 0.307204
1.29878 0.307952
1.30507 0.308692
1.31136 0.309425
1.31764 0.310151
1.32393 0.310869
1.33022 0.311581
1.33651 0.312285
1.3428 0.312982
1.34909 0.313671
1.35538 0.314354
1.36167 0.315029
1.36796 0.315697
1.37425 0.316358
1.38054 0.317011
1.38683 0.317657
1.39312 0.318296
1.39941 0.318928
1.4057 0.319552
1.41199 0.32017
1.41828 0.32078
1.42457 0.321382
1.43086 0.321978
1.43714 0.322566
1.44343 0.323147
1.44972 0.323721
1.45601 0.324288
1.4623 0.324847
1.46859 0.325399
1.47488 0.325944
1.48117 0.326482
1.48746 0.327012
1.49375 0.327535
1.50004 0.328051
1.50633 0.32856
1.51262 0.329061
1.51891 0.329555
1.5252 0.330042
1.53149 0.330522
1.53778 0.330994
1.54407 0.33146
1.55036 0.331918
1.55665 0.332368
1.56293 0.332812
1.56922 0.333248
1.57551 0.333677
1.5818 0.334099
1.58809 0.334514
1.59438 0.334921
1.60067 0.335321
1.60696 0.335714
1.61325 0.3361
1.61954 0.336478
1.62583 0.336849
1.63212 0.337213
1.63841 0.33757
1.6447 0.337919
1.65099 0.338261
1.65728 0.338596
1.66357 0.338924
1.66986 0.339244
1.67615 0.339558
1.68243 0.339864
1.68872 0.340162
1.69501 0.340454
1.7013 0.340738
1.70759 0.341015
1.71388 0.341285
1.72017 0.341548
1.72646 0.341803
1.73275 0.342051
1.73904 0.342292
1.74533 0.342525
1.75162 0.342752
1.75791 0.342971
1.7642 0.343183
1.77049 0.343388
1.77678 0.343585
1.78307 0.343775
1.78936 0.343958
1.79565 0.344134
1.80193 0.344302
1.80822 0.344463
1.81451 0.344617
1.8208 0.344764
1.82709 0.344904
1.83338 0.345036
1.83967 0.345161
1.84596 0.345279
1.85225 0.345389
1.85854 0.345493
1.86483 0.345589
1.87112 0.345678
1.87741 0.345759
1.8837 0.345833
1.88999 0.345901
1.89628 0.34596
1.90257 0.346013
1.90886 0.346059
1.91515 0.346097
1.92143 0.346128
1.92772 0.346151
1.93401 0.346168
1.9403 0.346177
1.94659 0.346179
1.95288 0.346174
1.95917 0.346161
1.96546 0.346141
1.97175 0.346115
1.97804 0.34608
1.98433 0.346039
1.99062 0.34599
1.99691 0.345934
2.0032 0.345871
2.00949 0.345801
2.01578 0.345723
2.02207 0.345638
2.02836 0.345546
2.03465 0.345447
2.04093 0.34534
2.04722 0.345226
2.05351 0.345105
2.0598 0.344977
2.06609 0.344841
2.07238 0.344698
2.07867 0.344548
2.08496 0.344391
2.09125 0.344227
2.09754 0.344055
2.10383 0.343876
2.11012 0.34369
2.11641 0.343496
2.1227 0.343296
2.12899 0.343088
2.13528 0.342872
2.14157 0.34265
2.14786 0.34242
2.15415 0.342183
2.16043 0.341939
2.16672 0.341688
2.17301 0.341429
2.1793 0.341163
2.18559 0.34089
2.19188 0.34061
2.19817 0.340323
2.20446 0.340028
2.21075 0.339726
2.21704 0.339416
2.22333 0.3391
2.22962 0.338776
2.23591 0.338445
2.2422 0.338107
2.24849 0.337761
2.25478 0.337409
2.26107 0.337049
2.26736 0.336682
2.27365 0.336307
2.27993 0.335925
2.28622 0.335537
2.29251 0.33514
2.2988 0.334737
2.30509 0.334326
2.31138 0.333909
2.31767 0.333484
2.32396 0.333051
2.33025 0.332612
2.33654 0.332165
2.34283 0.331711
2.34912 0.331249
2.35541 0.330781
2.3617 0.330305
2.36799 0.329822
2.37428 0.329332
2.38057 0.328834
2.38686 0.32833
2.39315 0.327818
2.39943 0.327299
2.40572 0.326772
2.41201 0.326239
2.4183 0.325698
2.42459 0.325149
2.43088 0.324594
2.43717 0.324031
2.44346 0.323462
2.44975 0.322884
2.45604 0.3223
2.46233 0.321709
2.46862 0.32111
2.47491 0.320504
2.4812 0.31989
2.48749 0.31927
2.49378 0.318642
2.50007 0.318007
2.50636 0.317365
2.51265 0.316715
2.51893 0.316059
2.52522 0.315395
2.53151 0.314723
2.5378 0.314045
2.54409 0.313359
2.55038 0.312666
2.55667 0.311966
2.56296 0.311259
2.56925 0.310544
2.57554 0.309822
2.58183 0.309093
2.58812 0.308357
2.59441 0.307613
2.6007 0.306863
2.60699 0.306104
2.61328 0.305339
2.61957 0.304567
2.62586 0.303787
2.63215 0.303
2.63843 0.302206
2.64472 0.301404
2.65101 0.300595
2.6573 0.299779
2.66359 0.298956
2.66988 0.298126
2.67617 0.297288
2.68246 0.296443
2.68875 0.295591
2.69504 0.294732
2.70133 0.293865
2.70762 0.292991
2.71391 0.29211
2.7202 0.291222
2.72649 0.290326
2.73278 0.289423
2.73907 0.288513
2.74536 0.287596
2.75165 0.286671
2.75793 0.285739
2.76422 0.2848
2.77051 0.283854
2.7768 0.282901
2.78309 0.28194
2.78938 0.280972
2.79567 0.279997
2.80196 0.279014
2.80825 0.278025
2.81454 0.277028
2.82083 0.276023
2.82712 0.275012
2.83341 0.273993
2.8397 0.272967
2.84599 0.271934
2.85228 0.270894
2.85857 0.269846
2.86486 0.268792
2.87115 0.267729
2.87743 0.26666
2.88372 0.265584
2.89001 0.2645
2.8963 0.263409
2.90259 0.262311
2.90888 0.261205
2.91517 0.260092
2.92146 0.258972
2.92775 0.257845
2.93404 0.256711
2.94033 0.255569
2.94662 0.25442
2.95291 0.253264
2.9592 0.2521
2.96549 0.25093
2.97178 0.249752
2.97807 0.248567
2.98436 0.247374
2.99065 0.246175
2.99693 0.244968
3.00322 0.243754
3.00951 0.242532
3.0158 0.241304
3.02209 0.240068
3.02838 0.238825
3.03467 0.237575
3.04096 0.236317
3.04725 0.235052
3.05354 0.23378
3.05983 0.232501
3.06612 0.231215
3.07241 0.229921
3.0787 0.22862
3.08499 0.227312
3.09128 0.225997
3.09757 0.224674
3.10386 0.223344
3.11015 0.222007
3.11643 0.220662
3.12272 0.219311
3.12901 0.217952
3.1353 0.216586
3.14159 0.215213
