-3.14159 1.4788
-3.11002 1.23007
-3.07845 0.973878
-3.04687 0.712954
-3.0153 0.450028
-2.98372 0.187793
-2.95215 -0.0711191
-2.92058 -0.324161
-2.889 -0.568896
-2.85743 -0.80302
-2.82585 -1.02438
-2.79428 -1.231
-2.76271 -1.42109
-2.73113 -1.59305
-2.69956 -1.74551
-2.66799 -1.87733
-2.63641 -1.98757
-2.60484 -2.07557
-2.57326 -2.14087
-2.54169 -2.18327
-2.51012 -2.20279
-2.47854 -2.19969
-2.44697 -2.17446
-2.4154 -2.12778
-2.38382 -2.06056
-2.35225 -1.97389
-2.32067 -1.86902
-2.2891 -1.74738
-2.25753 -1.61052
-2.22595 -1.46014
-2.19438 -1.29801
-2.1628 -1.12602
-2.13123 -0.946077
-2.09966 -0.760171
-2.06808 -0.570295
-2.03651 -0.378441
-2.00494 -0.186587
-1.97336 0.0033327
-1.94179 0.189439
-1.91021 0.369931
-1.87864 0.543097
-1.84707 0.707337
-1.81549 0.861171
-1.78392 1.00325
-1.75235 1.13238
-1.72077 1.24752
-1.6892 1.34777
-1.65762 1.43243
-1.62605 1.50094
-1.59448 1.55295
-1.5629 1.58825
-1.53133 1.60683
-1.49976 1.60881
-1.46818 1.59452
-1.43661 1.56443
-1.40503 1.51915
-1.37346 1.45943
-1.34189 1.38618
-1.31031 1.3004
-1.27874 1.2032
-1.24716 1.0958
-1.21559 0.979472
-1.18402 0.855577
-1.15244 0.725513
-1.12087 0.590716
-1.0893 0.45264
-1.05772 0.312745
-1.02615 0.172477
-0.994575 0.0332596
-0.963001 -0.103523
-0.931427 -0.236538
-0.899853 -0.36452
-0.868279 -0.486276
-0.836706 -0.600703
-0.805132 -0.70679
-0.773558 -0.803634
-0.741984 -0.890441
-0.71041 -0.966534
-0.678837 -1.03136
-0.647263 -1.08449
-0.615689 -1.12561
-0.584115 -1.15456
-0.552541 -1.17129
-0.520968 -1.17586
-0.489394 -1.16847
-0.45782 -1.14944
-0.426246 -1.11919
-0.394672 -1.07824
-0.363099 -1.02723
-0.331525 -0.966869
-0.299951 -0.897952
-0.268377 -0.821344
-0.236803 -0.737973
-0.20523 -0.648813
-0.173656 -0.554881
-0.142082 -0.457218
-0.110508 -0.356885
-0.0789345 -0.254947
-0.0473607 -0.152465
-0.0157869 -0.0504832
0.0157869 0.0499783
0.0473607 0.147936
0.0789345 0.242452
0.110508 0.33264
0.142082 0.417677
0.173656 0.496807
0.20523 0.569348
0.236803 0.634701
0.268377 0.692347
0.299951 0.741861
0.331525 0.782902
0.363099 0.815226
0.394672 0.83868
0.426246 0.853204
0.45782 0.85883
0.489394 0.855676
0.520968 0.84395
0.552541 0.823941
0.584115 0.796016
0.615689 0.760613
0.647263 0.718239
0.678837 0.669461
0.71041 0.614897
0.741984 0.555215
0.773558 0.491116
0.805132 0.423338
0.836706 0.352636
0.868279 0.279783
0.899853 0.205556
0.931427 0.130731
0.963001 0.056077
0.994575 -0.0176578
1.02615 -0.0897471
1.05772 -0.159496
1.0893 -0.226248
1.12087 -0.289388
1.15244 -0.348351
1.18402 -0.402626
1.21559 -0.451757
1.24716 -0.495352
1.27874 -0.533081
1.31031 -0.564679
1.34189 -0.58995
1.37346 -0.608765
1.40503 -0.621062
1.43661 -0.626848
1.46818 -0.626192
1.49976 -0.61923
1.53133 -0.606158
1.5629 -0.587229
1.59448 -0.562751
1.62605 -0.533081
1.65762 -0.498622
1.6892 -0.459817
1.72077 -0.417144
1.75235 -0.371111
1.78392 -0.322249
1.81549 -0.271107
1.84707 -0.218247
1.87864 -0.164237
1.91021 -0.109644
1.94179 -0.0550305
1.97336 -0.000948855
2.00494 0.0520661
2.03651 0.103501
2.06808 0.152867
2.09966 0.199709
2.13123 0.243603
2.1628 0.284165
2.19438 0.321053
2.22595 0.353966
2.25753 0.382653
2.2891 0.406907
2.32067 0.426573
2.35225 0.441542
2.38382 0.451758
2.4154 0.457212
2.44697 0.457943
2.47854 0.454038
2.51012 0.44563
2.54169 0.432891
2.57326 0.416038
2.60484 0.395321
2.63641 0.371028
2.66799 0.343474
2.69956 0.313002
2.73113 0.279978
2.76271 0.244786
2.79428 0.207823
2.82585 0.169499
2.85743 0.130228
2.889 0.0904233
2.92058 0.0504985
2.95215 0.0108586
2.98372 -0.028102
3.0153 -0.0660038
3.04687 -0.102485
3.07845 -0.137206
3.11002 -0.169852
3.14159 -0.200134
-3.14159 1.4788
-3.11002 1.23007
-3.07845 0.973878
-3.04687 0.712954
-3.0153 0.450028
-2.98372 0.187793
-2.95215 -0.0711191
-2.92058 -0.324161
-2.889 -0.568896
-2.85743 -0.80302
-2.82585 -1.02438
-2.79428 -1.231
-2.76271 -1.42109
-2.73113 -1.59305
-2.69956 -1.74551
-2.66799 -1.87733
-2.63641 -1.98757
-2.60484 -2.07557
-2.57326 -2.14087
-2.54169 -2.18327
-2.51012 -2.20279
-2.47854 -2.19969
-2.44697 -2.17446
-2.4154 -2.12778
-2.38382 -2.06056
-2.35225 -1.97389
-2.32067 -1.86902
-2.2891 -1.74738
-2.25753 -1.61052
-2.22595 -1.46014
-2.19438 -1.29801
-2.1628 -1.12602
-2.13123 -0.946077
-2.09966 -0.760171
-2.06808 -0.570295
-2.03651 -0.378441
-2.00494 -0.186587
-1.97336 0.0033327
-1.94179 0.189439
-1.91021 0.369931
-1.87864 0.543097
-1.84707 0.707337
-1.81549 0.861171
-1.78392 1.00325
-1.75235 1.13238
-1.72077 1.24752
-1.6892 1.34777
-1.65762 1.43243
-1.62605 1.50094
-1.59448 1.55295
-1.5629 1.58825
-1.53133 1.60683
-1.49976 1.60881
-1.46818 1.59452
-1.43661 1.56443
-1.40503 1.51915
-1.37346 1.45943
-1.34189 1.38618
-1.31031 1.3004
-1.27874 1.2032
-1.24716 1.0958
-1.21559 0.979472
-1.18402 0.855577
-1.15244 0.725513
-1.12087 0.590716
-1.0893 0.45264
-1.05772 0.312745
-1.02615 0.172477
-0.994575 0.0332596
-0.963001 -0.103523
-0.931427 -0.236538
-0.899853 -0.36452
-0.868279 -0.486276
-0.836706 -0.600703
-0.805132 -0.70679
-0.773558 -0.803634
-0.741984 -0.890441
-0.71041 -0.966534
-0.678837 -1.03136
-0.647263 -1.08449
-0.615689 -1.12561
-0.584115 -1.15456
-0.552541 -1.17129
-0.520968 -1.17586
-0.489394 -1.16847
-0.45782 -1.14944
-0.426246 -1.11919
-0.394672 -1.07824
-0.363099 -1.02723
-0.331525 -0.966869
-0.299951 -0.897952
-0.268377 -0.821344
-0.236803 -0.737973
-0.20523 -0.648813
-0.173656 -0.554881
-0.142082 -0.457218
-0.110508 -0.356885
-0.0789345 -0.254947
-0.0473607 -0.152465
-0.0157869 -0.0504832
0.0157869 0.0499783
0.0473607 0.147936
0.0789345 0.242452
0.110508 0.33264
0.142082 0.417677
0.173656 0.496807
0.20523 0.569348
0.236803 0.634701
0.268377 0.692347
0.299951 0.741861
0.331525 0.782902
0.363099 0.815226
0.394672 0.83868
0.426246 0.853204
0.45782 0.85883
0.489394 0.855676
0.520968 0.84395
0.552541 0.823941
0.584115 0.796016
0.615689 0.760613
0.647263 0.718239
0.678837 0.669461
0.71041 0.614897
0.741984 0.555215
0.773558 0.491116
0.805132 0.423338
0.836706 0.352636
0.868279 0.279783
0.899853 0.205556
0.931427 0.130731
0.963001 0.056077
0.994575 -0.0176578
1.02615 -0.0897471
1.05772 -0.159496
1.0893 -0.226248
1.12087 -0.289388
1.15244 -0.348351
1.18402 -0.402626
1.21559 -0.451757
1.24716 -0.495352
1.27874 -0.533081
1.31031 -0.564679
1.34189 -0.58995
1.37346 -0.608765
1.40503 -0.621062
1.43661 -0.626848
1.46818 -0.626192
1.49976 -0.61923
1.53133 -0.606158
1.5629 -0.587229
1.59448 -0.562751
1.62605 -0.533081
1.65762 -0.498622
1.6892 -0.459817
1.72077 -0.417144
1.75235 -0.371111
1.78392 -0.322249
1.81549 -0.271107
1.84707 -0.218247
1.87864 -0.164237
1.91021 -0.109644
1.94179 -0.0550305
1.97336 -0.000948855
2.00494 0.0520661
2.03651 0.103501
2.06808 0.152867
2.09966 0.199709
2.13123 0.243603
2.1628 0.284165
2.19438 0.321053
2.22595 0.353966
2.25753 0.382653
2.2891 0.406907
2.32067 0.426573
2.35225 0.441542
2.38382 0.451758
2.4154 0.457212
2.44697 0.457943
2.47854 0.454038
2.51012 0.44563
2.54169 0.432891
2.57326 0.416038
2.60484 0.395321
2.63641 0.371028
2.66799 0.343474
2.69956 0.313002
2.73113 0.279978
2.76271 0.244786
2.79428 0.207823
2.82585 0.169499
2.85743 0.130228
2.889 0.0904233
2.92058 0.0504985
2.95215 0.0108586
2.98372 -0.028102
3.0153 -0.0660038
3.04687 -0.102485
3.07845 -0.137206
3.11002 -0.169852
3.14159 -0.200134
