-3.14159 1.4788
-3.1353 1.47456
-3.12901 1.47033
-3.12272 1.4661
-3.11643 1.46188
-3.11015 1.45766
-3.10386 1.45345
-3.09757 1.44924
-3.09128 1.44504
-3.08499 1.44085
-3.0787 1.43665
-3.07241 1.43247
-3.06612 1.42829
-3.05983 1.42411
-3.05354 1.41994
-3.04725 1.41577
-3.04096 1.41161
-3.03467 1.40745
-3.02838 1.4033
-3.02209 1.39916
-3.0158 1.39502
-3.00951 1.39088
-3.00322 1.38675
-2.99693 1.38263
-2.99065 1.37851
-2.98436 1.37439
-2.97807 1.37028
-2.97178 1.36618
-2.96549 1.36208
-2.9592 1.35798
-2.95291 1.35389
-2.94662 1.34981
-2.94033 1.34573
-2.93404 1.34166
-2.92775 1.33759
-2.92146 1.33352
-2.91517 1.32947
-2.90888 1.32541
-2.90259 1.32136
-2.8963 1.31732
-2.89001 1.31328
-2.88372 1.30925
-2.87743 1.30522
-2.87115 1.3012
-2.86486 1.29718
-2.85857 1.29317
-2.85228 1.28916
-2.84599 1.28516
-2.8397 1.28116
-2.83341 1.27717
-2.82712 1.27318
-2.82083 1.2692
-2.81454 1.26522
-2.80825 1.26125
-2.80196 1.25729
-2.79567 1.25333
-2.78938 1.24937
-2.78309 1.24542
-2.7768 1.24147
-2.77051 1.23753
-2.76422 1.2336
-2.75793 1.22967
-2.75165 1.22574
-2.74536 1.22182
-2.73907 1.21791
-2.73278 1.214
-2.72649 1.21009
-2.7202 1.20619
-2.71391 1.2023
-2.70762 1.19841
-2.70133 1.19452
-2.69504 1.19064
-2.68875 1.18677
-2.68246 1.1829
-2.67617 1.17904
-2.66988 1.17518
-2.66359 1.17132
-2.6573 1.16748
-2.65101 1.16363
-2.64472 1.15979
-2.63843 1.15596
-2.63215 1.15213
-2.62586 1.14831
-2.61957 1.14449
-2.61328 1.14068
-2.60699 1.13687
-2.6007 1.13307
-2.59441 1.12927
-2.58812 1.12548
-2.58183 1.12169
-2.57554 1.11791
-2.56925 1.11414
-2.56296 1.11036
-2.55667 1.1066
-2.55038 1.10284
-2.54409 1.09908
-2.5378 1.09533
-2.53151 1.09158
-2.52522 1.08784
-2.51893 1.08411
-2.51265 1.08038
-2.50636 1.07665
-2.50007 1.07293
-2.49378 1.06921
-2.48749 1.0655
-2.4812 1.0618
-2.47491 1.0581
-2.46862 1.05441
-2.46233 1.05072
-2.45604 1.04703
-2.44975 1.04335
-2.44346 1.03968
-2.43717 1.03601
-2.43088 1.03234
-2.42459 1.02869
-2.4183 1.02503
-2.41201 1.02138
-2.40572 1.01774
-2.39943 1.0141
-2.39315 1.01047
-2.38686 1.00684
-2.38057 1.00322
-2.37428 0.9996
-2.36799 0.995987
-2.3617 0.992379
-2.35541 0.988777
-2.34912 0.985179
-2.34283 0.981587
-2.33654 0.978
-2.33025 0.974418
-2.32396 0.970841
-2.31767 0.96727
-2.31138 0.963703
-2.30509 0.960142
-2.2988 0.956585
-2.29251 0.953034
-2.28622 0.949488
-2.27993 0.945947
-2.27365 0.942411
-2.26736 0.93888
-2.26107 0.935355
-2.25478 0.931834
-2.24849 0.928319
-2.2422 0.924809
-2.23591 0.921304
-2.22962 0.917804
-2.22333 0.914309
-2.21704 0.910819
-2.21075 0.907335
-2.20446 0.903855
-2.19817 0.900381
-2.19188 0.896912
-2.18559 0.893448
-2.1793 0.889989
-2.17301 0.886535
-2.16672 0.883086
-2.16043 0.879642
-2.15415 0.876204
-2.14786 0.872771
-2.14157 0.869342
-2.13528 0.865919
-2.12899 0.862501
-2.1227 0.859089
-2.11641 0.855681
-2.11012 0.852278
-2.10383 0.848881
-2.09754 0.845488
-2.09125 0.842101
-2.08496 0.838719
-2.07867 0.835342
-2.07238 0.83197
-2.06609 0.828604
-2.0598 0.825242
-2.05351 0.821886
-2.04722 0.818534
-2.04093 0.815188
-2.03465 0.811847
-2.02836 0.808511
-2.02207 0.80518
-2.01578 0.801854
-2.00949 0.798534
-2.0032 0.795218
-1.99691 0.791908
-1.99062 0.788603
-1.98433 0.785303
-1.97804 0.782008
-1.97175 0.778718
-1.96546 0.775433
-1.95917 0.772154
-1.95288 0.768879
-1.94659 0.76561
-1.9403 0.762346
-1.93401 0.759086
-1.92772 0.755832
-1.92143 0.752584
-1.91515 0.74934
-1.90886 0.746101
-1.90257 0.742868
-1.89628 0.73964
-1.88999 0.736416
-1.8837 0.733198
-1.87741 0.729985
-1.87112 0.726777
-1.86483 0.723575
-1.85854 0.720377
-1.85225 0.717185
-1.84596 0.713997
-1.83967 0.710815
-1.83338 0.707638
-1.82709 0.704466
-1.8208 0.701299
-1.81451 0.698137
-1.80822 0.694981
-1.80193 0.691829
-1.79565 0.688683
-1.78936 0.685542
-1.78307 0.682406
-1.77678 0.679275
-1.77049 0.676149
-1.7642 0.673028
-1.75791 0.669913
-1.75162 0.666802
-1.74533 0.663697
-1.73904 0.660597
-1.73275 0.657501
-1.72646 0.654411
-1.72017 0.651327
-1.71388 0.648247
-1.70759 0.645172
-1.7013 0.642103
-1.69501 0.639038
-1.68872 0.635979
-1.68243 0.632925
-1.67615 0.629876
-1.66986 0.626832
-1.66357 0.623794
-1.65728 0.62076
-1.65099 0.617732
-1.6447 0.614708
-1.63841 0.61169
-1.63212 0.608677
-1.62583 0.605669
-1.61954 0.602666
-1.61325 0.599668
-1.60696 0.596676
-1.60067 0.593688
-1.59438 0.590706
-1.58809 0.587729
-1.5818 0.584757
-1.57551 0.58179
-1.56922 0.578828
-1.56293 0.575871
-1.55665 0.572919
-1.55036 0.569973
-1.54407 0.567032
-1.53778 0.564095
-1.53149 0.561164
-1.5252 0.558238
-1.51891 0.555318
-1.51262 0.552402
-1.50633 0.549491
-1.50004 0.546586
-1.49375 0.543685
-1.48746 0.54079
-1.48117 0.5379
-1.47488 0.535015
-1.46859 0.532135
-1.4623 0.529261
-1.45601 0.526391
-1.44972 0.523526
-1.44343 0.520667
-1.43714 0.517813
-1.43086 0.514964
-1.42457 0.51212
-1.41828 0.509281
-1.41199 0.506447
-1.4057 0.503619
-1.39941 0.500795
-1.39312 0.497977
-1.38683 0.495164
-1.38054 0.492355
-1.37425 0.489553
-1.36796 0.486755
-1.36167 0.483962
-1.35538 0.481174
-1.34909 0.478392
-1.3428 0.475615
-1.33651 0.472842
-1.33022 0.470075
-1.32393 0.467313
-1.31764 0.464556
-1.31136 0.461805
-1.30507 0.459058
-1.29878 0.456317
-1.29249 0.45358
-1.2862 0.450849
-1.27991 0.448123
-1.27362 0.445402
-1.26733 0.442686
-1.26104 0.439975
-1.25475 0.43727
-1.24846 0.434569
-1.24217 0.431874
-1.23588 0.429184
-1.22959 0.426499
-1.2233 0.423819
-1.21701 0.421144
-1.21072 0.418474
-1.20443 0.415809
-1.19814 0.41315
-1.19186 0.410496
-1.18557 0.407846
-1.17928 0.405202
-1.17299 0.402563
-1.1667 0.399929
-1.16041 0.397301
-1.15412 0.394677
-1.14783 0.392059
-1.14154 0.389445
-1.13525 0.386837
-1.12896 0.384234
-1.12267 0.381636
-1.11638 0.379043
-1.11009 0.376455
-1.1038 0.373873
-1.09751 0.371295
-1.09122 0.368723
-1.08493 0.366156
-1.07864 0.363594
-1.07236 0.361037
-1.06607 0.358485
-1.05978 0.355938
-1.05349 0.353396
-1.0472 0.35086
-1.04091 0.348329
-1.03462 0.345802
-1.02833 0.343281
-1.02204 0.340765
-1.01575 0.338254
-1.00946 0.335749
-1.00317 0.333248
-0.996882 0.330753
-0.990592 0.328262
-0.984303 0.325777
-0.978013 0.323297
-0.971724 0.320822
-0.965434 0.318352
-0.959145 0.315887
-0.952855 0.313428
-0.946566 0.310973
-0.940276 0.308524
-0.933987 0.30608
-0.927698 0.303641
-0.921408 0.301207
-0.915119 0.298778
-0.908829 0.296354
-0.90254 0.293935
-0.89625 0.291522
-0.889961 0.289114
-0.883671 0.28671
-0.877382 0.284312
-0.871092 0.281919
-0.864803 0.279531
-0.858513 0.277149
-0.852224 0.274771
-0.845934 0.272399
-0.839645 0.270031
-0.833355 0.267669
-0.827066 0.265312
-0.820776 0.26296
-0.814487 0.260613
-0.808198 0.258271
-0.801908 0.255935
-0.795619 0.253603
-0.789329 0.251277
-0.78304 0.248956
-0.77675 0.24664
-0.770461 0.244329
-0.764171 0.242023
-0.757882 0.239722
-0.751592 0.237426
-0.745303 0.235136
-0.739013 0.232851
-0.732724 0.23057
-0.726434 0.228295
-0.720145 0.226025
-0.713855 0.22376
-0.707566 0.221501
-0.701276 0.219246
-0.694987 0.216997
-0.688697 0.214752
-0.682408 0.212513
-0.676119 0.210279
-0.669829 0.20805
-0.66354 0.205826
-0.65725 0.203607
-0.650961 0.201394
-0.644671 0.199185
-0.638382 0.196982
-0.632092 0.194784
-0.625803 0.19259
-0.619513 0.190402
-0.613224 0.18822
-0.606934 0.186042
-0.600645 0.183869
-0.594355 0.181702
-0.588066 0.179539
-0.581776 0.177382
-0.575487 0.17523
-0.569197 0.173083
-0.562908 0.170941
-0.556619 0.168804
-0.550329 0.166673
-0.54404 0.164546
-0.53775 0.162425
-0.531461 0.160309
-0.525171 0.158198
-0.518882 0.156092
-0.512592 0.153991
-0.506303 0.151895
-0.500013 0.149804
-0.493724 0.147719
-0.487434 0.145639
-0.481145 0.143563
-0.474855 0.141493
-0.468566 0.139428
-0.462276 0.137368
-0.455987 0.135314
-0.449697 0.133264
-0.443408 0.13122
-0.437118 0.12918
-0.430829 0.127146
-0.42454 0.125117
-0.41825 0.123093
-0.411961 0.121074
-0.405671 0.11906
-0.399382 0.117052
-0.393092 0.115048
-0.386803 0.11305
-0.380513 0.111057
-0.374224 0.109068
-0.367934 0.107086
-0.361645 0.105108
-0.355355 0.103135
-0.349066 0.101167
-0.342776 0.0992048
-0.336487 0.0972474
-0.330197 0.0952952
-0.323908 0.0933481
-0.317618 0.0914061
-0.311329 0.0894692
-0.30504 0.0875375
-0.29875 0.0856109
-0.292461 0.0836894
-0.286171 0.081773
-0.279882 0.0798618
-0.273592 0.0779557
-0.267303 0.0760547
-0.261013 0.0741588
-0.254724 0.0722681
-0.248434 0.0703825
-0.242145 0.068502
-0.235855 0.0666266
-0.229566 0.0647564
-0.223276 0.0628913
-0.216987 0.0610313
-0.210697 0.0591764
-0.204408 0.0573267
-0.198118 0.0554821
-0.191829 0.0536426
-0.18554 0.0518082
-0.17925 0.049979
-0.172961 0.0481548
-0.166671 0.0463359
-0.160382 0.044522
-0.154092 0.0427132
-0.147803 0.0409096
-0.141513 0.0391111
-0.135224 0.0373178
-0.128934 0.0355295
-0.122645 0.0337464
-0.116355 0.0319684
-0.110066 0.0301956
-0.103776 0.0284278
-0.0974869 0.0266652
-0.0911974 0.0249077
-0.0849079 0.0231553
-0.0786184 0.0214081
-0.072329 0.019666
-0.0660395 0.017929
-0.05975 0.0161971
-0.0534605 0.0144704
-0.0471711 0.0127488
-0.0408816 0.0110323
-0.0345921 0.00932091
-0.0283026 0.00761467
-0.0220132 0.00591355
-0.0157237 0.00421756
-0.00943421 0.00252669
-0.00314474 0.000840949
0.00314474 -0.000839668
0.00943421 -0.00251516
0.0157237 -0.00418553
0.0220132 -0.00585077
0.0283026 -0.00751089
0.0345921 -0.00916588
0.0408816 -0.0108157
0.0471711 -0.0124605
0.0534605 -0.0141001
0.05975 -0.0157346
0.0660395 -0.017364
0.072329 -0.0189882
0.0786184 -0.0206073
0.0849079 -0.0222213
0.0911974 -0.0238302
0.0974869 -0.0254339
0.103776 -0.0270326
0.110066 -0.0286261
0.116355 -0.0302144
0.122645 -0.0317977
0.128934 -0.0333758
0.135224 -0.0349488
0.141513 -0.0365166
0.147803 -0.0380794
0.154092 -0.039637
0.160382 -0.0411895
0.166671 -0.0427369
0.172961 -0.0442791
0.17925 -0.0458162
0.18554 -0.0473482
0.191829 -0.0488751
0.198118 -0.0503969
0.204408 -0.0519135
0.210697 -0.053425
0.216987 -0.0549313
0.223276 -0.0564326
0.229566 -0.0579287
0.235855 -0.0594197
0.242145 -0.0609056
0.248434 -0.0623863
0.254724 -0.0638619
0.261013 -0.0653324
0.267303 -0.0667978
0.273592 -0.068258
0.279882 -0.0697132
0.286171 -0.0711632
0.292461 -0.072608
0.29875 -0.0740478
0.30504 -0.0754824
0.311329 -0.0769119
0.317618 -0.0783363
0.323908 -0.0797555
0.330197 -0.0811696
0.336487 -0.0825786
0.342776 -0.0839825
0.349066 -0.0853813
0.355355 -0.0867749
0.361645 -0.0881634
0.367934 -0.0895467
0.374224 -0.090925
0.380513 -0.0922981
0.386803 -0.0936661
0.393092 -0.095029
0.399382 -0.0963867
0.405671 -0.0977394
0.411961 -0.0990869
0.41825 -0.100429
0.42454 -0.101766
0.430829 -0.103099
0.437118 -0.104426
0.443408 -0.105747
0.449697 -0.107064
0.455987 -0.108376
0.462276 -0.109682
0.468566 -0.110984
0.474855 -0.11228
0.481145 -0.113571
0.487434 -0.114857
0.493724 -0.116138
0.500013 -0.117414
0.506303 -0.118684
0.512592 -0.11995
0.518882 -0.12121
0.525171 -0.122465
0.531461 -0.123716
0.53775 -0.124961
0.54404 -0.1262
0.550329 -0.127435
0.556619 -0.128665
0.562908 -0.129889
0.569197 -0.131109
0.575487 -0.132323
0.581776 -0.133532
0.588066 -0.134736
0.594355 -0.135935
0.600645 -0.137129
0.606934 -0.138317
0.613224 -0.139501
0.619513 -0.140679
0.625803 -0.141852
0.632092 -0.143021
0.638382 -0.144184
0.644671 -0.145341
0.650961 -0.146494
0.65725 -0.147642
0.66354 -0.148784
0.669829 -0.149922
0.676119 -0.151054
0.682408 -0.152181
0.688697 -0.153303
0.694987 -0.15442
0.701276 -0.155532
0.707566 -0.156638
0.713855 -0.15774
0.720145 -0.158836
0.726434 -0.159927
0.732724 -0.161014
0.739013 -0.162095
0.745303 -0.16317
0.751592 -0.164241
0.757882 -0.165307
0.764171 -0.166367
0.770461 -0.167423
0.77675 -0.168473
0.78304 -0.169518
0.789329 -0.170558
0.795619 -0.171593
0.801908 -0.172623
0.808198 -0.173647
0.814487 -0.174667
0.820776 -0.175681
0.827066 -0.176691
0.833355 -0.177695
0.839645 -0.178694
0.845934 -0.179688
0.852224 -0.180676
0.858513 -0.18166
0.864803 -0.182638
0.871092 -0.183612
0.877382 -0.18458
0.883671 -0.185543
0.889961 -0.186501
0.89625 -0.187454
0.90254 -0.188402
0.908829 -0.189344
0.915119 -0.190282
0.921408 -0.191214
0.927698 -0.192142
0.933987 -0.193064
0.940276 -0.193981
0.946566 -0.194893
0.952855 -0.195799
0.959145 -0.196701
0.965434 -0.197597
0.971724 -0.198489
0.978013 -0.199375
0.984303 -0.200256
0.990592 -0.201132
0.996882 -0.202003
1.00317 -0.202869
1.00946 -0.20373
1.01575 -0.204585
1.02204 -0.205435
1.02833 -0.206281
1.03462 -0.207121
1.04091 -0.207956
1.0472 -0.208786
1.05349 -0.20961
1.05978 -0.21043
1.06607 -0.211245
1.07236 -0.212054
1.07864 -0.212858
1.08493 -0.213657
1.09122 -0.214451
1.09751 -0.21524
1.1038 -0.216024
1.11009 -0.216803
1.11638 -0.217576
1.12267 -0.218345
1.12896 -0.219108
1.13525 -0.219866
1.14154 -0.220619
1.14783 -0.221367
1.15412 -0.22211
1.16041 -0.222847
1.1667 -0.22358
1.17299 -0.224307
1.17928 -0.225029
1.18557 -0.225746
1.19186 -0.226458
1.19814 -0.227165
1.20443 -0.227867
1.21072 -0.228564
1.21701 -0.229255
1.2233 -0.229942
1.22959 -0.230623
1.23588 -0.231299
1.24217 -0.23197
1.24846 -0.232636
1.25475 -0.233297
1.26104 -0.233952
1.26733 -0.234603
1.27362 -0.235248
1.27991 -0.235888
1.2862 -0.236524
1.29249 -0.237154
1.29878 -0.237778
1.30507 -0.238398
1.31136 -0.239013
1.31764 -0.239622
1.32393 -0.240227
1.33022 -0.240826
1.33651 -0.24142
1.3428 -0.242009
1.34909 -0.242593
1.35538 -0.243172
1.36167 -0.243745
1.36796 -0.244314
1.37425 -0.244877
1.38054 -0.245436
1.38683 -0.245989
1.39312 -0.246537
1.39941 -0.24708
1.4057 -0.247617
1.41199 -0.24815
1.41828 -0.248678
1.42457 -0.2492
1.43086 -0.249717
1.43714 -0.250229
1.44343 -0.250736
1.44972 -0.251238
1.45601 -0.251735
1.4623 -0.252227
1.46859 -0.252713
1.47488 -0.253195
1.48117 -0.253671
1.48746 -0.254142
1.49375 -0.254608
1.50004 -0.255069
1.50633 -0.255525
1.51262 -0.255975
1.51891 -0.256421
1.5252 -0.256861
1.53149 -0.257296
1.53778 -0.257727
1.54407 -0.258152
1.55036 -0.258571
1.55665 -0.258986
1.56293 -0.259396
1.56922 -0.2598
1.57551 -0.2602
1.5818 -0.260594
1.58809 -0.260983
1.59438 -0.261367
1.60067 -0.261746
1.60696 -0.26212
1.61325 -0.262488
1.61954 -0.262852
1.62583 -0.26321
1.63212 -0.263564
1.63841 -0.263912
1.6447 -0.264255
1.65099 -0.264593
1.65728 -0.264925
1.66357 -0.265253
1.66986 -0.265576
1.67615 -0.265893
1.68243 -0.266205
1.68872 -0.266512
1.69501 -0.266814
1.7013 -0.267111
1.70759 -0.267403
1.71388 -0.26769
1.72017 -0.267971
1.72646 -0.268248
1.73275 -0.268519
1.73904 -0.268785
1.74533 -0.269046
1.75162 -0.269302
1.75791 -0.269553
1.7642 -0.269798
1.77049 -0.270039
1.77678 -0.270274
1.78307 -0.270504
1.78936 -0.27073
1.79565 -0.27095
1.80193 -0.271164
1.80822 -0.271374
1.81451 -0.271579
1.8208 -0.271778
1.82709 -0.271973
1.83338 -0.272162
1.83967 -0.272346
1.84596 -0.272525
1.85225 -0.272699
1.85854 -0.272868
1.86483 -0.273032
1.87112 -0.27319
1.87741 -0.273343
1.8837 -0.273492
1.88999 -0.273635
1.89628 -0.273773
1.90257 -0.273906
1.90886 -0.274034
1.91515 -0.274156
1.92143 -0.274274
1.92772 -0.274386
1.93401 -0.274493
1.9403 -0.274595
1.94659 -0.274692
1.95288 -0.274784
1.95917 -0.274871
1.96546 -0.274953
1.97175 -0.275029
1.97804 -0.275101
1.98433 -0.275167
1.99062 -0.275228
1.99691 -0.275284
2.0032 -0.275335
2.00949 -0.275381
2.01578 -0.275421
2.02207 -0.275457
2.02836 -0.275487
2.03465 -0.275513
2.04093 -0.275533
2.04722 -0.275548
2.05351 -0.275558
2.0598 -0.275562
2.06609 -0.275562
2.07238 -0.275557
2.07867 -0.275546
2.08496 -0.27553
2.09125 -0.275509
2.09754 -0.275483
2.10383 -0.275452
2.11012 -0.275416
2.11641 -0.275375
2.1227 -0.275328
2.12899 -0.275277
2.13528 -0.27522
2.14157 -0.275158
2.14786 -0.275091
2.15415 -0.275019
2.16043 -0.274942
2.16672 -0.274859
2.17301 -0.274772
2.1793 -0.274679
2.18559 -0.274582
2.19188 -0.274479
2.19817 -0.274371
2.20446 -0.274258
2.21075 -0.274139
2.21704 -0.274016
2.22333 -0.273888
2.22962 -0.273754
2.23591 -0.273615
2.2422 -0.273471
2.24849 -0.273322
2.25478 -0.273168
2.26107 -0.273009
2.26736 -0.272845
2.27365 -0.272675
2.27993 -0.272501
2.28622 -0.272321
2.29251 -0.272136
2.2988 -0.271946
2.30509 -0.271751
2.31138 -0.271551
2.31767 -0.271345
2.32396 -0.271135
2.33025 -0.270919
2.33654 -0.270699
2.34283 -0.270473
2.34912 -0.270242
2.35541 -0.270006
2.3617 -0.269764
2.36799 -0.269518
2.37428 -0.269267
2.38057 -0.26901
2.38686 -0.268748
2.39315 -0.268481
2.39943 -0.268209
2.40572 -0.267932
2.41201 -0.26765
2.4183 -0.267363
2.42459 -0.26707
2.43088 -0.266773
2.43717 -0.26647
2.44346 -0.266162
2.44975 -0.265849
2.45604 -0.265531
2.46233 -0.265208
2.46862 -0.264879
2.47491 -0.264546
2.4812 -0.264207
2.48749 -0.263864
2.49378 -0.263515
2.50007 -0.263161
2.50636 -0.262802
2.51265 -0.262438
2.51893 -0.262068
2.52522 -0.261694
2.53151 -0.261314
2.5378 -0.260929
2.54409 -0.26054
2.55038 -0.260145
2.55667 -0.259744
2.56296 -0.259339
2.56925 -0.258929
2.57554 -0.258513
2.58183 -0.258093
2.58812 -0.257667
2.59441 -0.257236
2.6007 -0.2568
2.60699 -0.256359
2.61328 -0.255913
2.61957 -0.255462
2.62586 -0.255005
2.63215 -0.254544
2.63843 -0.254077
2.64472 -0.253605
2.65101 -0.253128
2.6573 -0.252646
2.66359 -0.252159
2.66988 -0.251666
2.67617 -0.251169
2.68246 -0.250666
2.68875 -0.250159
2.69504 -0.249646
2.70133 -0.249128
2.70762 -0.248605
2.71391 -0.248076
2.7202 -0.247543
2.72649 -0.247005
2.73278 -0.246461
2.73907 -0.245912
2.74536 -0.245358
2.75165 -0.244799
2.75793 -0.244235
2.76422 -0.243666
2.77051 -0.243092
2.7768 -0.242512
2.78309 -0.241928
2.78938 -0.241338
2.79567 -0.240743
2.80196 -0.240143
2.80825 -0.239538
2.81454 -0.238928
2.82083 -0.238312
2.82712 -0.237692
2.83341 -0.237066
2.8397 -0.236436
2.84599 -0.2358
2.85228 -0.235159
2.85857 -0.234513
2.86486 -0.233862
2.87115 -0.233205
2.87743 -0.232544
2.88372 -0.231877
2.89001 -0.231205
2.8963 -0.230529
2.90259 -0.229847
2.90888 -0.22916
2.91517 -0.228467
2.92146 -0.22777
2.92775 -0.227067
2.93404 -0.22636
2.94033 -0.225647
2.94662 -0.224929
2.95291 -0.224206
2.9592 -0.223478
2.96549 -0.222745
2.97178 -0.222007
2.97807 -0.221263
2.98436 -0.220515
2.99065 -0.219761
2.99693 -0.219002
3.00322 -0.218238
3.00951 -0.217469
3.0158 -0.216695
3.02209 -0.215915
3.02838 -0.215131
3.03467 -0.214341
3.04096 -0.213547
3.04725 -0.212747
3.05354 -0.211942
3.05983 -0.211132
3.06612 -0.210317
3.07241 -0.209496
3.0787 -0.208671
3.08499 -0.20784
3.09128 -0.207004
3.09757 -0.206164
3.10386 -0.205318
3.11015 -0.204467
3.11643 -0.20361
3.12272 -0.202749
3.12901 -0.201882
3.1353 -0.201011
3.14159 -0.200134
