-3.11869 1.29922
-2.93744 -0.189888
-2.58548 -2.11832
-2.08326 -0.661939
-1.45997 1.5882
-0.751832 -0.864485
-5.05207e-16 -1.60812e-15
0.751832 0.535662
1.45997 -0.626976
2.08326 0.175726
2.58548 0.408466
2.93744 0.0292654
3.11869 -0.178412
-3.11869 1.29922
-2.93744 -0.189888
-2.58548 -2.11832
-2.08326 -0.661939
-1.45997 1.5882
-0.751832 -0.864485
-5.05207e-16 -1.60812e-15
0.751832 0.535662
1.45997 -0.626976
2.08326 0.175726
2.58548 0.408466
2.93744 0.0292654
3.11869 -0.178412
-3.11869 1.29922
-2.93744 -0.189888
-2.58548 -2.11832
-2.08326 -0.661939
-1.45997 1.5882
-0.751832 -0.864485
-5.05207e-16 -1.60812e-15
0.751832 0.535662
1.45997 -0.626976
2.08326 0.175726
2.58548 0.408466
2.93744 0.0292654
3.11869 -0.178412
