-3.14159 1.4788
-2.77199 -1.36699
-2.40239 -2.10253
-2.0328 -0.355832
-1.6632 1.41865
-1.2936 1.25029
-0.923998 -0.26715
-0.554399 -1.17064
-0.1848 -0.588514
0.1848 0.523194
0.554399 0.822514
0.923998 0.14835
1.2936 -0.548728
1.6632 -0.492077
2.0328 0.0975477
2.40239 0.455541
2.77199 0.23408
3.14159 -0.200134
-3.14159 1.4788
-2.77199 -1.36699
-2.40239 -2.10253
-2.0328 -0.355832
-1.6632 1.41865
-1.2936 1.25029
-0.923998 -0.26715
-0.554399 -1.17064
-0.1848 -0.588514
0.1848 0.523194
0.554399 0.822514
0.923998 0.14835
1.2936 -0.548728
1.6632 -0.492077
2.0328 0.0975477
2.40239 0.455541
2.77199 0.23408
3.14159 -0.200134
-3.14159 1.4788
-2.77199 -1.36699
-2.40239 -2.10253
-2.0328 -0.355832
-1.6632 1.41865
-1.2936 1.25029
-0.923998 -0.26715
-0.554399 -1.17064
-0.1848 -0.588514
0.1848 0.523194
0.554399 0.822514
0.923998 0.14835
1.2936 -0.548728
1.6632 -0.492077
2.0328 0.0975477
2.40239 0.455541
2.77199 0.23408
3.14159 -0.200134
