-3.13281 1.41051
-3.06283 0.845227
-2.92443 -0.293703
-2.7207 -1.64565
-2.4562 -2.18408
-2.13683 -0.978451
-1.76972 1.06299
-1.36309 1.43681
-0.926001 -0.258926
-0.46823 -1.15697
1.92367e-16 6.12323e-16
0.46823 0.858751
0.926001 0.1436
1.36309 -0.603301
1.76972 -0.344535
2.13683 0.251043
2.4562 0.457276
2.7207 0.29115
2.92443 0.0456416
3.06283 -0.120271
3.13281 -0.191962
-3.13281 1.41051
-3.06283 0.845227
-2.92443 -0.293703
-2.7207 -1.64565
-2.4562 -2.18408
-2.13683 -0.978451
-1.76972 1.06299
-1.36309 1.43681
-0.926001 -0.258926
-0.46823 -1.15697
1.92367e-16 6.12323e-16
0.46823 0.858751
0.926001 0.1436
1.36309 -0.603301
1.76972 -0.344535
2.13683 0.251043
2.4562 0.457276
2.7207 0.29115
2.92443 0.0456416
3.06283 -0.120271
3.13281 -0.191962
