-3.14159 1.4788
-2.69279 -1.77553
-2.24399 -1.54763
-1.7952 0.953937
-1.3464 1.39744
-0.897598 -0.373437
-0.448799 -1.14192
0 0
0.448799 0.858125
0.897598 0.210887
1.3464 -0.593036
1.7952 -0.304217
2.24399 0.370891
2.69279 0.319759
3.14159 -0.200134
-3.14159 1.4788
-2.69279 -1.77553
-2.24399 -1.54763
-1.7952 0.953937
-1.3464 1.39744
-0.897598 -0.373437
-0.448799 -1.14192
0 0
0.448799 0.858125
0.897598 0.210887
1.3464 -0.593036
1.7952 -0.304217
2.24399 0.370891
2.69279 0.319759
3.14159 -0.200134
-3.14159 1.4788
-2.69279 -1.77553
-2.24399 -1.54763
-1.7952 0.953937
-1.3464 1.39744
-0.897598 -0.373437
-0.448799 -1.14192
0 0
0.448799 0.858125
0.897598 0.210887
1.3464 -0.593036
1.7952 -0.304217
2.24399 0.370891
2.69279 0.319759
3.14159 -0.200134
-3.14159 1.4788
-2.69279 -1.77553
-2.24399 -1.54763
-1.7952 0.953937
-1.3464 1.39744
-0.897598 -0.373437
-0.448799 -1.14192
0 0
0.448799 0.858125
0.897598 0.210887
1.3464 -0.593036
1.7952 -0.304217
2.24399 0.370891
2.69279 0.319759
3.14159 -0.200134
