-3.14159 1.4788
-2.89993 -0.485267
-2.65827 -1.91358
-2.41661 -2.12996
-2.17495 -1.19321
-1.93329 0.238658
-1.69163 1.3406
-1.44997 1.57905
-1.2083 0.951503
-0.966644 -0.0879076
-0.724983 -0.932784
-0.483322 -1.1657
-0.241661 -0.751201
0 0
0.241661 0.644083
0.483322 0.856956
0.724983 0.587946
0.966644 0.0475082
1.2083 -0.440897
1.44997 -0.62735
1.69163 -0.456666
1.93329 -0.0697044
2.17495 0.298805
2.41661 0.457327
2.65827 0.352279
2.89993 0.076596
3.14159 -0.200134
-3.14159 1.4788
-2.89993 -0.485267
-2.65827 -1.91358
-2.41661 -2.12996
-2.17495 -1.19321
-1.93329 0.238658
-1.69163 1.3406
-1.44997 1.57905
-1.2083 0.951503
-0.966644 -0.0879076
-0.724983 -0.932784
-0.483322 -1.1657
-0.241661 -0.751201
0 0
0.241661 0.644083
0.483322 0.856956
0.724983 0.587946
0.966644 0.0475082
1.2083 -0.440897
1.44997 -0.62735
1.69163 -0.456666
1.93329 -0.0697044
2.17495 0.298805
2.41661 0.457327
2.65827 0.352279
2.89993 0.076596
3.14159 -0.200134
