-3.13586 1.43433
-3.09013 1.06941
-2.99934 0.317274
-2.86482 -0.749294
-2.68852 -1.79401
-2.47301 -2.19685
-2.22144 -1.43765
-1.93748 0.214441
-1.62526 1.50244
-1.28935 1.23707
-0.934633 -0.223239
-0.566288 -1.16551
-0.189685 -0.603099
0.189685 0.534496
0.566288 0.812732
0.934633 0.12313
1.28935 -0.544395
1.62526 -0.53388
1.93748 -0.0624645
2.22144 0.349517
2.47301 0.455052
2.68852 0.323969
2.86482 0.120945
2.99934 -0.0470083
3.09013 -0.149549
3.13586 -0.194825
-3.13586 1.43433
-3.09013 1.06941
-2.99934 0.317274
-2.86482 -0.749294
-2.68852 -1.79401
-2.47301 -2.19685
-2.22144 -1.43765
-1.93748 0.214441
-1.62526 1.50244
-1.28935 1.23707
-0.934633 -0.223239
-0.566288 -1.16551
-0.189685 -0.603099
0.189685 0.534496
0.566288 0.812732
0.934633 0.12313
1.28935 -0.544395
1.62526 -0.53388
1.93748 -0.0624645
2.22144 0.349517
2.47301 0.455052
2.68852 0.323969
2.86482 0.120945
2.99934 -0.0470083
3.09013 -0.149549
3.13586 -0.194825
