-3.14159 1.4788
-2.84239 -0.910148
-2.54319 -2.18177
-2.24399 -1.54763
-1.9448 0.171929
-1.6456 1.46046
-1.3464 1.39744
-1.0472 0.265959
-0.747998 -0.874713
-0.448799 -1.14192
-0.1496 -0.480753
0.1496 0.43708
0.448799 0.858125
0.747998 0.543324
1.0472 -0.136548
1.3464 -0.593036
1.6456 -0.512287
1.9448 -0.0498484
2.24399 0.370891
2.54319 0.43218
2.84239 0.14902
3.14159 -0.200134
-3.14159 1.4788
-2.84239 -0.910148
-2.54319 -2.18177
-2.24399 -1.54763
-1.9448 0.171929
-1.6456 1.46046
-1.3464 1.39744
-1.0472 0.265959
-0.747998 -0.874713
-0.448799 -1.14192
-0.1496 -0.480753
0.1496 0.43708
0.448799 0.858125
0.747998 0.543324
1.0472 -0.136548
1.3464 -0.593036
1.6456 -0.512287
1.9448 -0.0498484
2.24399 0.370891
2.54319 0.43218
2.84239 0.14902
3.14159 -0.200134
