-3.06283 0.845227
-2.4562 -2.18408
-1.36309 1.43681
1.92367e-16 6.12323e-16
1.36309 -0.603301
2.4562 0.457276
3.06283 -0.120271
-3.06283 0.845227
-2.4562 -2.18408
-1.36309 1.43681
1.92367e-16 6.12323e-16
1.36309 -0.603301
2.4562 0.457276
3.06283 -0.120271
-3.06283 0.845227
-2.4562 -2.18408
-1.36309 1.43681
1.92367e-16 6.12323e-16
1.36309 -0.603301
2.4562 0.457276
3.06283 -0.120271
-3.06283 0.845227
-2.4562 -2.18408
-1.36309 1.43681
1.92367e-16 6.12323e-16
1.36309 -0.603301
2.4562 0.457276
3.06283 -0.120271
