-3.14159 1.4788
-3.1353 1.48212
-3.12901 1.48034
-3.12272 1.47376
-3.11643 1.46267
-3.11015 1.44732
-3.10386 1.42799
-3.09757 1.40491
-3.09128 1.37833
-3.08499 1.34848
-3.0787 1.31558
-3.07241 1.27983
-3.06612 1.24143
-3.05983 1.20058
-3.05354 1.15745
-3.04725 1.11224
-3.04096 1.06509
-3.03467 1.01618
-3.02838 0.965646
-3.02209 0.913648
-3.0158 0.86032
-3.00951 0.805797
-3.00322 0.750203
-2.99693 0.693662
-2.99065 0.636288
-2.98436 0.578192
-2.97807 0.519478
-2.97178 0.460246
-2.96549 0.400591
-2.9592 0.340605
-2.95291 0.280372
-2.94662 0.219975
-2.94033 0.159491
-2.93404 0.0989938
-2.92775 0.0385543
-2.92146 -0.0217614
-2.91517 -0.0818903
-2.90888 -0.141773
-2.90259 -0.201352
-2.8963 -0.260574
-2.89001 -0.319389
-2.88372 -0.377748
-2.87743 -0.435606
-2.87115 -0.492921
-2.86486 -0.549652
-2.85857 -0.605761
-2.85228 -0.661212
-2.84599 -0.715971
-2.8397 -0.770007
-2.83341 -0.823291
-2.82712 -0.875793
-2.82083 -0.927489
-2.81454 -0.978353
-2.80825 -1.02836
-2.80196 -1.0775
-2.79567 -1.12574
-2.78938 -1.17306
-2.78309 -1.21945
-2.7768 -1.2649
-2.77051 -1.30938
-2.76422 -1.35289
-2.75793 -1.39542
-2.75165 -1.43694
-2.74536 -1.47745
-2.73907 -1.51695
-2.73278 -1.55542
-2.72649 -1.59285
-2.7202 -1.62925
-2.71391 -1.66459
-2.70762 -1.69889
-2.70133 -1.73212
-2.69504 -1.7643
-2.68875 -1.79541
-2.68246 -1.82545
-2.67617 -1.85443
-2.66988 -1.88234
-2.66359 -1.90917
-2.6573 -1.93494
-2.65101 -1.95963
-2.64472 -1.98326
-2.63843 -2.00581
-2.63215 -2.0273
-2.62586 -2.04773
-2.61957 -2.06709
-2.61328 -2.08539
-2.60699 -2.10263
-2.6007 -2.11883
-2.59441 -2.13397
-2.58812 -2.14807
-2.58183 -2.16112
-2.57554 -2.17314
-2.56925 -2.18413
-2.56296 -2.1941
-2.55667 -2.20304
-2.55038 -2.21097
-2.54409 -2.2179
-2.5378 -2.22382
-2.53151 -2.22875
-2.52522 -2.23269
-2.51893 -2.23565
-2.51265 -2.23764
-2.50636 -2.23867
-2.50007 -2.23874
-2.49378 -2.23785
-2.48749 -2.23603
-2.4812 -2.23328
-2.47491 -2.2296
-2.46862 -2.225
-2.46233 -2.2195
-2.45604 -2.21311
-2.44975 -2.20583
-2.44346 -2.19766
-2.43717 -2.18864
-2.43088 -2.17875
-2.42459 -2.16802
-2.4183 -2.15644
-2.41201 -2.14405
-2.40572 -2.13083
-2.39943 -2.11681
-2.39315 -2.10199
-2.38686 -2.08639
-2.38057 -2.07002
-2.37428 -2.05289
-2.36799 -2.03501
-2.3617 -2.01639
-2.35541 -1.99704
-2.34912 -1.97698
-2.34283 -1.95622
-2.33654 -1.93477
-2.33025 -1.91264
-2.32396 -1.88984
-2.31767 -1.8664
-2.31138 -1.84231
-2.30509 -1.8176
-2.2988 -1.79227
-2.29251 -1.76635
-2.28622 -1.73983
-2.27993 -1.71275
-2.27365 -1.6851
-2.26736 -1.6569
-2.26107 -1.62818
-2.25478 -1.59893
-2.24849 -1.56918
-2.2422 -1.53894
-2.23591 -1.50822
-2.22962 -1.47704
-2.22333 -1.4454
-2.21704 -1.41334
-2.21075 -1.38085
-2.20446 -1.34796
-2.19817 -1.31468
-2.19188 -1.28102
-2.18559 -1.247
-2.1793 -1.21263
-2.17301 -1.17794
-2.16672 -1.14292
-2.16043 -1.1076
-2.15415 -1.072
-2.14786 -1.03612
-2.14157 -0.999988
-2.13528 -0.963613
-2.12899 -0.92701
-2.1227 -0.890196
-2.11641 -0.853185
-2.11012 -0.815993
-2.10383 -0.778634
-2.09754 -0.741124
-2.09125 -0.703479
-2.08496 -0.665712
-2.07867 -0.62784
-2.07238 -0.589878
-2.06609 -0.55184
-2.0598 -0.513741
-2.05351 -0.475598
-2.04722 -0.437424
-2.04093 -0.399235
-2.03465 -0.361045
-2.02836 -0.32287
-2.02207 -0.284725
-2.01578 -0.246623
-2.00949 -0.20858
-2.0032 -0.170611
-1.99691 -0.132729
-1.99062 -0.0949504
-1.98433 -0.0572881
-1.97804 -0.0197568
-1.97175 0.0176292
-1.96546 0.0548559
-1.95917 0.0919094
-1.95288 0.128776
-1.94659 0.165441
-1.9403 0.201892
-1.93401 0.238115
-1.92772 0.274097
-1.92143 0.309824
-1.91515 0.345283
-1.90886 0.380462
-1.90257 0.415348
-1.89628 0.449927
-1.88999 0.484188
-1.8837 0.518118
-1.87741 0.551706
-1.87112 0.584938
-1.86483 0.617804
-1.85854 0.650292
-1.85225 0.68239
-1.84596 0.714087
-1.83967 0.745372
-1.83338 0.776234
-1.82709 0.806663
-1.8208 0.836648
-1.81451 0.866178
-1.80822 0.895245
-1.80193 0.923838
-1.79565 0.951948
-1.78936 0.979564
-1.78307 1.00668
-1.77678 1.03328
-1.77049 1.05937
-1.7642 1.08492
-1.75791 1.10994
-1.75162 1.13442
-1.74533 1.15834
-1.73904 1.18171
-1.73275 1.20451
-1.72646 1.22673
-1.72017 1.24838
-1.71388 1.26944
-1.70759 1.2899
-1.7013 1.30977
-1.69501 1.32903
-1.68872 1.34769
-1.68243 1.36572
-1.67615 1.38314
-1.66986 1.39993
-1.66357 1.4161
-1.65728 1.43163
-1.65099 1.44652
-1.6447 1.46078
-1.63841 1.47439
-1.63212 1.48735
-1.62583 1.49966
-1.61954 1.51132
-1.61325 1.52233
-1.60696 1.53268
-1.60067 1.54238
-1.59438 1.55141
-1.58809 1.55978
-1.5818 1.5675
-1.57551 1.57455
-1.56922 1.58094
-1.56293 1.58666
-1.55665 1.59173
-1.55036 1.59613
-1.54407 1.59987
-1.53778 1.60295
-1.53149 1.60538
-1.5252 1.60714
-1.51891 1.60826
-1.51262 1.60872
-1.50633 1.60852
-1.50004 1.60768
-1.49375 1.6062
-1.48746 1.60407
-1.48117 1.60131
-1.47488 1.5979
-1.46859 1.59387
-1.4623 1.58921
-1.45601 1.58393
-1.44972 1.57802
-1.44343 1.57151
-1.43714 1.56438
-1.43086 1.55665
-1.42457 1.54833
-1.41828 1.53941
-1.41199 1.5299
-1.4057 1.51982
-1.39941 1.50915
-1.39312 1.49793
-1.38683 1.48614
-1.38054 1.47379
-1.37425 1.4609
-1.36796 1.44747
-1.36167 1.43351
-1.35538 1.41903
-1.34909 1.40403
-1.3428 1.38852
-1.33651 1.37251
-1.33022 1.356
-1.32393 1.33902
-1.31764 1.32156
-1.31136 1.30364
-1.30507 1.28526
-1.29878 1.26643
-1.29249 1.24716
-1.2862 1.22747
-1.27991 1.20736
-1.27362 1.18684
-1.26733 1.16592
-1.26104 1.14462
-1.25475 1.12293
-1.24846 1.10088
-1.24217 1.07847
-1.23588 1.05571
-1.22959 1.03261
-1.2233 1.00919
-1.21701 0.985452
-1.21072 0.96141
-1.20443 0.937075
-1.19814 0.912457
-1.19186 0.887569
-1.18557 0.862419
-1.17928 0.837021
-1.17299 0.811385
-1.1667 0.785523
-1.16041 0.759445
-1.15412 0.733165
-1.14783 0.706691
-1.14154 0.680038
-1.13525 0.653215
-1.12896 0.626234
-1.12267 0.599108
-1.11638 0.571846
-1.11009 0.544463
-1.1038 0.516967
-1.09751 0.489372
-1.09122 0.461689
-1.08493 0.43393
-1.07864 0.406105
-1.07236 0.378227
-1.06607 0.350307
-1.05978 0.322356
-1.05349 0.294387
-1.0472 0.26641
-1.04091 0.238436
-1.03462 0.210478
-1.02833 0.182546
-1.02204 0.154651
-1.01575 0.126806
-1.00946 0.0990199
-1.00317 0.0713048
-0.996882 0.0436714
-0.990592 0.0161307
-0.984303 -0.0113065
-0.978013 -0.0386296
-0.971724 -0.065828
-0.965434 -0.0928911
-0.959145 -0.119809
-0.952855 -0.14657
-0.946566 -0.173165
-0.940276 -0.199584
-0.933987 -0.225817
-0.927698 -0.251853
-0.921408 -0.277683
-0.915119 -0.303298
-0.908829 -0.328688
-0.90254 -0.353843
-0.89625 -0.378754
-0.889961 -0.403413
-0.883671 -0.427809
-0.877382 -0.451935
-0.871092 -0.475782
-0.864803 -0.499341
-0.858513 -0.522604
-0.852224 -0.545562
-0.845934 -0.568207
-0.839645 -0.590532
-0.833355 -0.612529
-0.827066 -0.63419
-0.820776 -0.655508
-0.814487 -0.676476
-0.808198 -0.697085
-0.801908 -0.717331
-0.795619 -0.737205
-0.789329 -0.756702
-0.78304 -0.775814
-0.77675 -0.794536
-0.770461 -0.812862
-0.764171 -0.830785
-0.757882 -0.848301
-0.751592 -0.865404
-0.745303 -0.882088
-0.739013 -0.898349
-0.732724 -0.914181
-0.726434 -0.929581
-0.720145 -0.944542
-0.713855 -0.959062
-0.707566 -0.973136
-0.701276 -0.98676
-0.694987 -0.999931
-0.688697 -1.01264
-0.682408 -1.0249
-0.676119 -1.03669
-0.669829 -1.04801
-0.66354 -1.05886
-0.65725 -1.06925
-0.650961 -1.07916
-0.644671 -1.08859
-0.638382 -1.09754
-0.632092 -1.10602
-0.625803 -1.11402
-0.619513 -1.12153
-0.613224 -1.12856
-0.606934 -1.1351
-0.600645 -1.14116
-0.594355 -1.14674
-0.588066 -1.15182
-0.581776 -1.15643
-0.575487 -1.16054
-0.569197 -1.16417
-0.562908 -1.16732
-0.556619 -1.16998
-0.550329 -1.17216
-0.54404 -1.17386
-0.53775 -1.17507
-0.531461 -1.17581
-0.525171 -1.17606
-0.518882 -1.17584
-0.512592 -1.17515
-0.506303 -1.17399
-0.500013 -1.17235
-0.493724 -1.17025
-0.487434 -1.16768
-0.481145 -1.16466
-0.474855 -1.16117
-0.468566 -1.15723
-0.462276 -1.15284
-0.455987 -1.14799
-0.449697 -1.14271
-0.443408 -1.13698
-0.437118 -1.13082
-0.430829 -1.12423
-0.42454 -1.1172
-0.41825 -1.10976
-0.411961 -1.1019
-0.405671 -1.09362
-0.399382 -1.08493
-0.393092 -1.07584
-0.386803 -1.06636
-0.380513 -1.05648
-0.374224 -1.04621
-0.367934 -1.03556
-0.361645 -1.02454
-0.355355 -1.01314
-0.349066 -1.00139
-0.342776 -0.989273
-0.336487 -0.976808
-0.330197 -0.963998
-0.323908 -0.95085
-0.317618 -0.937371
-0.311329 -0.923567
-0.30504 -0.909446
-0.29875 -0.895013
-0.292461 -0.880278
-0.286171 -0.865245
-0.279882 -0.849924
-0.273592 -0.834321
-0.267303 -0.818443
-0.261013 -0.802298
-0.254724 -0.785894
-0.248434 -0.769238
-0.242145 -0.752339
-0.235855 -0.735203
-0.229566 -0.717839
-0.223276 -0.700255
-0.216987 -0.682458
-0.210697 -0.664457
-0.204408 -0.646259
-0.198118 -0.627874
-0.191829 -0.609308
-0.18554 -0.590571
-0.17925 -0.57167
-0.172961 -0.552615
-0.166671 -0.533412
-0.160382 -0.51407
-0.154092 -0.494599
-0.147803 -0.475006
-0.141513 -0.455299
-0.135224 -0.435487
-0.128934 -0.415579
-0.122645 -0.395582
-0.116355 -0.375506
-0.110066 -0.355358
-0.103776 -0.335147
-0.0974869 -0.314882
-0.0911974 -0.294571
-0.0849079 -0.274222
-0.0786184 -0.253844
-0.072329 -0.233444
-0.0660395 -0.213032
-0.05975 -0.192616
-0.0534605 -0.172203
-0.0471711 -0.151802
-0.0408816 -0.131422
-0.0345921 -0.11107
-0.0283026 -0.0907542
-0.0220132 -0.0704831
-0.0157237 -0.0502646
-0.00943421 -0.0301065
-0.00314474 -0.0100168
0.00314474 0.00999675
0.00943421 0.0299263
0.0157237 0.0497642
0.0220132 0.0695027
0.0283026 0.0891344
0.0345921 0.108652
0.0408816 0.128047
0.0471711 0.147313
0.0534605 0.166443
0.05975 0.18543
0.0660395 0.204265
0.072329 0.222943
0.0786184 0.241457
0.0849079 0.259799
0.0911974 0.277963
0.0974869 0.295942
0.103776 0.31373
0.110066 0.33132
0.116355 0.348706
0.122645 0.365883
0.128934 0.382842
0.135224 0.39958
0.141513 0.416089
0.147803 0.432365
0.154092 0.448401
0.160382 0.464192
0.166671 0.479732
0.172961 0.495017
0.17925 0.510041
0.18554 0.524799
0.191829 0.539286
0.198118 0.553497
0.204408 0.567429
0.210697 0.581076
0.216987 0.594433
0.223276 0.607497
0.229566 0.620264
0.235855 0.63273
0.242145 0.64489
0.248434 0.656741
0.254724 0.66828
0.261013 0.679502
0.267303 0.690406
0.273592 0.700987
0.279882 0.711243
0.286171 0.721171
0.292461 0.730768
0.29875 0.740031
0.30504 0.748959
0.311329 0.757549
0.317618 0.765798
0.323908 0.773705
0.330197 0.781268
0.336487 0.788485
0.342776 0.795356
0.349066 0.801877
0.355355 0.808048
0.361645 0.813869
0.367934 0.819337
0.374224 0.824453
0.380513 0.829215
0.386803 0.833624
0.393092 0.837678
0.399382 0.841377
0.405671 0.844722
0.411961 0.847712
0.41825 0.850348
0.42454 0.85263
0.430829 0.854558
0.437118 0.856133
0.443408 0.857356
0.449697 0.858228
0.455987 0.85875
0.462276 0.858922
0.468566 0.858747
0.474855 0.858226
0.481145 0.85736
0.487434 0.856151
0.493724 0.854601
0.500013 0.852712
0.506303 0.850485
0.512592 0.847925
0.518882 0.845031
0.525171 0.841808
0.531461 0.838257
0.53775 0.834382
0.54404 0.830185
0.550329 0.82567
0.556619 0.820839
0.562908 0.815695
0.569197 0.810243
0.575487 0.804484
0.581776 0.798424
0.588066 0.792065
0.594355 0.785411
0.600645 0.778467
0.606934 0.771236
0.613224 0.763721
0.619513 0.755929
0.625803 0.747861
0.632092 0.739524
0.638382 0.730921
0.644671 0.722058
0.650961 0.712937
0.65725 0.703565
0.66354 0.693947
0.669829 0.684086
0.676119 0.673988
0.682408 0.663657
0.688697 0.6531
0.694987 0.642321
0.701276 0.631326
0.707566 0.620119
0.713855 0.608707
0.720145 0.597094
0.726434 0.585286
0.732724 0.573289
0.739013 0.561107
0.745303 0.548748
0.751592 0.536217
0.757882 0.523518
0.764171 0.510659
0.770461 0.497645
0.77675 0.484482
0.78304 0.471175
0.789329 0.457732
0.795619 0.444157
0.801908 0.430456
0.808198 0.416637
0.814487 0.402704
0.820776 0.388665
0.827066 0.374524
0.833355 0.360289
0.839645 0.345964
0.845934 0.331558
0.852224 0.317075
0.858513 0.302521
0.864803 0.287904
0.871092 0.273228
0.877382 0.258501
0.883671 0.243729
0.889961 0.228917
0.89625 0.214071
0.90254 0.199199
0.908829 0.184306
0.915119 0.169397
0.921408 0.15448
0.927698 0.13956
0.933987 0.124644
0.940276 0.109736
0.946566 0.0948445
0.952855 0.0799738
0.959145 0.0651303
0.965434 0.0503199
0.971724 0.0355484
0.978013 0.0208217
0.984303 0.00614552
0.990592 -0.00847438
0.996882 -0.0230323
1.00317 -0.0375227
1.00946 -0.0519399
1.01575 -0.0662784
1.02204 -0.0805327
1.02833 -0.0946974
1.03462 -0.108767
1.04091 -0.122736
1.0472 -0.1366
1.05349 -0.150354
1.05978 -0.163991
1.06607 -0.177507
1.07236 -0.190898
1.07864 -0.204158
1.08493 -0.217282
1.09122 -0.230266
1.09751 -0.243105
1.1038 -0.255795
1.11009 -0.26833
1.11638 -0.280706
1.12267 -0.29292
1.12896 -0.304966
1.13525 -0.316841
1.14154 -0.328541
1.14783 -0.340061
1.15412 -0.351397
1.16041 -0.362546
1.1667 -0.373504
1.17299 -0.384267
1.17928 -0.394832
1.18557 -0.405195
1.19186 -0.415353
1.19814 -0.425303
1.20443 -0.435041
1.21072 -0.444564
1.21701 -0.45387
1.2233 -0.462955
1.22959 -0.471816
1.23588 -0.480452
1.24217 -0.488859
1.24846 -0.497035
1.25475 -0.504978
1.26104 -0.512685
1.26733 -0.520154
1.27362 -0.527383
1.27991 -0.534371
1.2862 -0.541114
1.29249 -0.547613
1.29878 -0.553864
1.30507 -0.559866
1.31136 -0.565619
1.31764 -0.57112
1.32393 -0.576368
1.33022 -0.581363
1.33651 -0.586103
1.3428 -0.590588
1.34909 -0.594816
1.35538 -0.598787
1.36167 -0.602501
1.36796 -0.605957
1.37425 -0.609154
1.38054 -0.612092
1.38683 -0.614772
1.39312 -0.617193
1.39941 -0.619355
1.4057 -0.621258
1.41199 -0.622903
1.41828 -0.62429
1.42457 -0.62542
1.43086 -0.626292
1.43714 -0.626909
1.44343 -0.627269
1.44972 -0.627375
1.45601 -0.627228
1.4623 -0.626828
1.46859 -0.626176
1.47488 -0.625274
1.48117 -0.624123
1.48746 -0.622725
1.49375 -0.621082
1.50004 -0.619194
1.50633 -0.617063
1.51262 -0.614692
1.51891 -0.612082
1.5252 -0.609236
1.53149 -0.606154
1.53778 -0.602841
1.54407 -0.599297
1.55036 -0.595525
1.55665 -0.591528
1.56293 -0.587307
1.56922 -0.582866
1.57551 -0.578208
1.5818 -0.573334
1.58809 -0.568249
1.59438 -0.562954
1.60067 -0.557452
1.60696 -0.551747
1.61325 -0.545842
1.61954 -0.53974
1.62583 -0.533444
1.63212 -0.526957
1.63841 -0.520283
1.6447 -0.513425
1.65099 -0.506387
1.65728 -0.499172
1.66357 -0.491784
1.66986 -0.484226
1.67615 -0.476502
1.68243 -0.468616
1.68872 -0.460572
1.69501 -0.452374
1.7013 -0.444024
1.70759 -0.435528
1.71388 -0.42689
1.72017 -0.418113
1.72646 -0.409201
1.73275 -0.400159
1.73904 -0.39099
1.74533 -0.3817
1.75162 -0.372292
1.75791 -0.362769
1.7642 -0.353138
1.77049 -0.343401
1.77678 -0.333564
1.78307 -0.32363
1.78936 -0.313605
1.79565 -0.303491
1.80193 -0.293295
1.80822 -0.28302
1.81451 -0.27267
1.8208 -0.262251
1.82709 -0.251766
1.83338 -0.241221
1.83967 -0.230619
1.84596 -0.219965
1.85225 -0.209264
1.85854 -0.19852
1.86483 -0.187738
1.87112 -0.176922
1.87741 -0.166076
1.8837 -0.155206
1.88999 -0.144316
1.89628 -0.13341
1.90257 -0.122493
1.90886 -0.111569
1.91515 -0.100643
1.92143 -0.0897195
1.92772 -0.0788023
1.93401 -0.0678963
1.9403 -0.0570057
1.94659 -0.0461351
1.95288 -0.0352888
1.95917 -0.0244712
1.96546 -0.0136865
1.97175 -0.00293917
1.97804 0.00776659
1.98433 0.0184265
1.99062 0.0290364
1.99691 0.039592
2.0032 0.0500893
2.00949 0.060524
2.01578 0.0708922
2.02207 0.0811896
2.02836 0.0914125
2.03465 0.101557
2.04093 0.111618
2.04722 0.121594
2.05351 0.131479
2.0598 0.14127
2.06609 0.150963
2.07238 0.160555
2.07867 0.170041
2.08496 0.179419
2.09125 0.188685
2.09754 0.197835
2.10383 0.206866
2.11012 0.215774
2.11641 0.224557
2.1227 0.23321
2.12899 0.241732
2.13528 0.250118
2.14157 0.258366
2.14786 0.266472
2.15415 0.274434
2.16043 0.28225
2.16672 0.289915
2.17301 0.297428
2.1793 0.304785
2.18559 0.311985
2.19188 0.319024
2.19817 0.325901
2.20446 0.332613
2.21075 0.339158
2.21704 0.345533
2.22333 0.351737
2.22962 0.357768
2.23591 0.363623
2.2422 0.369301
2.24849 0.3748
2.25478 0.380119
2.26107 0.385255
2.26736 0.390208
2.27365 0.394976
2.27993 0.399558
2.28622 0.403953
2.29251 0.408159
2.2988 0.412175
2.30509 0.416001
2.31138 0.419636
2.31767 0.423079
2.32396 0.42633
2.33025 0.429387
2.33654 0.432251
2.34283 0.434922
2.34912 0.437399
2.35541 0.439682
2.3617 0.441772
2.36799 0.443667
2.37428 0.44537
2.38057 0.446879
2.38686 0.448196
2.39315 0.44932
2.39943 0.450254
2.40572 0.450997
2.41201 0.451551
2.4183 0.451916
2.42459 0.452095
2.43088 0.452087
2.43717 0.451894
2.44346 0.451519
2.44975 0.450962
2.45604 0.450226
2.46233 0.449312
2.46862 0.448222
2.47491 0.446959
2.4812 0.445524
2.48749 0.44392
2.49378 0.442149
2.50007 0.440215
2.50636 0.438119
2.51265 0.435864
2.51893 0.433454
2.52522 0.430892
2.53151 0.42818
2.5378 0.425321
2.54409 0.42232
2.55038 0.41918
2.55667 0.415904
2.56296 0.412496
2.56925 0.40896
2.57554 0.405299
2.58183 0.401519
2.58812 0.397621
2.59441 0.393612
2.6007 0.389495
2.60699 0.385275
2.61328 0.380955
2.61957 0.376541
2.62586 0.372036
2.63215 0.367447
2.63843 0.362776
2.64472 0.35803
2.65101 0.353212
2.6573 0.348328
2.66359 0.343383
2.66988 0.338381
2.67617 0.333328
2.68246 0.328227
2.68875 0.323085
2.69504 0.317906
2.70133 0.312694
2.70762 0.307456
2.71391 0.302195
2.7202 0.296917
2.72649 0.291625
2.73278 0.286326
2.73907 0.281023
2.74536 0.27572
2.75165 0.270422
2.75793 0.265134
2.76422 0.259859
2.77051 0.2546
2.7768 0.249363
2.78309 0.24415
2.78938 0.238964
2.79567 0.233808
2.80196 0.228685
2.80825 0.223598
2.81454 0.218548
2.82083 0.213537
2.82712 0.208567
2.83341 0.203638
2.8397 0.198751
2.84599 0.193906
2.85228 0.189103
2.85857 0.18434
2.86486 0.179616
2.87115 0.174929
2.87743 0.170276
2.88372 0.165653
2.89001 0.161057
2.8963 0.156482
2.90259 0.151923
2.90888 0.147373
2.91517 0.142824
2.92146 0.138268
2.92775 0.133696
2.93404 0.129097
2.94033 0.124458
2.94662 0.119769
2.95291 0.115013
2.9592 0.110177
2.96549 0.105243
2.97178 0.100193
2.97807 0.0950069
2.98436 0.089664
2.99065 0.0841413
2.99693 0.0784139
3.00322 0.0724555
3.00951 0.0662376
3.0158 0.0597298
3.02209 0.0528997
3.02838 0.0457125
3.03467 0.0381313
3.04096 0.0301169
3.04725 0.0216274
3.05354 0.0126185
3.05983 0.00304288
3.06612 -0.00714921
3.07241 -0.0180107
3.0787 -0.0295975
3.08499 -0.0419689
3.09128 -0.0551871
3.09757 -0.0693183
3.10386 -0.084432
3.11015 -0.100601
3.11643 -0.117904
3.12272 -0.136421
3.12901 -0.156237
3.1353 -0.177444
3.14159 -0.200134
