-3.12438 1.34432
-2.98783 0.221783
-2.7207 -1.64565
-2.33466 -1.91763
-1.84658 0.709783
-1.2778 1.20015
-0.653174 -1.07545
8.89941e-16 2.83277e-15
0.653174 0.709577
1.2778 -0.532047
1.84658 -0.21907
2.33466 0.433787
2.7207 0.29115
2.98783 -0.0331018
3.12438 -0.183938
-3.12438 1.34432
-2.98783 0.221783
-2.7207 -1.64565
-2.33466 -1.91763
-1.84658 0.709783
-1.2778 1.20015
-0.653174 -1.07545
8.89941e-16 2.83277e-15
0.653174 0.709577
1.2778 -0.532047
1.84658 -0.21907
2.33466 0.433787
2.7207 0.29115
2.98783 -0.0331018
3.12438 -0.183938
-3.12438 1.34432
-2.98783 0.221783
-2.7207 -1.64565
-2.33466 -1.91763
-1.84658 0.709783
-1.2778 1.20015
-0.653174 -1.07545
8.89941e-16 2.83277e-15
0.653174 0.709577
1.2778 -0.532047
1.84658 -0.21907
2.33466 0.433787
2.7207 0.29115
2.98783 -0.0331018
3.12438 -0.183938
-3.12438 1.34432
-2.98783 0.221783
-2.7207 -1.64565
-2.33466 -1.91763
-1.84658 0.709783
-1.2778 1.20015
-0.653174 -1.07545
8.89941e-16 2.83277e-15
0.653174 0.709577
1.2778 -0.532047
1.84658 -0.21907
2.33466 0.433787
2.7207 0.29115
2.98783 -0.0331018
3.12438 -0.183938
