-3.14159 1.4788
-2.57039 -2.14567
-1.9992 -0.151856
-1.428 1.55356
-0.856798 -0.528789
-0.285599 -0.864029
0.285599 0.720387
0.856798 0.306475
1.428 -0.625913
1.9992 0.0425299
2.57039 0.417734
3.14159 -0.200134
-3.14159 1.4788
-2.57039 -2.14567
-1.9992 -0.151856
-1.428 1.55356
-0.856798 -0.528789
-0.285599 -0.864029
0.285599 0.720387
0.856798 0.306475
1.428 -0.625913
1.9992 0.0425299
2.57039 0.417734
3.14159 -0.200134
-3.14159 1.4788
-2.57039 -2.14567
-1.9992 -0.151856
-1.428 1.55356
-0.856798 -0.528789
-0.285599 -0.864029
0.285599 0.720387
0.856798 0.306475
1.428 -0.625913
1.9992 0.0425299
2.57039 0.417734
3.14159 -0.200134
