-3.14159 1.4788
-3.1353 1.47712
-3.12901 1.47544
-3.12272 1.47376
-3.11643 1.47208
-3.11015 1.4704
-3.10386 1.46872
-3.09757 1.46704
-3.09128 1.46536
-3.08499 1.46368
-3.0787 1.462
-3.07241 1.46032
-3.06612 1.45864
-3.05983 1.45695
-3.05354 1.45527
-3.04725 1.45359
-3.04096 1.45191
-3.03467 1.45023
-3.02838 1.44855
-3.02209 1.44687
-3.0158 1.44519
-3.00951 1.44351
-3.00322 1.44183
-2.99693 1.44015
-2.99065 1.43847
-2.98436 1.43679
-2.97807 1.43511
-2.97178 1.43343
-2.96549 1.43175
-2.9592 1.43006
-2.95291 1.42838
-2.94662 1.4267
-2.94033 1.42502
-2.93404 1.42334
-2.92775 1.42166
-2.92146 1.41998
-2.91517 1.4183
-2.90888 1.41662
-2.90259 1.41494
-2.8963 1.41326
-2.89001 1.41158
-2.88372 1.4099
-2.87743 1.40822
-2.87115 1.40654
-2.86486 1.40486
-2.85857 1.40317
-2.85228 1.40149
-2.84599 1.39981
-2.8397 1.39813
-2.83341 1.39645
-2.82712 1.39477
-2.82083 1.39309
-2.81454 1.39141
-2.80825 1.38973
-2.80196 1.38805
-2.79567 1.38637
-2.78938 1.38469
-2.78309 1.38301
-2.7768 1.38133
-2.77051 1.37965
-2.76422 1.37797
-2.75793 1.37629
-2.75165 1.3746
-2.74536 1.37292
-2.73907 1.37124
-2.73278 1.36956
-2.72649 1.36788
-2.7202 1.3662
-2.71391 1.36452
-2.70762 1.36284
-2.70133 1.36116
-2.69504 1.35948
-2.68875 1.3578
-2.68246 1.35612
-2.67617 1.35444
-2.66988 1.35276
-2.66359 1.35108
-2.6573 1.3494
-2.65101 1.34771
-2.64472 1.34603
-2.63843 1.34435
-2.63215 1.34267
-2.62586 1.34099
-2.61957 1.33931
-2.61328 1.33763
-2.60699 1.33595
-2.6007 1.33427
-2.59441 1.33259
-2.58812 1.33091
-2.58183 1.32923
-2.57554 1.32755
-2.56925 1.32587
-2.56296 1.32419
-2.55667 1.32251
-2.55038 1.32082
-2.54409 1.31914
-2.5378 1.31746
-2.53151 1.31578
-2.52522 1.3141
-2.51893 1.31242
-2.51265 1.31074
-2.50636 1.30906
-2.50007 1.30738
-2.49378 1.3057
-2.48749 1.30402
-2.4812 1.30234
-2.47491 1.30066
-2.46862 1.29898
-2.46233 1.2973
-2.45604 1.29562
-2.44975 1.29393
-2.44346 1.29225
-2.43717 1.29057
-2.43088 1.28889
-2.42459 1.28721
-2.4183 1.28553
-2.41201 1.28385
-2.40572 1.28217
-2.39943 1.28049
-2.39315 1.27881
-2.38686 1.27713
-2.38057 1.27545
-2.37428 1.27377
-2.36799 1.27209
-2.3617 1.27041
-2.35541 1.26873
-2.34912 1.26704
-2.34283 1.26536
-2.33654 1.26368
-2.33025 1.262
-2.32396 1.26032
-2.31767 1.25864
-2.31138 1.25696
-2.30509 1.25528
-2.2988 1.2536
-2.29251 1.25192
-2.28622 1.25024
-2.27993 1.24856
-2.27365 1.24688
-2.26736 1.2452
-2.26107 1.24352
-2.25478 1.24184
-2.24849 1.24016
-2.2422 1.23847
-2.23591 1.23679
-2.22962 1.23511
-2.22333 1.23343
-2.21704 1.23175
-2.21075 1.23007
-2.20446 1.22839
-2.19817 1.22671
-2.19188 1.22503
-2.18559 1.22335
-2.1793 1.22167
-2.17301 1.21999
-2.16672 1.21831
-2.16043 1.21663
-2.15415 1.21495
-2.14786 1.21327
-2.14157 1.21158
-2.13528 1.2099
-2.12899 1.20822
-2.1227 1.20654
-2.11641 1.20486
-2.11012 1.20318
-2.10383 1.2015
-2.09754 1.19982
-2.09125 1.19814
-2.08496 1.19646
-2.07867 1.19478
-2.07238 1.1931
-2.06609 1.19142
-2.0598 1.18974
-2.05351 1.18806
-2.04722 1.18638
-2.04093 1.18469
-2.03465 1.18301
-2.02836 1.18133
-2.02207 1.17965
-2.01578 1.17797
-2.00949 1.17629
-2.0032 1.17461
-1.99691 1.17293
-1.99062 1.17125
-1.98433 1.16957
-1.97804 1.16789
-1.97175 1.16621
-1.96546 1.16453
-1.95917 1.16285
-1.95288 1.16117
-1.94659 1.15949
-1.9403 1.1578
-1.93401 1.15612
-1.92772 1.15444
-1.92143 1.15276
-1.91515 1.15108
-1.90886 1.1494
-1.90257 1.14772
-1.89628 1.14604
-1.88999 1.14436
-1.8837 1.14268
-1.87741 1.141
-1.87112 1.13932
-1.86483 1.13764
-1.85854 1.13596
-1.85225 1.13428
-1.84596 1.1326
-1.83967 1.13091
-1.83338 1.12923
-1.82709 1.12755
-1.8208 1.12587
-1.81451 1.12419
-1.80822 1.12251
-1.80193 1.12083
-1.79565 1.11915
-1.78936 1.11747
-1.78307 1.11579
-1.77678 1.11411
-1.77049 1.11243
-1.7642 1.11075
-1.75791 1.10907
-1.75162 1.10739
-1.74533 1.10571
-1.73904 1.10402
-1.73275 1.10234
-1.72646 1.10066
-1.72017 1.09898
-1.71388 1.0973
-1.70759 1.09562
-1.7013 1.09394
-1.69501 1.09226
-1.68872 1.09058
-1.68243 1.0889
-1.67615 1.08722
-1.66986 1.08554
-1.66357 1.08386
-1.65728 1.08218
-1.65099 1.0805
-1.6447 1.07882
-1.63841 1.07714
-1.63212 1.07545
-1.62583 1.07377
-1.61954 1.07209
-1.61325 1.07041
-1.60696 1.06873
-1.60067 1.06705
-1.59438 1.06537
-1.58809 1.06369
-1.5818 1.06201
-1.57551 1.06033
-1.56922 1.05865
-1.56293 1.05697
-1.55665 1.05529
-1.55036 1.05361
-1.54407 1.05193
-1.53778 1.05025
-1.53149 1.04856
-1.5252 1.04688
-1.51891 1.0452
-1.51262 1.04352
-1.50633 1.04184
-1.50004 1.04016
-1.49375 1.03848
-1.48746 1.0368
-1.48117 1.03512
-1.47488 1.03344
-1.46859 1.03176
-1.4623 1.03008
-1.45601 1.0284
-1.44972 1.02672
-1.44343 1.02504
-1.43714 1.02336
-1.43086 1.02167
-1.42457 1.01999
-1.41828 1.01831
-1.41199 1.01663
-1.4057 1.01495
-1.39941 1.01327
-1.39312 1.01159
-1.38683 1.00991
-1.38054 1.00823
-1.37425 1.00655
-1.36796 1.00487
-1.36167 1.00319
-1.35538 1.00151
-1.34909 0.999827
-1.3428 0.998146
-1.33651 0.996465
-1.33022 0.994785
-1.32393 0.993104
-1.31764 0.991424
-1.31136 0.989743
-1.30507 0.988062
-1.29878 0.986382
-1.29249 0.984701
-1.2862 0.983021
-1.27991 0.98134
-1.27362 0.979659
-1.26733 0.977979
-1.26104 0.976298
-1.25475 0.974617
-1.24846 0.972937
-1.24217 0.971256
-1.23588 0.969576
-1.22959 0.967895
-1.2233 0.966214
-1.21701 0.964534
-1.21072 0.962853
-1.20443 0.961173
-1.19814 0.959492
-1.19186 0.957811
-1.18557 0.956131
-1.17928 0.95445
-1.17299 0.952769
-1.1667 0.951089
-1.16041 0.949408
-1.15412 0.947728
-1.14783 0.946047
-1.14154 0.944366
-1.13525 0.942686
-1.12896 0.941005
-1.12267 0.939324
-1.11638 0.937644
-1.11009 0.935963
-1.1038 0.934283
-1.09751 0.932602
-1.09122 0.930921
-1.08493 0.929241
-1.07864 0.92756
-1.07236 0.92588
-1.06607 0.924199
-1.05978 0.922518
-1.05349 0.920838
-1.0472 0.919157
-1.04091 0.917476
-1.03462 0.915796
-1.02833 0.914115
-1.02204 0.912435
-1.01575 0.910754
-1.00946 0.909073
-1.00317 0.907393
-0.996882 0.905712
-0.990592 0.904032
-0.984303 0.902351
-0.978013 0.90067
-0.971724 0.89899
-0.965434 0.897309
-0.959145 0.895628
-0.952855 0.893948
-0.946566 0.892267
-0.940276 0.890587
-0.933987 0.888906
-0.927698 0.887225
-0.921408 0.885545
-0.915119 0.883864
-0.908829 0.882183
-0.90254 0.880503
-0.89625 0.878822
-0.889961 0.877142
-0.883671 0.875461
-0.877382 0.87378
-0.871092 0.8721
-0.864803 0.870419
-0.858513 0.868739
-0.852224 0.867058
-0.845934 0.865377
-0.839645 0.863697
-0.833355 0.862016
-0.827066 0.860335
-0.820776 0.858655
-0.814487 0.856974
-0.808198 0.855294
-0.801908 0.853613
-0.795619 0.851932
-0.789329 0.850252
-0.78304 0.848571
-0.77675 0.846891
-0.770461 0.84521
-0.764171 0.843529
-0.757882 0.841849
-0.751592 0.840168
-0.745303 0.838487
-0.739013 0.836807
-0.732724 0.835126
-0.726434 0.833446
-0.720145 0.831765
-0.713855 0.830084
-0.707566 0.828404
-0.701276 0.826723
-0.694987 0.825042
-0.688697 0.823362
-0.682408 0.821681
-0.676119 0.820001
-0.669829 0.81832
-0.66354 0.816639
-0.65725 0.814959
-0.650961 0.813278
-0.644671 0.811598
-0.638382 0.809917
-0.632092 0.808236
-0.625803 0.806556
-0.619513 0.804875
-0.613224 0.803194
-0.606934 0.801514
-0.600645 0.799833
-0.594355 0.798153
-0.588066 0.796472
-0.581776 0.794791
-0.575487 0.793111
-0.569197 0.79143
-0.562908 0.78975
-0.556619 0.788069
-0.550329 0.786388
-0.54404 0.784708
-0.53775 0.783027
-0.531461 0.781346
-0.525171 0.779666
-0.518882 0.777985
-0.512592 0.776305
-0.506303 0.774624
-0.500013 0.772943
-0.493724 0.771263
-0.487434 0.769582
-0.481145 0.767901
-0.474855 0.766221
-0.468566 0.76454
-0.462276 0.76286
-0.455987 0.761179
-0.449697 0.759498
-0.443408 0.757818
-0.437118 0.756137
-0.430829 0.754457
-0.42454 0.752776
-0.41825 0.751095
-0.411961 0.749415
-0.405671 0.747734
-0.399382 0.746053
-0.393092 0.744373
-0.386803 0.742692
-0.380513 0.741012
-0.374224 0.739331
-0.367934 0.73765
-0.361645 0.73597
-0.355355 0.734289
-0.349066 0.732609
-0.342776 0.730928
-0.336487 0.729247
-0.330197 0.727567
-0.323908 0.725886
-0.317618 0.724205
-0.311329 0.722525
-0.30504 0.720844
-0.29875 0.719164
-0.292461 0.717483
-0.286171 0.715802
-0.279882 0.714122
-0.273592 0.712441
-0.267303 0.710761
-0.261013 0.70908
-0.254724 0.707399
-0.248434 0.705719
-0.242145 0.704038
-0.235855 0.702357
-0.229566 0.700677
-0.223276 0.698996
-0.216987 0.697316
-0.210697 0.695635
-0.204408 0.693954
-0.198118 0.692274
-0.191829 0.690593
-0.18554 0.688912
-0.17925 0.687232
-0.172961 0.685551
-0.166671 0.683871
-0.160382 0.68219
-0.154092 0.680509
-0.147803 0.678829
-0.141513 0.677148
-0.135224 0.675468
-0.128934 0.673787
-0.122645 0.672106
-0.116355 0.670426
-0.110066 0.668745
-0.103776 0.667064
-0.0974869 0.665384
-0.0911974 0.663703
-0.0849079 0.662023
-0.0786184 0.660342
-0.072329 0.658661
-0.0660395 0.656981
-0.05975 0.6553
-0.0534605 0.65362
-0.0471711 0.651939
-0.0408816 0.650258
-0.0345921 0.648578
-0.0283026 0.646897
-0.0220132 0.645216
-0.0157237 0.643536
-0.00943421 0.641855
-0.00314474 0.640175
0.00314474 0.638494
0.00943421 0.636813
0.0157237 0.635133
0.0220132 0.633452
0.0283026 0.631771
0.0345921 0.630091
0.0408816 0.62841
0.0471711 0.62673
0.0534605 0.625049
0.05975 0.623368
0.0660395 0.621688
0.072329 0.620007
0.0786184 0.618327
0.0849079 0.616646
0.0911974 0.614965
0.0974869 0.613285
0.103776 0.611604
0.110066 0.609923
0.116355 0.608243
0.122645 0.606562
0.128934 0.604882
0.135224 0.603201
0.141513 0.60152
0.147803 0.59984
0.154092 0.598159
0.160382 0.596479
0.166671 0.594798
0.172961 0.593117
0.17925 0.591437
0.18554 0.589756
0.191829 0.588075
0.198118 0.586395
0.204408 0.584714
0.210697 0.583034
0.216987 0.581353
0.223276 0.579672
0.229566 0.577992
0.235855 0.576311
0.242145 0.57463
0.248434 0.57295
0.254724 0.571269
0.261013 0.569589
0.267303 0.567908
0.273592 0.566227
0.279882 0.564547
0.286171 0.562866
0.292461 0.561186
0.29875 0.559505
0.30504 0.557824
0.311329 0.556144
0.317618 0.554463
0.323908 0.552782
0.330197 0.551102
0.336487 0.549421
0.342776 0.547741
0.349066 0.54606
0.355355 0.544379
0.361645 0.542699
0.367934 0.541018
0.374224 0.539338
0.380513 0.537657
0.386803 0.535976
0.393092 0.534296
0.399382 0.532615
0.405671 0.530934
0.411961 0.529254
0.41825 0.527573
0.42454 0.525893
0.430829 0.524212
0.437118 0.522531
0.443408 0.520851
0.449697 0.51917
0.455987 0.517489
0.462276 0.515809
0.468566 0.514128
0.474855 0.512448
0.481145 0.510767
0.487434 0.509086
0.493724 0.507406
0.500013 0.505725
0.506303 0.504045
0.512592 0.502364
0.518882 0.500683
0.525171 0.499003
0.531461 0.497322
0.53775 0.495641
0.54404 0.493961
0.550329 0.49228
0.556619 0.4906
0.562908 0.488919
0.569197 0.487238
0.575487 0.485558
0.581776 0.483877
0.588066 0.482197
0.594355 0.480516
0.600645 0.478835
0.606934 0.477155
0.613224 0.475474
0.619513 0.473793
0.625803 0.472113
0.632092 0.470432
0.638382 0.468752
0.644671 0.467071
0.650961 0.46539
0.65725 0.46371
0.66354 0.462029
0.669829 0.460348
0.676119 0.458668
0.682408 0.456987
0.688697 0.455307
0.694987 0.453626
0.701276 0.451945
0.707566 0.450265
0.713855 0.448584
0.720145 0.446904
0.726434 0.445223
0.732724 0.443542
0.739013 0.441862
0.745303 0.440181
0.751592 0.4385
0.757882 0.43682
0.764171 0.435139
0.770461 0.433459
0.77675 0.431778
0.78304 0.430097
0.789329 0.428417
0.795619 0.426736
0.801908 0.425056
0.808198 0.423375
0.814487 0.421694
0.820776 0.420014
0.827066 0.418333
0.833355 0.416652
0.839645 0.414972
0.845934 0.413291
0.852224 0.411611
0.858513 0.40993
0.864803 0.408249
0.871092 0.406569
0.877382 0.404888
0.883671 0.403208
0.889961 0.401527
0.89625 0.399846
0.90254 0.398166
0.908829 0.396485
0.915119 0.394804
0.921408 0.393124
0.927698 0.391443
0.933987 0.389763
0.940276 0.388082
0.946566 0.386401
0.952855 0.384721
0.959145 0.38304
0.965434 0.381359
0.971724 0.379679
0.978013 0.377998
0.984303 0.376318
0.990592 0.374637
0.996882 0.372956
1.00317 0.371276
1.00946 0.369595
1.01575 0.367915
1.02204 0.366234
1.02833 0.364553
1.03462 0.362873
1.04091 0.361192
1.0472 0.359511
1.05349 0.357831
1.05978 0.35615
1.06607 0.35447
1.07236 0.352789
1.07864 0.351108
1.08493 0.349428
1.09122 0.347747
1.09751 0.346067
1.1038 0.344386
1.11009 0.342705
1.11638 0.341025
1.12267 0.339344
1.12896 0.337663
1.13525 0.335983
1.14154 0.334302
1.14783 0.332622
1.15412 0.330941
1.16041 0.32926
1.1667 0.32758
1.17299 0.325899
1.17928 0.324218
1.18557 0.322538
1.19186 0.320857
1.19814 0.319177
1.20443 0.317496
1.21072 0.315815
1.21701 0.314135
1.2233 0.312454
1.22959 0.310774
1.23588 0.309093
1.24217 0.307412
1.24846 0.305732
1.25475 0.304051
1.26104 0.30237
1.26733 0.30069
1.27362 0.299009
1.27991 0.297329
1.2862 0.295648
1.29249 0.293967
1.29878 0.292287
1.30507 0.290606
1.31136 0.288926
1.31764 0.287245
1.32393 0.285564
1.33022 0.283884
1.33651 0.282203
1.3428 0.280522
1.34909 0.278842
1.35538 0.277161
1.36167 0.275481
1.36796 0.2738
1.37425 0.272119
1.38054 0.270439
1.38683 0.268758
1.39312 0.267077
1.39941 0.265397
1.4057 0.263716
1.41199 0.262036
1.41828 0.260355
1.42457 0.258674
1.43086 0.256994
1.43714 0.255313
1.44343 0.253633
1.44972 0.251952
1.45601 0.250271
1.4623 0.248591
1.46859 0.24691
1.47488 0.245229
1.48117 0.243549
1.48746 0.241868
1.49375 0.240188
1.50004 0.238507
1.50633 0.236826
1.51262 0.235146
1.51891 0.233465
1.5252 0.231785
1.53149 0.230104
1.53778 0.228423
1.54407 0.226743
1.55036 0.225062
1.55665 0.223381
1.56293 0.221701
1.56922 0.22002
1.57551 0.21834
1.5818 0.216659
1.58809 0.214978
1.59438 0.213298
1.60067 0.211617
1.60696 0.209936
1.61325 0.208256
1.61954 0.206575
1.62583 0.204895
1.63212 0.203214
1.63841 0.201533
1.6447 0.199853
1.65099 0.198172
1.65728 0.196492
1.66357 0.194811
1.66986 0.19313
1.67615 0.19145
1.68243 0.189769
1.68872 0.188088
1.69501 0.186408
1.7013 0.184727
1.70759 0.183047
1.71388 0.181366
1.72017 0.179685
1.72646 0.178005
1.73275 0.176324
1.73904 0.174644
1.74533 0.172963
1.75162 0.171282
1.75791 0.169602
1.7642 0.167921
1.77049 0.16624
1.77678 0.16456
1.78307 0.162879
1.78936 0.161199
1.79565 0.159518
1.80193 0.157837
1.80822 0.156157
1.81451 0.154476
1.8208 0.152795
1.82709 0.151115
1.83338 0.149434
1.83967 0.147754
1.84596 0.146073
1.85225 0.144392
1.85854 0.142712
1.86483 0.141031
1.87112 0.139351
1.87741 0.13767
1.8837 0.135989
1.88999 0.134309
1.89628 0.132628
1.90257 0.130947
1.90886 0.129267
1.91515 0.127586
1.92143 0.125906
1.92772 0.124225
1.93401 0.122544
1.9403 0.120864
1.94659 0.119183
1.95288 0.117503
1.95917 0.115822
1.96546 0.114141
1.97175 0.112461
1.97804 0.11078
1.98433 0.109099
1.99062 0.107419
1.99691 0.105738
2.0032 0.104058
2.00949 0.102377
2.01578 0.100696
2.02207 0.0990157
2.02836 0.0973351
2.03465 0.0956545
2.04093 0.0939739
2.04722 0.0922933
2.05351 0.0906126
2.0598 0.088932
2.06609 0.0872514
2.07238 0.0855708
2.07867 0.0838902
2.08496 0.0822096
2.09125 0.0805289
2.09754 0.0788483
2.10383 0.0771677
2.11012 0.0754871
2.11641 0.0738065
2.1227 0.0721259
2.12899 0.0704452
2.13528 0.0687646
2.14157 0.067084
2.14786 0.0654034
2.15415 0.0637228
2.16043 0.0620421
2.16672 0.0603615
2.17301 0.0586809
2.1793 0.0570003
2.18559 0.0553197
2.19188 0.0536391
2.19817 0.0519584
2.20446 0.0502778
2.21075 0.0485972
2.21704 0.0469166
2.22333 0.045236
2.22962 0.0435554
2.23591 0.0418747
2.2422 0.0401941
2.24849 0.0385135
2.25478 0.0368329
2.26107 0.0351523
2.26736 0.0334717
2.27365 0.031791
2.27993 0.0301104
2.28622 0.0284298
2.29251 0.0267492
2.2988 0.0250686
2.30509 0.0233879
2.31138 0.0217073
2.31767 0.0200267
2.32396 0.0183461
2.33025 0.0166655
2.33654 0.0149849
2.34283 0.0133042
2.34912 0.0116236
2.35541 0.00994301
2.3617 0.00826239
2.36799 0.00658177
2.37428 0.00490115
2.38057 0.00322054
2.38686 0.00153992
2.39315 -0.0001407
2.39943 -0.00182132
2.40572 -0.00350193
2.41201 -0.00518255
2.4183 -0.00686317
2.42459 -0.00854379
2.43088 -0.0102244
2.43717 -0.011905
2.44346 -0.0135856
2.44975 -0.0152663
2.45604 -0.0169469
2.46233 -0.0186275
2.46862 -0.0203081
2.47491 -0.0219887
2.4812 -0.0236693
2.48749 -0.02535
2.49378 -0.0270306
2.50007 -0.0287112
2.50636 -0.0303918
2.51265 -0.0320724
2.51893 -0.033753
2.52522 -0.0354337
2.53151 -0.0371143
2.5378 -0.0387949
2.54409 -0.0404755
2.55038 -0.0421561
2.55667 -0.0438368
2.56296 -0.0455174
2.56925 -0.047198
2.57554 -0.0488786
2.58183 -0.0505592
2.58812 -0.0522398
2.59441 -0.0539205
2.6007 -0.0556011
2.60699 -0.0572817
2.61328 -0.0589623
2.61957 -0.0606429
2.62586 -0.0623235
2.63215 -0.0640042
2.63843 -0.0656848
2.64472 -0.0673654
2.65101 -0.069046
2.6573 -0.0707266
2.66359 -0.0724073
2.66988 -0.0740879
2.67617 -0.0757685
2.68246 -0.0774491
2.68875 -0.0791297
2.69504 -0.0808103
2.70133 -0.082491
2.70762 -0.0841716
2.71391 -0.0858522
2.7202 -0.0875328
2.72649 -0.0892134
2.73278 -0.090894
2.73907 -0.0925747
2.74536 -0.0942553
2.75165 -0.0959359
2.75793 -0.0976165
2.76422 -0.0992971
2.77051 -0.100978
2.7768 -0.102658
2.78309 -0.104339
2.78938 -0.10602
2.79567 -0.1077
2.80196 -0.109381
2.80825 -0.111061
2.81454 -0.112742
2.82083 -0.114423
2.82712 -0.116103
2.83341 -0.117784
2.8397 -0.119465
2.84599 -0.121145
2.85228 -0.122826
2.85857 -0.124506
2.86486 -0.126187
2.87115 -0.127868
2.87743 -0.129548
2.88372 -0.131229
2.89001 -0.132909
2.8963 -0.13459
2.90259 -0.136271
2.90888 -0.137951
2.91517 -0.139632
2.92146 -0.141313
2.92775 -0.142993
2.93404 -0.144674
2.94033 -0.146354
2.94662 -0.148035
2.95291 -0.149716
2.9592 -0.151396
2.96549 -0.153077
2.97178 -0.154758
2.97807 -0.156438
2.98436 -0.158119
2.99065 -0.159799
2.99693 -0.16148
3.00322 -0.163161
3.00951 -0.164841
3.0158 -0.166522
3.02209 -0.168202
3.02838 -0.169883
3.03467 -0.171564
3.04096 -0.173244
3.04725 -0.174925
3.05354 -0.176606
3.05983 -0.178286
3.06612 -0.179967
3.07241 -0.181647
3.0787 -0.183328
3.08499 -0.185009
3.09128 -0.186689
3.09757 -0.18837
3.10386 -0.19005
3.11015 -0.191731
3.11643 -0.193412
3.12272 -0.195092
3.12901 -0.196773
3.1353 -0.198454
3.14159 -0.200134
