-3.12647 1.36073
-3.00632 0.375252
-2.77064 -1.37499
-2.42848 -2.14968
-1.99301 -0.114492
-1.48094 1.60223
-0.911956 -0.316134
-0.30793 -0.916129
0.30793 0.753043
0.911956 0.176902
1.48094 -0.624129
1.99301 0.032192
2.42848 0.458084
2.77064 0.235652
3.00632 -0.0553523
3.12647 -0.185937
-3.12647 1.36073
-3.00632 0.375252
-2.77064 -1.37499
-2.42848 -2.14968
-1.99301 -0.114492
-1.48094 1.60223
-0.911956 -0.316134
-0.30793 -0.916129
0.30793 0.753043
0.911956 0.176902
1.48094 -0.624129
1.99301 0.032192
2.42848 0.458084
2.77064 0.235652
3.00632 -0.0553523
3.12647 -0.185937
-3.12647 1.36073
-3.00632 0.375252
-2.77064 -1.37499
-2.42848 -2.14968
-1.99301 -0.114492
-1.48094 1.60223
-0.911956 -0.316134
-0.30793 -0.916129
0.30793 0.753043
0.911956 0.176902
1.48094 -0.624129
1.99301 0.032192
2.42848 0.458084
2.77064 0.235652
3.00632 -0.0553523
3.12647 -0.185937
