-3.14159 1.4788
-2.74889 -1.49863
-2.35619 -1.98575
-1.9635 0.0619869
-1.5708 1.581
-1.1781 0.831617
-0.785398 -0.768453
-0.392699 -1.07534
0 0
0.392699 0.837476
0.785398 0.466091
1.1781 -0.392828
1.5708 -0.581617
1.9635 -0.0177596
2.35619 0.44308
2.74889 0.260424
3.14159 -0.200134
-3.14159 1.4788
-2.74889 -1.49863
-2.35619 -1.98575
-1.9635 0.0619869
-1.5708 1.581
-1.1781 0.831617
-0.785398 -0.768453
-0.392699 -1.07534
0 0
0.392699 0.837476
0.785398 0.466091
1.1781 -0.392828
1.5708 -0.581617
1.9635 -0.0177596
2.35619 0.44308
2.74889 0.260424
3.14159 -0.200134
-3.14159 1.4788
-2.74889 -1.49863
-2.35619 -1.98575
-1.9635 0.0619869
-1.5708 1.581
-1.1781 0.831617
-0.785398 -0.768453
-0.392699 -1.07534
0 0
0.392699 0.837476
0.785398 0.466091
1.1781 -0.392828
1.5708 -0.581617
1.9635 -0.0177596
2.35619 0.44308
2.74889 0.260424
3.14159 -0.200134
