-3.14159 1.4788
-2.85599 -0.813374
-2.57039 -2.14567
-2.28479 -1.72958
-1.9992 -0.151856
-1.7136 1.27164
-1.428 1.55356
-1.1424 0.683067
-0.856798 -0.528789
-0.571199 -1.16288
-0.285599 -0.864029
0 0
0.285599 0.720387
0.571199 0.80837
0.856798 0.306475
1.1424 -0.330075
1.428 -0.625913
1.7136 -0.427157
1.9992 0.0425299
2.28479 0.403867
2.57039 0.417734
2.85599 0.132027
3.14159 -0.200134
-3.14159 1.4788
-2.85599 -0.813374
-2.57039 -2.14567
-2.28479 -1.72958
-1.9992 -0.151856
-1.7136 1.27164
-1.428 1.55356
-1.1424 0.683067
-0.856798 -0.528789
-0.571199 -1.16288
-0.285599 -0.864029
0 0
0.285599 0.720387
0.571199 0.80837
0.856798 0.306475
1.1424 -0.330075
1.428 -0.625913
1.7136 -0.427157
1.9992 0.0425299
2.28479 0.403867
2.57039 0.417734
2.85599 0.132027
3.14159 -0.200134
