-3.13086 1.39528
-3.04546 0.701231
-2.87699 -0.659364
-2.63004 -2.00715
-2.31134 -1.83476
-1.92961 0.25984
-1.49523 1.60775
-1.02007 0.145566
-0.517089 -1.17559
1.92367e-16 6.12323e-16
0.517089 0.845843
1.02007 -0.0760378
1.49523 -0.620608
1.92961 -0.076069
2.31134 0.421247
2.63004 0.376207
2.87699 0.105607
3.04546 -0.100891
3.13086 -0.190125
-3.13086 1.39528
-3.04546 0.701231
-2.87699 -0.659364
-2.63004 -2.00715
-2.31134 -1.83476
-1.92961 0.25984
-1.49523 1.60775
-1.02007 0.145566
-0.517089 -1.17559
1.92367e-16 6.12323e-16
0.517089 0.845843
1.02007 -0.0760378
1.49523 -0.620608
1.92961 -0.076069
2.31134 0.421247
2.63004 0.376207
2.87699 0.105607
3.04546 -0.100891
3.13086 -0.190125
-3.13086 1.39528
-3.04546 0.701231
-2.87699 -0.659364
-2.63004 -2.00715
-2.31134 -1.83476
-1.92961 0.25984
-1.49523 1.60775
-1.02007 0.145566
-0.517089 -1.17559
1.92367e-16 6.12323e-16
0.517089 0.845843
1.02007 -0.0760378
1.49523 -0.620608
1.92961 -0.076069
2.31134 0.421247
2.63004 0.376207
2.87699 0.105607
3.04546 -0.100891
3.13086 -0.190125
