-3.14159 1.4788
-3.1353 1.60022
-3.12901 1.71187
-3.12272 1.81407
-3.11643 1.90716
-3.11015 1.99145
-3.10386 2.06726
-3.09757 2.1349
-3.09128 2.19467
-3.08499 2.24685
-3.0787 2.29175
-3.07241 2.32963
-3.06612 2.36077
-3.05983 2.38543
-3.05354 2.40389
-3.04725 2.4164
-3.04096 2.42319
-3.03467 2.42453
-3.02838 2.42063
-3.02209 2.41175
-3.0158 2.3981
-3.00951 2.3799
-3.00322 2.35737
-2.99693 2.33072
-2.99065 2.30016
-2.98436 2.26587
-2.97807 2.22807
-2.97178 2.18693
-2.96549 2.14263
-2.9592 2.09537
-2.95291 2.04532
-2.94662 1.99264
-2.94033 1.9375
-2.93404 1.88006
-2.92775 1.82048
-2.92146 1.7589
-2.91517 1.69549
-2.90888 1.63037
-2.90259 1.5637
-2.8963 1.4956
-2.89001 1.42621
-2.88372 1.35565
-2.87743 1.28405
-2.87115 1.21153
-2.86486 1.1382
-2.85857 1.06417
-2.85228 0.989561
-2.84599 0.914471
-2.8397 0.839001
-2.83341 0.763252
-2.82712 0.687317
-2.82083 0.611288
-2.81454 0.535254
-2.80825 0.459301
-2.80196 0.383511
-2.79567 0.307963
-2.78938 0.232734
-2.78309 0.157897
-2.7768 0.0835222
-2.77051 0.00967835
-2.76422 -0.0635697
-2.75793 -0.136159
-2.75165 -0.208031
-2.74536 -0.279127
-2.73907 -0.349393
-2.73278 -0.418777
-2.72649 -0.487227
-2.7202 -0.554698
-2.71391 -0.621143
-2.70762 -0.68652
-2.70133 -0.750788
-2.69504 -0.813907
-2.68875 -0.875842
-2.68246 -0.936557
-2.67617 -0.996021
-2.66988 -1.0542
-2.66359 -1.11107
-2.6573 -1.16661
-2.65101 -1.22078
-2.64472 -1.27356
-2.63843 -1.32494
-2.63215 -1.37489
-2.62586 -1.42339
-2.61957 -1.47043
-2.61328 -1.516
-2.60699 -1.56007
-2.6007 -1.60265
-2.59441 -1.64371
-2.58812 -1.68325
-2.58183 -1.72126
-2.57554 -1.75774
-2.56925 -1.79267
-2.56296 -1.82607
-2.55667 -1.85791
-2.55038 -1.88821
-2.54409 -1.91696
-2.5378 -1.94416
-2.53151 -1.96982
-2.52522 -1.99393
-2.51893 -2.01651
-2.51265 -2.03756
-2.50636 -2.05708
-2.50007 -2.07508
-2.49378 -2.09157
-2.48749 -2.10655
-2.4812 -2.12005
-2.47491 -2.13206
-2.46862 -2.1426
-2.46233 -2.15169
-2.45604 -2.15932
-2.44975 -2.16553
-2.44346 -2.17031
-2.43717 -2.1737
-2.43088 -2.17569
-2.42459 -2.17631
-2.4183 -2.17558
-2.41201 -2.17351
-2.40572 -2.17012
-2.39943 -2.16543
-2.39315 -2.15946
-2.38686 -2.15222
-2.38057 -2.14374
-2.37428 -2.13403
-2.36799 -2.12312
-2.3617 -2.11103
-2.35541 -2.09777
-2.34912 -2.08337
-2.34283 -2.06786
-2.33654 -2.05125
-2.33025 -2.03357
-2.32396 -2.01483
-2.31767 -1.99507
-2.31138 -1.9743
-2.30509 -1.95255
-2.2988 -1.92984
-2.29251 -1.9062
-2.28622 -1.88164
-2.27993 -1.8562
-2.27365 -1.8299
-2.26736 -1.80276
-2.26107 -1.7748
-2.25478 -1.74606
-2.24849 -1.71655
-2.2422 -1.68629
-2.23591 -1.65533
-2.22962 -1.62367
-2.22333 -1.59134
-2.21704 -1.55837
-2.21075 -1.52479
-2.20446 -1.49061
-2.19817 -1.45586
-2.19188 -1.42057
-2.18559 -1.38476
-2.1793 -1.34845
-2.17301 -1.31167
-2.16672 -1.27444
-2.16043 -1.23679
-2.15415 -1.19874
-2.14786 -1.16031
-2.14157 -1.12154
-2.13528 -1.08243
-2.12899 -1.04302
-2.1227 -1.00333
-2.11641 -0.963373
-2.11012 -0.923184
-2.10383 -0.882782
-2.09754 -0.842189
-2.09125 -0.801427
-2.08496 -0.760519
-2.07867 -0.719485
-2.07238 -0.678349
-2.06609 -0.637131
-2.0598 -0.595852
-2.05351 -0.554533
-2.04722 -0.513196
-2.04093 -0.47186
-2.03465 -0.430545
-2.02836 -0.389272
-2.02207 -0.34806
-2.01578 -0.306929
-2.00949 -0.265898
-2.0032 -0.224985
-1.99691 -0.184209
-1.99062 -0.143589
-1.98433 -0.103142
-1.97804 -0.0628863
-1.97175 -0.0228388
-1.96546 0.0169831
-1.95917 0.0565627
-1.95288 0.0958835
-1.94659 0.134929
-1.9403 0.173684
-1.93401 0.212133
-1.92772 0.25026
-1.92143 0.28805
-1.91515 0.32549
-1.90886 0.362564
-1.90257 0.399258
-1.89628 0.43556
-1.88999 0.471455
-1.8837 0.506931
-1.87741 0.541975
-1.87112 0.576575
-1.86483 0.610718
-1.85854 0.644394
-1.85225 0.67759
-1.84596 0.710297
-1.83967 0.742502
-1.83338 0.774196
-1.82709 0.805368
-1.8208 0.83601
-1.81451 0.866111
-1.80822 0.895663
-1.80193 0.924657
-1.79565 0.953084
-1.78936 0.980937
-1.78307 1.00821
-1.77678 1.03489
-1.77049 1.06097
-1.7642 1.08645
-1.75791 1.11132
-1.75162 1.13558
-1.74533 1.15921
-1.73904 1.18222
-1.73275 1.20459
-1.72646 1.22633
-1.72017 1.24742
-1.71388 1.26787
-1.70759 1.28767
-1.7013 1.30681
-1.69501 1.3253
-1.68872 1.34312
-1.68243 1.36029
-1.67615 1.37679
-1.66986 1.39262
-1.66357 1.40778
-1.65728 1.42228
-1.65099 1.4361
-1.6447 1.44925
-1.63841 1.46172
-1.63212 1.47352
-1.62583 1.48465
-1.61954 1.4951
-1.61325 1.50488
-1.60696 1.51398
-1.60067 1.52242
-1.59438 1.53018
-1.58809 1.53727
-1.5818 1.5437
-1.57551 1.54946
-1.56922 1.55456
-1.56293 1.55899
-1.55665 1.56277
-1.55036 1.56589
-1.54407 1.56836
-1.53778 1.57018
-1.53149 1.57135
-1.5252 1.57189
-1.51891 1.57178
-1.51262 1.57104
-1.50633 1.56967
-1.50004 1.56768
-1.49375 1.56507
-1.48746 1.56184
-1.48117 1.55801
-1.47488 1.55357
-1.46859 1.54853
-1.4623 1.5429
-1.45601 1.53669
-1.44972 1.52989
-1.44343 1.52252
-1.43714 1.51459
-1.43086 1.50609
-1.42457 1.49704
-1.41828 1.48744
-1.41199 1.47731
-1.4057 1.46664
-1.39941 1.45544
-1.39312 1.44373
-1.38683 1.43151
-1.38054 1.41879
-1.37425 1.40558
-1.36796 1.39188
-1.36167 1.3777
-1.35538 1.36305
-1.34909 1.34795
-1.3428 1.33239
-1.33651 1.31638
-1.33022 1.29995
-1.32393 1.28309
-1.31764 1.26581
-1.31136 1.24812
-1.30507 1.23004
-1.29878 1.21157
-1.29249 1.19272
-1.2862 1.17349
-1.27991 1.15391
-1.27362 1.13398
-1.26733 1.1137
-1.26104 1.09309
-1.25475 1.07216
-1.24846 1.05092
-1.24217 1.02937
-1.23588 1.00754
-1.22959 0.985414
-1.2233 0.96302
-1.21701 0.940363
-1.21072 0.917453
-1.20443 0.8943
-1.19814 0.870913
-1.19186 0.847305
-1.18557 0.823483
-1.17928 0.799458
-1.17299 0.775241
-1.1667 0.750842
-1.16041 0.72627
-1.15412 0.701536
-1.14783 0.67665
-1.14154 0.651621
-1.13525 0.626461
-1.12896 0.601179
-1.12267 0.575785
-1.11638 0.55029
-1.11009 0.524702
-1.1038 0.499033
-1.09751 0.473292
-1.09122 0.447489
-1.08493 0.421634
-1.07864 0.395737
-1.07236 0.369807
-1.06607 0.343855
-1.05978 0.31789
-1.05349 0.291921
-1.0472 0.265959
-1.04091 0.240013
-1.03462 0.214092
-1.02833 0.188206
-1.02204 0.162364
-1.01575 0.136575
-1.00946 0.110849
-1.00317 0.0851948
-0.996882 0.0596214
-0.990592 0.0341378
-0.984303 0.00875305
-0.978013 -0.0165242
-0.971724 -0.0416851
-0.965434 -0.066721
-0.959145 -0.0916233
-0.952855 -0.116384
-0.946566 -0.140994
-0.940276 -0.165445
-0.933987 -0.189729
-0.927698 -0.213839
-0.921408 -0.237765
-0.915119 -0.261501
-0.908829 -0.285038
-0.90254 -0.308369
-0.89625 -0.331486
-0.889961 -0.354381
-0.883671 -0.377048
-0.877382 -0.39948
-0.871092 -0.421668
-0.864803 -0.443607
-0.858513 -0.465288
-0.852224 -0.486707
-0.845934 -0.507855
-0.839645 -0.528727
-0.833355 -0.549315
-0.827066 -0.569615
-0.820776 -0.589619
-0.814487 -0.609322
-0.808198 -0.628718
-0.801908 -0.6478
-0.795619 -0.666565
-0.789329 -0.685006
-0.78304 -0.703117
-0.77675 -0.720894
-0.770461 -0.738332
-0.764171 -0.755425
-0.757882 -0.77217
-0.751592 -0.788561
-0.745303 -0.804593
-0.739013 -0.820263
-0.732724 -0.835567
-0.726434 -0.8505
-0.720145 -0.865058
-0.713855 -0.879237
-0.707566 -0.893035
-0.701276 -0.906447
-0.694987 -0.919471
-0.688697 -0.932102
-0.682408 -0.944339
-0.676119 -0.956177
-0.669829 -0.967615
-0.66354 -0.97865
-0.65725 -0.989279
-0.650961 -0.9995
-0.644671 -1.00931
-0.638382 -1.01871
-0.632092 -1.02769
-0.625803 -1.03626
-0.619513 -1.04441
-0.613224 -1.05215
-0.606934 -1.05946
-0.600645 -1.06635
-0.594355 -1.07282
-0.588066 -1.07887
-0.581776 -1.08449
-0.575487 -1.08969
-0.569197 -1.09447
-0.562908 -1.09882
-0.556619 -1.10274
-0.550329 -1.10624
-0.54404 -1.10932
-0.53775 -1.11197
-0.531461 -1.1142
-0.525171 -1.116
-0.518882 -1.11739
-0.512592 -1.11835
-0.506303 -1.11889
-0.500013 -1.11901
-0.493724 -1.11871
-0.487434 -1.118
-0.481145 -1.11687
-0.474855 -1.11533
-0.468566 -1.11337
-0.462276 -1.11101
-0.455987 -1.10824
-0.449697 -1.10507
-0.443408 -1.10149
-0.437118 -1.09751
-0.430829 -1.09314
-0.42454 -1.08837
-0.41825 -1.08321
-0.411961 -1.07766
-0.405671 -1.07172
-0.399382 -1.0654
-0.393092 -1.0587
-0.386803 -1.05163
-0.380513 -1.04418
-0.374224 -1.03637
-0.367934 -1.02819
-0.361645 -1.01965
-0.355355 -1.01076
-0.349066 -1.00151
-0.342776 -0.991917
-0.336487 -0.981978
-0.330197 -0.9717
-0.323908 -0.961088
-0.317618 -0.950146
-0.311329 -0.938879
-0.30504 -0.927291
-0.29875 -0.915389
-0.292461 -0.903177
-0.286171 -0.890659
-0.279882 -0.877842
-0.273592 -0.864731
-0.267303 -0.851331
-0.261013 -0.837648
-0.254724 -0.823687
-0.248434 -0.809454
-0.242145 -0.794955
-0.235855 -0.780195
-0.229566 -0.765181
-0.223276 -0.749918
-0.216987 -0.734413
-0.210697 -0.718672
-0.204408 -0.702701
-0.198118 -0.686506
-0.191829 -0.670093
-0.18554 -0.65347
-0.17925 -0.636641
-0.172961 -0.619615
-0.166671 -0.602397
-0.160382 -0.584994
-0.154092 -0.567413
-0.147803 -0.549661
-0.141513 -0.531743
-0.135224 -0.513668
-0.128934 -0.495441
-0.122645 -0.47707
-0.116355 -0.458562
-0.110066 -0.439923
-0.103776 -0.421161
-0.0974869 -0.402283
-0.0911974 -0.383295
-0.0849079 -0.364205
-0.0786184 -0.34502
-0.072329 -0.325747
-0.0660395 -0.306393
-0.05975 -0.286966
-0.0534605 -0.267471
-0.0471711 -0.247918
-0.0408816 -0.228312
-0.0345921 -0.208661
-0.0283026 -0.188973
-0.0220132 -0.169254
-0.0157237 -0.149512
-0.00943421 -0.129754
-0.00314474 -0.109987
0.00314474 -0.0902178
0.00943421 -0.0704545
0.0157237 -0.0507039
0.0220132 -0.0309733
0.0283026 -0.0112697
0.0345921 0.00839962
0.0408816 0.0280276
0.0471711 0.0476072
0.0534605 0.0671312
0.05975 0.0865925
0.0660395 0.105984
0.072329 0.125299
0.0786184 0.144531
0.0849079 0.163672
0.0911974 0.182715
0.0974869 0.201655
0.103776 0.220483
0.110066 0.239193
0.116355 0.257779
0.122645 0.276233
0.128934 0.294549
0.135224 0.312721
0.141513 0.330742
0.147803 0.348605
0.154092 0.366304
0.160382 0.383833
0.166671 0.401185
0.172961 0.418355
0.17925 0.435335
0.18554 0.45212
0.191829 0.468705
0.198118 0.485082
0.204408 0.501246
0.210697 0.517191
0.216987 0.532912
0.223276 0.548402
0.229566 0.563657
0.235855 0.578671
0.242145 0.593438
0.248434 0.607953
0.254724 0.622211
0.261013 0.636206
0.267303 0.649934
0.273592 0.66339
0.279882 0.676569
0.286171 0.689465
0.292461 0.702075
0.29875 0.714394
0.30504 0.726417
0.311329 0.73814
0.317618 0.749559
0.323908 0.76067
0.330197 0.771468
0.336487 0.781949
0.342776 0.792111
0.349066 0.801948
0.355355 0.811458
0.361645 0.820637
0.367934 0.829481
0.374224 0.837988
0.380513 0.846154
0.386803 0.853976
0.393092 0.861451
0.399382 0.868577
0.405671 0.875351
0.411961 0.88177
0.41825 0.887833
0.42454 0.893535
0.430829 0.898877
0.437118 0.903854
0.443408 0.908467
0.449697 0.912712
0.455987 0.916588
0.462276 0.920094
0.468566 0.923228
0.474855 0.92599
0.481145 0.928377
0.487434 0.930389
0.493724 0.932025
0.500013 0.933285
0.506303 0.934168
0.512592 0.934673
0.518882 0.9348
0.525171 0.934549
0.531461 0.93392
0.53775 0.932913
0.54404 0.931529
0.550329 0.929767
0.556619 0.927628
0.562908 0.925113
0.569197 0.922223
0.575487 0.918958
0.581776 0.91532
0.588066 0.91131
0.594355 0.906929
0.600645 0.902179
0.606934 0.897062
0.613224 0.891578
0.619513 0.885731
0.625803 0.879522
0.632092 0.872953
0.638382 0.866026
0.644671 0.858745
0.650961 0.851112
0.65725 0.843129
0.66354 0.834799
0.669829 0.826126
0.676119 0.817112
0.682408 0.807761
0.688697 0.798076
0.694987 0.788061
0.701276 0.777719
0.707566 0.767054
0.713855 0.75607
0.720145 0.744772
0.726434 0.733163
0.732724 0.721247
0.739013 0.70903
0.745303 0.696515
0.751592 0.683708
0.757882 0.670612
0.764171 0.657235
0.770461 0.643579
0.77675 0.62965
0.78304 0.615455
0.789329 0.600997
0.795619 0.586283
0.801908 0.571319
0.808198 0.556109
0.814487 0.54066
0.820776 0.524979
0.827066 0.50907
0.833355 0.49294
0.839645 0.476596
0.845934 0.460044
0.852224 0.44329
0.858513 0.426341
0.864803 0.409204
0.871092 0.391886
0.877382 0.374393
0.883671 0.356732
0.889961 0.33891
0.89625 0.320936
0.90254 0.302815
0.908829 0.284555
0.915119 0.266164
0.921408 0.247649
0.927698 0.229017
0.933987 0.210277
0.940276 0.191436
0.946566 0.172501
0.952855 0.153482
0.959145 0.134384
0.965434 0.115218
0.971724 0.0959894
0.978013 0.0767078
0.984303 0.057381
0.990592 0.0380172
0.996882 0.0186247
1.00317 -0.000788385
1.00946 -0.0202136
1.01575 -0.0396425
1.02204 -0.0590668
1.02833 -0.078478
1.03462 -0.0978676
1.04091 -0.117227
1.0472 -0.136548
1.05349 -0.155822
1.05978 -0.175039
1.06607 -0.194193
1.07236 -0.213273
1.07864 -0.232272
1.08493 -0.25118
1.09122 -0.26999
1.09751 -0.288692
1.1038 -0.307278
1.11009 -0.325739
1.11638 -0.344066
1.12267 -0.362252
1.12896 -0.380287
1.13525 -0.398162
1.14154 -0.41587
1.14783 -0.433401
1.15412 -0.450747
1.16041 -0.4679
1.1667 -0.484852
1.17299 -0.501593
1.17928 -0.518115
1.18557 -0.534411
1.19186 -0.550471
1.19814 -0.566288
1.20443 -0.581854
1.21072 -0.59716
1.21701 -0.612198
1.2233 -0.626961
1.22959 -0.64144
1.23588 -0.655628
1.24217 -0.669517
1.24846 -0.683099
1.25475 -0.696367
1.26104 -0.709313
1.26733 -0.72193
1.27362 -0.73421
1.27991 -0.746147
1.2862 -0.757732
1.29249 -0.76896
1.29878 -0.779824
1.30507 -0.790316
1.31136 -0.80043
1.31764 -0.810159
1.32393 -0.819497
1.33022 -0.828439
1.33651 -0.836977
1.3428 -0.845105
1.34909 -0.852818
1.35538 -0.860111
1.36167 -0.866977
1.36796 -0.873411
1.37425 -0.879408
1.38054 -0.884963
1.38683 -0.89007
1.39312 -0.894726
1.39941 -0.898926
1.4057 -0.902664
1.41199 -0.905938
1.41828 -0.908742
1.42457 -0.911073
1.43086 -0.912927
1.43714 -0.914302
1.44343 -0.915192
1.44972 -0.915596
1.45601 -0.915511
1.4623 -0.914933
1.46859 -0.913861
1.47488 -0.912292
1.48117 -0.910223
1.48746 -0.907654
1.49375 -0.904582
1.50004 -0.901007
1.50633 -0.896926
1.51262 -0.89234
1.51891 -0.887247
1.5252 -0.881646
1.53149 -0.875539
1.53778 -0.868924
1.54407 -0.861802
1.55036 -0.854174
1.55665 -0.846039
1.56293 -0.8374
1.56922 -0.828258
1.57551 -0.818614
1.5818 -0.808469
1.58809 -0.797827
1.59438 -0.786688
1.60067 -0.775057
1.60696 -0.762936
1.61325 -0.750327
1.61954 -0.737235
1.62583 -0.723662
1.63212 -0.709614
1.63841 -0.695094
1.6447 -0.680107
1.65099 -0.664657
1.65728 -0.64875
1.66357 -0.632392
1.66986 -0.615587
1.67615 -0.598342
1.68243 -0.580663
1.68872 -0.562557
1.69501 -0.54403
1.7013 -0.52509
1.70759 -0.505745
1.71388 -0.486001
1.72017 -0.465867
1.72646 -0.445352
1.73275 -0.424464
1.73904 -0.403211
1.74533 -0.381604
1.75162 -0.359652
1.75791 -0.337365
1.7642 -0.314752
1.77049 -0.291824
1.77678 -0.268593
1.78307 -0.245069
1.78936 -0.221263
1.79565 -0.197188
1.80193 -0.172854
1.80822 -0.148275
1.81451 -0.123463
1.8208 -0.0984306
1.82709 -0.0731911
1.83338 -0.047758
1.83967 -0.0221449
1.84596 0.00363403
1.85225 0.0295646
1.85854 0.0556322
1.86483 0.081822
1.87112 0.108119
1.87741 0.134507
1.8837 0.160972
1.88999 0.187496
1.89628 0.214064
1.90257 0.240659
1.90886 0.267265
1.91515 0.293864
1.92143 0.320439
1.92772 0.346973
1.93401 0.373447
1.9403 0.399845
1.94659 0.426147
1.95288 0.452335
1.95917 0.47839
1.96546 0.504295
1.97175 0.530028
1.97804 0.555571
1.98433 0.580905
1.99062 0.606009
1.99691 0.630864
2.0032 0.655449
2.00949 0.679745
2.01578 0.70373
2.02207 0.727385
2.02836 0.750687
2.03465 0.773617
2.04093 0.796153
2.04722 0.818274
2.05351 0.839958
2.0598 0.861185
2.06609 0.881931
2.07238 0.902177
2.07867 0.921899
2.08496 0.941076
2.09125 0.959687
2.09754 0.977708
2.10383 0.995119
2.11012 1.0119
2.11641 1.02802
2.1227 1.04346
2.12899 1.05821
2.13528 1.07223
2.14157 1.08551
2.14786 1.09803
2.15415 1.10975
2.16043 1.12067
2.16672 1.13075
2.17301 1.13998
2.1793 1.14834
2.18559 1.15579
2.19188 1.16233
2.19817 1.16793
2.20446 1.17257
2.21075 1.17623
2.21704 1.17888
2.22333 1.18051
2.22962 1.18109
2.23591 1.18061
2.2422 1.17905
2.24849 1.17638
2.25478 1.17259
2.26107 1.16766
2.26736 1.16156
2.27365 1.15429
2.27993 1.14582
2.28622 1.13613
2.29251 1.12521
2.2988 1.11304
2.30509 1.09961
2.31138 1.08489
2.31767 1.06888
2.32396 1.05156
2.33025 1.03291
2.33654 1.01292
2.34283 0.991582
2.34912 0.968876
2.35541 0.944793
2.3617 0.919322
2.36799 0.892451
2.37428 0.864172
2.38057 0.834475
2.38686 0.803351
2.39315 0.770794
2.39943 0.736796
2.40572 0.701351
2.41201 0.664455
2.4183 0.626104
2.42459 0.586293
2.43088 0.545022
2.43717 0.502288
2.44346 0.458093
2.44975 0.412435
2.45604 0.365318
2.46233 0.316745
2.46862 0.266719
2.47491 0.215247
2.4812 0.162334
2.48749 0.107989
2.49378 0.0522217
2.50007 -0.00495838
2.50636 -0.063539
2.51265 -0.123507
2.51893 -0.184847
2.52522 -0.247543
2.53151 -0.311578
2.5378 -0.376932
2.54409 -0.443584
2.55038 -0.511512
2.55667 -0.580691
2.56296 -0.651096
2.56925 -0.722698
2.57554 -0.795469
2.58183 -0.869376
2.58812 -0.944387
2.59441 -1.02047
2.6007 -1.09758
2.60699 -1.17568
2.61328 -1.25473
2.61957 -1.33469
2.62586 -1.41551
2.63215 -1.49715
2.63843 -1.57955
2.64472 -1.66266
2.65101 -1.74643
2.6573 -1.8308
2.66359 -1.9157
2.66988 -2.00109
2.67617 -2.08689
2.68246 -2.17303
2.68875 -2.25945
2.69504 -2.34607
2.70133 -2.43282
2.70762 -2.51961
2.71391 -2.60638
2.7202 -2.69303
2.72649 -2.77947
2.73278 -2.86561
2.73907 -2.95137
2.74536 -3.03665
2.75165 -3.12133
2.75793 -3.20533
2.76422 -3.28853
2.77051 -3.37083
2.7768 -3.4521
2.78309 -3.53224
2.78938 -3.61112
2.79567 -3.68862
2.80196 -3.7646
2.80825 -3.83894
2.81454 -3.9115
2.82083 -3.98213
2.82712 -4.0507
2.83341 -4.11706
2.8397 -4.18105
2.84599 -4.24251
2.85228 -4.30128
2.85857 -4.35721
2.86486 -4.41011
2.87115 -4.45981
2.87743 -4.50613
2.88372 -4.54889
2.89001 -4.58789
2.8963 -4.62295
2.90259 -4.65386
2.90888 -4.68042
2.91517 -4.70242
2.92146 -4.71964
2.92775 -4.73187
2.93404 -4.73887
2.94033 -4.74042
2.94662 -4.73628
2.95291 -4.7262
2.9592 -4.70994
2.96549 -4.68725
2.97178 -4.65786
2.97807 -4.6215
2.98436 -4.57791
2.99065 -4.5268
2.99693 -4.4679
3.00322 -4.4009
3.00951 -4.32551
3.0158 -4.24142
3.02209 -4.14832
3.02838 -4.0459
3.03467 -3.93383
3.04096 -3.81177
3.04725 -3.67939
3.05354 -3.53633
3.05983 -3.38225
3.06612 -3.21678
3.07241 -3.03955
3.0787 -2.85018
3.08499 -2.64829
3.09128 -2.43348
3.09757 -2.20536
3.10386 -1.96351
3.11015 -1.70751
3.11643 -1.43695
3.12272 -1.15137
3.12901 -0.850351
3.1353 -0.533425
3.14159 -0.200134
