-3.13359 1.4166
-3.0698 0.902769
-2.94351 -0.141015
-2.75731 -1.45181
-2.51497 -2.20126
-2.22144 -1.43765
-1.88269 0.521376
-1.50561 1.60968
-1.09787 0.490395
-0.667794 -1.05129
-0.224119 -0.702792
0.224119 0.609344
0.667794 0.687212
1.09787 -0.243784
1.50561 -0.617263
1.88269 -0.157262
2.22144 0.349517
2.51497 0.443947
2.75731 0.250938
2.94351 0.0216491
3.0698 -0.12789
3.13359 -0.192696
-3.13359 1.4166
-3.0698 0.902769
-2.94351 -0.141015
-2.75731 -1.45181
-2.51497 -2.20126
-2.22144 -1.43765
-1.88269 0.521376
-1.50561 1.60968
-1.09787 0.490395
-0.667794 -1.05129
-0.224119 -0.702792
0.224119 0.609344
0.667794 0.687212
1.09787 -0.243784
1.50561 -0.617263
1.88269 -0.157262
2.22144 0.349517
2.51497 0.443947
2.75731 0.250938
2.94351 0.0216491
3.0698 -0.12789
3.13359 -0.192696
