-3.14159 1.47878
-3.1353 1.42997
-3.12901 1.38078
-3.12272 1.33123
-3.11643 1.28133
-3.11015 1.23111
-3.10386 1.18059
-3.09757 1.1298
-3.09128 1.07875
-3.08499 1.02746
-3.0787 0.975969
-3.07241 0.924286
-3.06612 0.872436
-3.05983 0.82044
-3.05354 0.768321
-3.04725 0.7161
-3.04096 0.663799
-3.03467 0.611439
-3.02838 0.559041
-3.02209 0.506627
-3.0158 0.454219
-3.00951 0.401837
-3.00322 0.349502
-2.99693 0.297236
-2.99065 0.245059
-2.98436 0.192992
-2.97807 0.141056
-2.97178 0.0892705
-2.96549 0.0376562
-2.9592 -0.0137667
-2.95291 -0.0649783
-2.94662 -0.115959
-2.94033 -0.166688
-2.93404 -0.217148
-2.92775 -0.267318
-2.92146 -0.317179
-2.91517 -0.366713
-2.90888 -0.415901
-2.90259 -0.464724
-2.8963 -0.513164
-2.89001 -0.561204
-2.88372 -0.608825
-2.87743 -0.65601
-2.87115 -0.702741
-2.86486 -0.749002
-2.85857 -0.794775
-2.85228 -0.840045
-2.84599 -0.884795
-2.8397 -0.929008
-2.83341 -0.97267
-2.82712 -1.01576
-2.82083 -1.05828
-2.81454 -1.10019
-2.80825 -1.14149
-2.80196 -1.18217
-2.79567 -1.22221
-2.78938 -1.26159
-2.78309 -1.30031
-2.7768 -1.33835
-2.77051 -1.37569
-2.76422 -1.41233
-2.75793 -1.44825
-2.75165 -1.48345
-2.74536 -1.5179
-2.73907 -1.55161
-2.73278 -1.58455
-2.72649 -1.61672
-2.7202 -1.64811
-2.71391 -1.67871
-2.70762 -1.7085
-2.70133 -1.73749
-2.69504 -1.76566
-2.68875 -1.79301
-2.68246 -1.81952
-2.67617 -1.84519
-2.66988 -1.87001
-2.66359 -1.89398
-2.6573 -1.91709
-2.65101 -1.93933
-2.64472 -1.96069
-2.63843 -1.98118
-2.63215 -2.00079
-2.62586 -2.01951
-2.61957 -2.03734
-2.61328 -2.05428
-2.60699 -2.07032
-2.6007 -2.08545
-2.59441 -2.09969
-2.58812 -2.11302
-2.58183 -2.12544
-2.57554 -2.13695
-2.56925 -2.14756
-2.56296 -2.15725
-2.55667 -2.16604
-2.55038 -2.17391
-2.54409 -2.18087
-2.5378 -2.18693
-2.53151 -2.19207
-2.52522 -2.19632
-2.51893 -2.19965
-2.51265 -2.20209
-2.50636 -2.20362
-2.50007 -2.20426
-2.49378 -2.20401
-2.48749 -2.20286
-2.4812 -2.20083
-2.47491 -2.19792
-2.46862 -2.19413
-2.46233 -2.18948
-2.45604 -2.18395
-2.44975 -2.17757
-2.44346 -2.17033
-2.43717 -2.16224
-2.43088 -2.15331
-2.42459 -2.14355
-2.4183 -2.13296
-2.41201 -2.12155
-2.40572 -2.10933
-2.39943 -2.09631
-2.39315 -2.08249
-2.38686 -2.06789
-2.38057 -2.0525
-2.37428 -2.03635
-2.36799 -2.01945
-2.3617 -2.00179
-2.35541 -1.9834
-2.34912 -1.96428
-2.34283 -1.94444
-2.33654 -1.92389
-2.33025 -1.90265
-2.32396 -1.88073
-2.31767 -1.85813
-2.31138 -1.83488
-2.30509 -1.81097
-2.2988 -1.78643
-2.29251 -1.76127
-2.28622 -1.73549
-2.27993 -1.70912
-2.27365 -1.68216
-2.26736 -1.65463
-2.26107 -1.62655
-2.25478 -1.59791
-2.24849 -1.56875
-2.2422 -1.53907
-2.23591 -1.50888
-2.22962 -1.47821
-2.22333 -1.44706
-2.21704 -1.41546
-2.21075 -1.3834
-2.20446 -1.35092
-2.19817 -1.31802
-2.19188 -1.28472
-2.18559 -1.25103
-2.1793 -1.21698
-2.17301 -1.18256
-2.16672 -1.14781
-2.16043 -1.11273
-2.15415 -1.07735
-2.14786 -1.04167
-2.14157 -1.00571
-2.13528 -0.969486
-2.12899 -0.933018
-2.1227 -0.896319
-2.11641 -0.859404
-2.11012 -0.82229
-2.10383 -0.784992
-2.09754 -0.747526
-2.09125 -0.709907
-2.08496 -0.672152
-2.07867 -0.634277
-2.07238 -0.596297
-2.06609 -0.558227
-2.0598 -0.520084
-2.05351 -0.481884
-2.04722 -0.443641
-2.04093 -0.405372
-2.03465 -0.367093
-2.02836 -0.328818
-2.02207 -0.290563
-2.01578 -0.252343
-2.00949 -0.214174
-2.0032 -0.176072
-1.99691 -0.13805
-1.99062 -0.100124
-1.98433 -0.0623101
-1.97804 -0.0246216
-1.97175 0.0129263
-1.96546 0.0503189
-1.95917 0.0875419
-1.95288 0.124581
-1.94659 0.161421
-1.9403 0.198049
-1.93401 0.234451
-1.92772 0.270613
-1.92143 0.306521
-1.91515 0.342162
-1.90886 0.377522
-1.90257 0.412588
-1.89628 0.447348
-1.88999 0.481787
-1.8837 0.515895
-1.87741 0.549658
-1.87112 0.583065
-1.86483 0.616102
-1.85854 0.648758
-1.85225 0.681022
-1.84596 0.712882
-1.83967 0.744327
-1.83338 0.775345
-1.82709 0.805926
-1.8208 0.83606
-1.81451 0.865735
-1.80822 0.894942
-1.80193 0.923671
-1.79565 0.951912
-1.78936 0.979655
-1.78307 1.00689
-1.77678 1.03361
-1.77049 1.05981
-1.7642 1.08548
-1.75791 1.1106
-1.75162 1.13517
-1.74533 1.15919
-1.73904 1.18264
-1.73275 1.20553
-1.72646 1.22783
-1.72017 1.24955
-1.71388 1.27068
-1.70759 1.2912
-1.7013 1.31113
-1.69501 1.33045
-1.68872 1.34915
-1.68243 1.36723
-1.67615 1.38469
-1.66986 1.40151
-1.66357 1.41771
-1.65728 1.43327
-1.65099 1.44818
-1.6447 1.46245
-1.63841 1.47608
-1.63212 1.48905
-1.62583 1.50137
-1.61954 1.51303
-1.61325 1.52404
-1.60696 1.53439
-1.60067 1.54407
-1.59438 1.55309
-1.58809 1.56145
-1.5818 1.56915
-1.57551 1.57618
-1.56922 1.58254
-1.56293 1.58824
-1.55665 1.59328
-1.55036 1.59765
-1.54407 1.60136
-1.53778 1.60441
-1.53149 1.60679
-1.5252 1.60852
-1.51891 1.60959
-1.51262 1.61001
-1.50633 1.60978
-1.50004 1.60889
-1.49375 1.60736
-1.48746 1.60519
-1.48117 1.60237
-1.47488 1.59892
-1.46859 1.59484
-1.4623 1.59013
-1.45601 1.5848
-1.44972 1.57884
-1.44343 1.57228
-1.43714 1.5651
-1.43086 1.55732
-1.42457 1.54894
-1.41828 1.53997
-1.41199 1.53042
-1.4057 1.52028
-1.39941 1.50957
-1.39312 1.49829
-1.38683 1.48645
-1.38054 1.47406
-1.37425 1.46113
-1.36796 1.44765
-1.36167 1.43364
-1.35538 1.41911
-1.34909 1.40407
-1.3428 1.38852
-1.33651 1.37246
-1.33022 1.35592
-1.32393 1.3389
-1.31764 1.3214
-1.31136 1.30344
-1.30507 1.28503
-1.29878 1.26617
-1.29249 1.24687
-1.2862 1.22715
-1.27991 1.20701
-1.27362 1.18646
-1.26733 1.16552
-1.26104 1.14418
-1.25475 1.12248
-1.24846 1.1004
-1.24217 1.07797
-1.23588 1.05519
-1.22959 1.03208
-1.2233 1.00864
-1.21701 0.984888
-1.21072 0.960834
-1.20443 0.936487
-1.19814 0.91186
-1.19186 0.886962
-1.18557 0.861806
-1.17928 0.836402
-1.17299 0.810762
-1.1667 0.784896
-1.16041 0.758817
-1.15412 0.732535
-1.14783 0.706063
-1.14154 0.679411
-1.13525 0.652591
-1.12896 0.625615
-1.12267 0.598494
-1.11638 0.571239
-1.11009 0.543863
-1.1038 0.516376
-1.09751 0.488791
-1.09122 0.461118
-1.08493 0.43337
-1.07864 0.405557
-1.07236 0.377692
-1.06607 0.349786
-1.05978 0.32185
-1.05349 0.293895
-1.0472 0.265934
-1.04091 0.237976
-1.03462 0.210035
-1.02833 0.18212
-1.02204 0.154243
-1.01575 0.126416
-1.00946 0.0986484
-1.00317 0.0709521
-0.996882 0.0433379
-0.990592 0.0158165
-0.984303 -0.0116012
-0.978013 -0.0389046
-0.971724 -0.0660832
-0.965434 -0.0931264
-0.959145 -0.120024
-0.952855 -0.146765
-0.946566 -0.173341
-0.940276 -0.19974
-0.933987 -0.225953
-0.927698 -0.251969
-0.921408 -0.27778
-0.915119 -0.303376
-0.908829 -0.328747
-0.90254 -0.353883
-0.89625 -0.378776
-0.889961 -0.403417
-0.883671 -0.427796
-0.877382 -0.451904
-0.871092 -0.475734
-0.864803 -0.499276
-0.858513 -0.522523
-0.852224 -0.545465
-0.845934 -0.568096
-0.839645 -0.590406
-0.833355 -0.612389
-0.827066 -0.634037
-0.820776 -0.655342
-0.814487 -0.676297
-0.808198 -0.696895
-0.801908 -0.717129
-0.795619 -0.736992
-0.789329 -0.756479
-0.78304 -0.775581
-0.77675 -0.794295
-0.770461 -0.812612
-0.764171 -0.830528
-0.757882 -0.848037
-0.751592 -0.865134
-0.745303 -0.881812
-0.739013 -0.898068
-0.732724 -0.913896
-0.726434 -0.929291
-0.720145 -0.94425
-0.713855 -0.958767
-0.707566 -0.972839
-0.701276 -0.986461
-0.694987 -0.999631
-0.688697 -1.01234
-0.682408 -1.0246
-0.676119 -1.03639
-0.669829 -1.04771
-0.66354 -1.05857
-0.65725 -1.06895
-0.650961 -1.07887
-0.644671 -1.0883
-0.638382 -1.09726
-0.632092 -1.10574
-0.625803 -1.11374
-0.619513 -1.12126
-0.613224 -1.12829
-0.606934 -1.13485
-0.600645 -1.14091
-0.594355 -1.14649
-0.588066 -1.15159
-0.581776 -1.1562
-0.575487 -1.16032
-0.569197 -1.16396
-0.562908 -1.16712
-0.556619 -1.16979
-0.550329 -1.17197
-0.54404 -1.17368
-0.53775 -1.1749
-0.531461 -1.17565
-0.525171 -1.17591
-0.518882 -1.17571
-0.512592 -1.17502
-0.506303 -1.17387
-0.500013 -1.17224
-0.493724 -1.17015
-0.487434 -1.16759
-0.481145 -1.16458
-0.474855 -1.1611
-0.468566 -1.15717
-0.462276 -1.15279
-0.455987 -1.14795
-0.449697 -1.14268
-0.443408 -1.13696
-0.437118 -1.13081
-0.430829 -1.12423
-0.42454 -1.11721
-0.41825 -1.10978
-0.411961 -1.10192
-0.405671 -1.09366
-0.399382 -1.08498
-0.393092 -1.0759
-0.386803 -1.06642
-0.380513 -1.05655
-0.374224 -1.04629
-0.367934 -1.03565
-0.361645 -1.02463
-0.355355 -1.01324
-0.349066 -1.00149
-0.342776 -0.989386
-0.336487 -0.976927
-0.330197 -0.964123
-0.323908 -0.950981
-0.317618 -0.937507
-0.311329 -0.923708
-0.30504 -0.909591
-0.29875 -0.895163
-0.292461 -0.880431
-0.286171 -0.865403
-0.279882 -0.850084
-0.273592 -0.834484
-0.267303 -0.818609
-0.261013 -0.802466
-0.254724 -0.786064
-0.248434 -0.76941
-0.242145 -0.752512
-0.235855 -0.735377
-0.229566 -0.718013
-0.223276 -0.700429
-0.216987 -0.682632
-0.210697 -0.664631
-0.204408 -0.646432
-0.198118 -0.628046
-0.191829 -0.609479
-0.18554 -0.59074
-0.17925 -0.571838
-0.172961 -0.55278
-0.166671 -0.533574
-0.160382 -0.51423
-0.154092 -0.494756
-0.147803 -0.475159
-0.141513 -0.455449
-0.135224 -0.435633
-0.128934 -0.415721
-0.122645 -0.39572
-0.116355 -0.375639
-0.110066 -0.355487
-0.103776 -0.335271
-0.0974869 -0.315001
-0.0911974 -0.294685
-0.0849079 -0.274331
-0.0786184 -0.253947
-0.072329 -0.233542
-0.0660395 -0.213124
-0.05975 -0.192702
-0.0534605 -0.172283
-0.0471711 -0.151877
-0.0408816 -0.13149
-0.0345921 -0.111132
-0.0283026 -0.0908105
-0.0220132 -0.0705333
-0.0157237 -0.0503085
-0.00943421 -0.0301443
-0.00314474 -0.0100483
0.00314474 0.00997137
0.00943421 0.0299071
0.0157237 0.0497511
0.0220132 0.0694957
0.0283026 0.0891334
0.0345921 0.108657
0.0408816 0.128058
0.0471711 0.14733
0.0534605 0.166466
0.05975 0.185458
0.0660395 0.204299
0.072329 0.222982
0.0786184 0.241501
0.0849079 0.259848
0.0911974 0.278017
0.0974869 0.296001
0.103776 0.313794
0.110066 0.331389
0.116355 0.348779
0.122645 0.365959
0.128934 0.382923
0.135224 0.399664
0.141513 0.416177
0.147803 0.432456
0.154092 0.448495
0.160382 0.464289
0.166671 0.479833
0.172961 0.49512
0.17925 0.510146
0.18554 0.524906
0.191829 0.539395
0.198118 0.553609
0.204408 0.567541
0.210697 0.581189
0.216987 0.594548
0.223276 0.607613
0.229566 0.62038
0.235855 0.632846
0.242145 0.645006
0.248434 0.656857
0.254724 0.668396
0.261013 0.679618
0.267303 0.690521
0.273592 0.701101
0.279882 0.711356
0.286171 0.721282
0.292461 0.730878
0.29875 0.74014
0.30504 0.749065
0.311329 0.757653
0.317618 0.7659
0.323908 0.773804
0.330197 0.781365
0.336487 0.788579
0.342776 0.795447
0.349066 0.801965
0.355355 0.808133
0.361645 0.81395
0.367934 0.819416
0.374224 0.824528
0.380513 0.829286
0.386803 0.833691
0.393092 0.837741
0.399382 0.841437
0.405671 0.844777
0.411961 0.847763
0.41825 0.850395
0.42454 0.852673
0.430829 0.854597
0.437118 0.856168
0.443408 0.857387
0.449697 0.858254
0.455987 0.858772
0.462276 0.85894
0.468566 0.85876
0.474855 0.858235
0.481145 0.857365
0.487434 0.856151
0.493724 0.854597
0.500013 0.852704
0.506303 0.850473
0.512592 0.847908
0.518882 0.845011
0.525171 0.841784
0.531461 0.83823
0.53775 0.834351
0.54404 0.83015
0.550329 0.825631
0.556619 0.820797
0.562908 0.81565
0.569197 0.810194
0.575487 0.804433
0.581776 0.798369
0.588066 0.792008
0.594355 0.785351
0.600645 0.778404
0.606934 0.771171
0.613224 0.763654
0.619513 0.75586
0.625803 0.74779
0.632092 0.739451
0.638382 0.730847
0.644671 0.721982
0.650961 0.71286
0.65725 0.703487
0.66354 0.693867
0.669829 0.684005
0.676119 0.673907
0.682408 0.663576
0.688697 0.653019
0.694987 0.64224
0.701276 0.631244
0.707566 0.620038
0.713855 0.608625
0.720145 0.597013
0.726434 0.585205
0.732724 0.573209
0.739013 0.561029
0.745303 0.548671
0.751592 0.53614
0.757882 0.523443
0.764171 0.510585
0.770461 0.497573
0.77675 0.484411
0.78304 0.471107
0.789329 0.457665
0.795619 0.444092
0.801908 0.430394
0.808198 0.416576
0.814487 0.402646
0.820776 0.388609
0.827066 0.37447
0.833355 0.360237
0.839645 0.345916
0.845934 0.331512
0.852224 0.317031
0.858513 0.30248
0.864803 0.287866
0.871092 0.273193
0.877382 0.258469
0.883671 0.243699
0.889961 0.22889
0.89625 0.214047
0.90254 0.199178
0.908829 0.184287
0.915119 0.169382
0.921408 0.154467
0.927698 0.13955
0.933987 0.124636
0.940276 0.109732
0.946566 0.0948423
0.952855 0.0799741
0.959145 0.0651331
0.965434 0.0503252
0.971724 0.0355561
0.978013 0.0208317
0.984303 0.00615777
0.990592 -0.00845998
0.996882 -0.0230159
1.00317 -0.0375042
1.00946 -0.0519195
1.01575 -0.0662562
1.02204 -0.0805088
1.02833 -0.0946719
1.03462 -0.10874
1.04091 -0.122708
1.0472 -0.136571
1.05349 -0.150323
1.05978 -0.163959
1.06607 -0.177475
1.07236 -0.190864
1.07864 -0.204123
1.08493 -0.217247
1.09122 -0.230231
1.09751 -0.243069
1.1038 -0.255758
1.11009 -0.268293
1.11638 -0.280669
1.12267 -0.292883
1.12896 -0.304929
1.13525 -0.316804
1.14154 -0.328504
1.14783 -0.340024
1.15412 -0.351361
1.16041 -0.36251
1.1667 -0.373469
1.17299 -0.384232
1.17928 -0.394798
1.18557 -0.405162
1.19186 -0.41532
1.19814 -0.425271
1.20443 -0.435009
1.21072 -0.444534
1.21701 -0.45384
1.2233 -0.462926
1.22959 -0.471788
1.23588 -0.480425
1.24217 -0.488833
1.24846 -0.49701
1.25475 -0.504953
1.26104 -0.512661
1.26733 -0.520131
1.27362 -0.527361
1.27991 -0.534349
1.2862 -0.541093
1.29249 -0.547591
1.29878 -0.553843
1.30507 -0.559846
1.31136 -0.565598
1.31764 -0.571099
1.32393 -0.576348
1.33022 -0.581343
1.33651 -0.586083
1.3428 -0.590567
1.34909 -0.594795
1.35538 -0.598765
1.36167 -0.602478
1.36796 -0.605933
1.37425 -0.609129
1.38054 -0.612066
1.38683 -0.614745
1.39312 -0.617164
1.39941 -0.619324
1.4057 -0.621226
1.41199 -0.622869
1.41828 -0.624254
1.42457 -0.625381
1.43086 -0.626251
1.43714 -0.626865
1.44343 -0.627223
1.44972 -0.627326
1.45601 -0.627176
1.4623 -0.626773
1.46859 -0.626118
1.47488 -0.625213
1.48117 -0.624059
1.48746 -0.622657
1.49375 -0.62101
1.50004 -0.619118
1.50633 -0.616984
1.51262 -0.614609
1.51891 -0.611995
1.5252 -0.609145
1.53149 -0.60606
1.53778 -0.602742
1.54407 -0.599195
1.55036 -0.595419
1.55665 -0.591418
1.56293 -0.587194
1.56922 -0.58275
1.57551 -0.578088
1.5818 -0.573211
1.58809 -0.568122
1.59438 -0.562824
1.60067 -0.55732
1.60696 -0.551613
1.61325 -0.545706
1.61954 -0.539601
1.62583 -0.533304
1.63212 -0.526816
1.63841 -0.520141
1.6447 -0.513282
1.65099 -0.506244
1.65728 -0.499029
1.66357 -0.491642
1.66986 -0.484085
1.67615 -0.476363
1.68243 -0.46848
1.68872 -0.460438
1.69501 -0.452243
1.7013 -0.443898
1.70759 -0.435407
1.71388 -0.426774
1.72017 -0.418003
1.72646 -0.409098
1.73275 -0.400063
1.73904 -0.390903
1.74533 -0.381621
1.75162 -0.372223
1.75791 -0.362711
1.7642 -0.353091
1.77049 -0.343367
1.77678 -0.333543
1.78307 -0.323623
1.78936 -0.313612
1.79565 -0.303515
1.80193 -0.293335
1.80822 -0.283077
1.81451 -0.272746
1.8208 -0.262346
1.82709 -0.251881
1.83338 -0.241357
1.83967 -0.230777
1.84596 -0.220146
1.85225 -0.209468
1.85854 -0.198748
1.86483 -0.187991
1.87112 -0.177201
1.87741 -0.166383
1.8837 -0.15554
1.88999 -0.144678
1.89628 -0.133801
1.90257 -0.122913
1.90886 -0.112019
1.91515 -0.101123
1.92143 -0.0902294
1.92772 -0.0793432
1.93401 -0.0684684
1.9403 -0.0576094
1.94659 -0.0467704
1.95288 -0.0359558
1.95917 -0.0251699
1.96546 -0.0144169
1.97175 -0.00370094
1.97804 0.0069737
1.98433 0.0176029
1.99062 0.0281825
1.99691 0.0387085
2.0032 0.0491768
2.00949 0.0595835
2.01578 0.0699245
2.02207 0.080196
2.02836 0.090394
2.03465 0.100515
2.04093 0.110554
2.04722 0.120509
2.05351 0.130376
2.0598 0.14015
2.06609 0.149829
2.07238 0.159409
2.07867 0.168885
2.08496 0.178256
2.09125 0.187517
2.09754 0.196666
2.10383 0.205698
2.11012 0.214611
2.11641 0.223402
2.1227 0.232068
2.12899 0.240605
2.13528 0.24901
2.14157 0.257282
2.14786 0.265416
2.15415 0.273411
2.16043 0.281263
2.16672 0.28897
2.17301 0.29653
2.1793 0.303939
2.18559 0.311196
2.19188 0.318299
2.19817 0.325244
2.20446 0.33203
2.21075 0.338655
2.21704 0.345116
2.22333 0.351412
2.22962 0.357541
2.23591 0.363501
2.2422 0.36929
2.24849 0.374907
2.25478 0.38035
2.26107 0.385617
2.26736 0.390708
2.27365 0.39562
2.27993 0.400353
2.28622 0.404904
2.29251 0.409275
2.2988 0.413462
2.30509 0.417465
2.31138 0.421284
2.31767 0.424918
2.32396 0.428365
2.33025 0.431625
2.33654 0.434697
2.34283 0.437582
2.34912 0.440279
2.35541 0.442786
2.3617 0.445105
2.36799 0.447235
2.37428 0.449176
2.38057 0.450927
2.38686 0.452489
2.39315 0.453862
2.39943 0.455046
2.40572 0.456042
2.41201 0.456849
2.4183 0.457469
2.42459 0.457902
2.43088 0.458147
2.43717 0.458207
2.44346 0.458081
2.44975 0.457771
2.45604 0.457277
2.46233 0.456601
2.46862 0.455742
2.47491 0.454704
2.4812 0.453485
2.48749 0.452089
2.49378 0.450515
2.50007 0.448766
2.50636 0.446842
2.51265 0.444746
2.51893 0.442478
2.52522 0.440041
2.53151 0.437436
2.5378 0.434665
2.54409 0.431729
2.55038 0.428631
2.55667 0.425372
2.56296 0.421954
2.56925 0.41838
2.57554 0.414651
2.58183 0.410769
2.58812 0.406737
2.59441 0.402557
2.6007 0.398231
2.60699 0.393762
2.61328 0.389152
2.61957 0.384402
2.62586 0.379517
2.63215 0.374498
2.63843 0.369347
2.64472 0.364068
2.65101 0.358664
2.6573 0.353135
2.66359 0.347487
2.66988 0.34172
2.67617 0.335839
2.68246 0.329845
2.68875 0.323743
2.69504 0.317533
2.70133 0.311221
2.70762 0.304807
2.71391 0.298297
2.7202 0.291691
2.72649 0.284994
2.73278 0.278209
2.73907 0.271339
2.74536 0.264386
2.75165 0.257354
2.75793 0.250246
2.76422 0.243065
2.77051 0.235815
2.7768 0.228498
2.78309 0.221118
2.78938 0.213678
2.79567 0.206181
2.80196 0.198631
2.80825 0.191031
2.81454 0.183384
2.82083 0.175693
2.82712 0.167961
2.83341 0.160193
2.8397 0.15239
2.84599 0.144557
2.85228 0.136697
2.85857 0.128813
2.86486 0.120908
2.87115 0.112986
2.87743 0.10505
2.88372 0.0971028
2.89001 0.0891482
2.8963 0.0811892
2.90259 0.0732293
2.90888 0.0652715
2.91517 0.0573191
2.92146 0.0493754
2.92775 0.0414435
2.93404 0.0335266
2.94033 0.0256279
2.94662 0.0177505
2.95291 0.00989762
2.9592 0.00207228
2.96549 -0.00572242
2.97178 -0.0134834
2.97807 -0.0212077
2.98436 -0.0288923
2.99065 -0.0365341
2.99693 -0.0441304
3.00322 -0.0516781
3.00951 -0.0591744
3.0158 -0.0666164
3.02209 -0.0740015
3.02838 -0.0813268
3.03467 -0.0885896
3.04096 -0.0957873
3.04725 -0.102917
3.05354 -0.109977
3.05983 -0.116964
3.06612 -0.123876
3.07241 -0.13071
3.0787 -0.137464
3.08499 -0.144136
3.09128 -0.150724
3.09757 -0.157225
3.10386 -0.163637
3.11015 -0.16996
3.11643 -0.17619
3.12272 -0.182326
3.12901 -0.188366
3.1353 -0.194309
3.14159 -0.200154
