-3.11472 1.26761
-2.90245 -0.465802
-2.49239 -2.20381
-1.91248 0.357202
-1.20224 0.927908
-0.41006 -1.09949
0.41006 0.846875
1.20224 -0.431629
1.91248 -0.105718
2.49239 0.450895
2.90245 0.0734057
3.11472 -0.174513
-3.11472 1.26761
-2.90245 -0.465802
-2.49239 -2.20381
-1.91248 0.357202
-1.20224 0.927908
-0.41006 -1.09949
0.41006 0.846875
1.20224 -0.431629
1.91248 -0.105718
2.49239 0.450895
2.90245 0.0734057
3.11472 -0.174513
-3.11472 1.26761
-2.90245 -0.465802
-2.49239 -2.20381
-1.91248 0.357202
-1.20224 0.927908
-0.41006 -1.09949
0.41006 0.846875
1.20224 -0.431629
1.91248 -0.105718
2.49239 0.450895
2.90245 0.0734057
3.11472 -0.174513
