-3.14159 1.4788
-3.05053 0.74336
-2.95947 -0.0115128
-2.86841 -0.722927
-2.77735 -1.33509
-2.68629 -1.80349
-2.59523 -2.09786
-2.50417 -2.20392
-2.41311 -2.12359
-2.32205 -1.87394
-2.23099 -1.48495
-2.13993 -0.996304
-2.04886 -0.453623
-1.9578 0.0956279
-1.86674 0.606115
-1.77568 1.03823
-1.68462 1.36102
-1.59356 1.55421
-1.5025 1.60929
-1.41144 1.52953
-1.32038 1.32905
-1.22932 1.03106
-1.13826 0.665451
-1.0472 0.265959
-0.956137 -0.132804
-0.865076 -0.498237
-0.774016 -0.8023
-0.682955 -1.02356
-0.591894 -1.14857
-0.500834 -1.17251
-0.409773 -1.09912
-0.318712 -0.939886
-0.227652 -0.712681
-0.136591 -0.439931
-0.0455303 -0.146529
0.0455303 0.142343
0.136591 0.403292
0.227652 0.61653
0.318712 0.767287
0.409773 0.846741
0.500834 0.852404
0.591894 0.787969
0.682955 0.662658
0.774016 0.490159
0.865076 0.287249
0.956137 0.0722535
1.0472 -0.136548
1.13826 -0.322411
1.22932 -0.471413
1.32038 -0.573431
1.41144 -0.622761
1.5025 -0.618333
1.59356 -0.563536
1.68462 -0.465693
1.77568 -0.335238
1.86674 -0.184687
1.9578 -0.0274973
2.04886 0.12309
2.13993 0.25512
2.23099 0.358829
2.32205 0.427322
2.41311 0.456976
2.50417 0.447551
2.59523 0.402019
2.68629 0.326142
2.77735 0.227839
2.86841 0.116422
2.95947 0.00174962
3.05053 -0.106607
3.14159 -0.200134
