-3.14159 1.4788
-3.1353 1.42389
-3.12901 1.36982
-3.12272 1.31659
-3.11643 1.26419
-3.11015 1.21261
-3.10386 1.16185
-3.09757 1.11189
-3.09128 1.06273
-3.08499 1.01437
-3.0787 0.966784
-3.07241 0.919977
-3.06612 0.873938
-3.05983 0.82866
-3.05354 0.784136
-3.04725 0.740357
-3.04096 0.697316
-3.03467 0.655007
-3.02838 0.613421
-3.02209 0.572551
-3.0158 0.532391
-3.00951 0.492933
-3.00322 0.45417
-2.99693 0.416094
-2.99065 0.3787
-2.98436 0.341979
-2.97807 0.305925
-2.97178 0.270531
-2.96549 0.23579
-2.9592 0.201695
-2.95291 0.16824
-2.94662 0.135417
-2.94033 0.103221
-2.93404 0.0716438
-2.92775 0.0406796
-2.92146 0.0103218
-2.91517 -0.0194362
-2.90888 -0.0486009
-2.90259 -0.0771787
-2.8963 -0.105176
-2.89001 -0.132599
-2.88372 -0.159454
-2.87743 -0.185748
-2.87115 -0.211486
-2.86486 -0.236674
-2.85857 -0.26132
-2.85228 -0.285429
-2.84599 -0.309006
-2.8397 -0.332059
-2.83341 -0.354592
-2.82712 -0.376612
-2.82083 -0.398125
-2.81454 -0.419136
-2.80825 -0.439652
-2.80196 -0.459678
-2.79567 -0.47922
-2.78938 -0.498283
-2.78309 -0.516873
-2.7768 -0.534996
-2.77051 -0.552658
-2.76422 -0.569863
-2.75793 -0.586617
-2.75165 -0.602926
-2.74536 -0.618795
-2.73907 -0.63423
-2.73278 -0.649235
-2.72649 -0.663816
-2.7202 -0.677979
-2.71391 -0.691728
-2.70762 -0.705069
-2.70133 -0.718007
-2.69504 -0.730546
-2.68875 -0.742693
-2.68246 -0.754451
-2.67617 -0.765827
-2.66988 -0.776824
-2.66359 -0.787448
-2.6573 -0.797704
-2.65101 -0.807596
-2.64472 -0.81713
-2.63843 -0.82631
-2.63215 -0.83514
-2.62586 -0.843626
-2.61957 -0.851772
-2.61328 -0.859583
-2.60699 -0.867063
-2.6007 -0.874217
-2.59441 -0.881049
-2.58812 -0.887564
-2.58183 -0.893767
-2.57554 -0.899661
-2.56925 -0.905251
-2.56296 -0.910542
-2.55667 -0.915537
-2.55038 -0.920242
-2.54409 -0.924659
-2.5378 -0.928794
-2.53151 -0.932651
-2.52522 -0.936234
-2.51893 -0.939546
-2.51265 -0.942592
-2.50636 -0.945376
-2.50007 -0.947902
-2.49378 -0.950174
-2.48749 -0.952196
-2.4812 -0.953971
-2.47491 -0.955504
-2.46862 -0.956799
-2.46233 -0.957859
-2.45604 -0.958688
-2.44975 -0.95929
-2.44346 -0.959668
-2.43717 -0.959826
-2.43088 -0.959769
-2.42459 -0.959498
-2.4183 -0.959019
-2.41201 -0.958335
-2.40572 -0.957448
-2.39943 -0.956363
-2.39315 -0.955084
-2.38686 -0.953613
-2.38057 -0.951953
-2.37428 -0.950109
-2.36799 -0.948084
-2.3617 -0.945881
-2.35541 -0.943503
-2.34912 -0.940953
-2.34283 -0.938236
-2.33654 -0.935353
-2.33025 -0.932308
-2.32396 -0.929105
-2.31767 -0.925746
-2.31138 -0.922235
-2.30509 -0.918574
-2.2988 -0.914766
-2.29251 -0.910815
-2.28622 -0.906724
-2.27993 -0.902495
-2.27365 -0.898132
-2.26736 -0.893636
-2.26107 -0.889012
-2.25478 -0.884262
-2.24849 -0.879389
-2.2422 -0.874395
-2.23591 -0.869284
-2.22962 -0.864057
-2.22333 -0.858718
-2.21704 -0.85327
-2.21075 -0.847715
-2.20446 -0.842055
-2.19817 -0.836294
-2.19188 -0.830434
-2.18559 -0.824477
-2.1793 -0.818426
-2.17301 -0.812283
-2.16672 -0.806051
-2.16043 -0.799732
-2.15415 -0.79333
-2.14786 -0.786845
-2.14157 -0.780281
-2.13528 -0.773639
-2.12899 -0.766923
-2.1227 -0.760134
-2.11641 -0.753275
-2.11012 -0.746348
-2.10383 -0.739355
-2.09754 -0.732299
-2.09125 -0.725181
-2.08496 -0.718003
-2.07867 -0.710769
-2.07238 -0.703479
-2.06609 -0.696136
-2.0598 -0.688743
-2.05351 -0.6813
-2.04722 -0.673811
-2.04093 -0.666277
-2.03465 -0.658699
-2.02836 -0.651081
-2.02207 -0.643424
-2.01578 -0.635729
-2.00949 -0.627999
-2.0032 -0.620236
-1.99691 -0.612441
-1.99062 -0.604617
-1.98433 -0.596764
-1.97804 -0.588885
-1.97175 -0.580981
-1.96546 -0.573055
-1.95917 -0.565107
-1.95288 -0.557141
-1.94659 -0.549156
-1.9403 -0.541155
-1.93401 -0.53314
-1.92772 -0.525112
-1.92143 -0.517073
-1.91515 -0.509024
-1.90886 -0.500966
-1.90257 -0.492902
-1.89628 -0.484833
-1.88999 -0.47676
-1.8837 -0.468685
-1.87741 -0.460609
-1.87112 -0.452534
-1.86483 -0.44446
-1.85854 -0.43639
-1.85225 -0.428325
-1.84596 -0.420266
-1.83967 -0.412214
-1.83338 -0.404171
-1.82709 -0.396138
-1.8208 -0.388117
-1.81451 -0.380108
-1.80822 -0.372112
-1.80193 -0.364132
-1.79565 -0.356168
-1.78936 -0.348221
-1.78307 -0.340293
-1.77678 -0.332384
-1.77049 -0.324496
-1.7642 -0.31663
-1.75791 -0.308787
-1.75162 -0.300968
-1.74533 -0.293174
-1.73904 -0.285407
-1.73275 -0.277666
-1.72646 -0.269954
-1.72017 -0.262271
-1.71388 -0.254618
-1.70759 -0.246996
-1.7013 -0.239406
-1.69501 -0.231849
-1.68872 -0.224326
-1.68243 -0.216838
-1.67615 -0.209386
-1.66986 -0.20197
-1.66357 -0.194591
-1.65728 -0.18725
-1.65099 -0.179949
-1.6447 -0.172687
-1.63841 -0.165466
-1.63212 -0.158286
-1.62583 -0.151148
-1.61954 -0.144053
-1.61325 -0.137002
-1.60696 -0.129995
-1.60067 -0.123033
-1.59438 -0.116116
-1.58809 -0.109246
-1.5818 -0.102423
-1.57551 -0.0956474
-1.56922 -0.08892
-1.56293 -0.0822414
-1.55665 -0.0756122
-1.55036 -0.0690331
-1.54407 -0.0625044
-1.53778 -0.0560269
-1.53149 -0.0496011
-1.5252 -0.0432275
-1.51891 -0.0369065
-1.51262 -0.0306388
-1.50633 -0.0244248
-1.50004 -0.0182649
-1.49375 -0.0121597
-1.48746 -0.00610951
-1.48117 -0.000114868
-1.47488 0.00582383
-1.46859 0.0117062
-1.4623 0.0175318
-1.45601 0.0233002
-1.44972 0.0290111
-1.44343 0.0346642
-1.43714 0.040259
-1.43086 0.0457952
-1.42457 0.0512726
-1.41828 0.0566907
-1.41199 0.0620493
-1.4057 0.067348
-1.39941 0.0725867
-1.39312 0.077765
-1.38683 0.0828827
-1.38054 0.0879395
-1.37425 0.0929352
-1.36796 0.0978695
-1.36167 0.102742
-1.35538 0.107553
-1.34909 0.112302
-1.3428 0.116989
-1.33651 0.121614
-1.33022 0.126176
-1.32393 0.130675
-1.31764 0.135112
-1.31136 0.139486
-1.30507 0.143796
-1.29878 0.148044
-1.29249 0.152228
-1.2862 0.156349
-1.27991 0.160407
-1.27362 0.164401
-1.26733 0.168331
-1.26104 0.172198
-1.25475 0.176001
-1.24846 0.17974
-1.24217 0.183416
-1.23588 0.187027
-1.22959 0.190575
-1.2233 0.19406
-1.21701 0.19748
-1.21072 0.200837
-1.20443 0.204129
-1.19814 0.207359
-1.19186 0.210524
-1.18557 0.213626
-1.17928 0.216664
-1.17299 0.219639
-1.1667 0.22255
-1.16041 0.225398
-1.15412 0.228183
-1.14783 0.230904
-1.14154 0.233563
-1.13525 0.236158
-1.12896 0.23869
-1.12267 0.24116
-1.11638 0.243567
-1.11009 0.245912
-1.1038 0.248194
-1.09751 0.250415
-1.09122 0.252573
-1.08493 0.254669
-1.07864 0.256704
-1.07236 0.258677
-1.06607 0.260589
-1.05978 0.26244
-1.05349 0.26423
-1.0472 0.265959
-1.04091 0.267628
-1.03462 0.269236
-1.02833 0.270785
-1.02204 0.272273
-1.01575 0.273702
-1.00946 0.275072
-1.00317 0.276383
-0.996882 0.277634
-0.990592 0.278827
-0.984303 0.279962
-0.978013 0.281039
-0.971724 0.282058
-0.965434 0.28302
-0.959145 0.283924
-0.952855 0.284772
-0.946566 0.285563
-0.940276 0.286298
-0.933987 0.286976
-0.927698 0.287599
-0.921408 0.288167
-0.915119 0.28868
-0.908829 0.289137
-0.90254 0.289541
-0.89625 0.28989
-0.889961 0.290186
-0.883671 0.290429
-0.877382 0.290618
-0.871092 0.290755
-0.864803 0.290839
-0.858513 0.290872
-0.852224 0.290853
-0.845934 0.290783
-0.839645 0.290662
-0.833355 0.29049
-0.827066 0.290269
-0.820776 0.289997
-0.814487 0.289677
-0.808198 0.289308
-0.801908 0.28889
-0.795619 0.288424
-0.789329 0.28791
-0.78304 0.287349
-0.77675 0.286741
-0.770461 0.286087
-0.764171 0.285386
-0.757882 0.28464
-0.751592 0.283849
-0.745303 0.283013
-0.739013 0.282133
-0.732724 0.281208
-0.726434 0.28024
-0.720145 0.27923
-0.713855 0.278176
-0.707566 0.27708
-0.701276 0.275943
-0.694987 0.274764
-0.688697 0.273544
-0.682408 0.272284
-0.676119 0.270984
-0.669829 0.269645
-0.66354 0.268266
-0.65725 0.266849
-0.650961 0.265394
-0.644671 0.263901
-0.638382 0.262371
-0.632092 0.260804
-0.625803 0.259201
-0.619513 0.257562
-0.613224 0.255888
-0.606934 0.254179
-0.600645 0.252436
-0.594355 0.250658
-0.588066 0.248848
-0.581776 0.247004
-0.575487 0.245128
-0.569197 0.24322
-0.562908 0.24128
-0.556619 0.239309
-0.550329 0.237308
-0.54404 0.235277
-0.53775 0.233216
-0.531461 0.231126
-0.525171 0.229008
-0.518882 0.226861
-0.512592 0.224687
-0.506303 0.222485
-0.500013 0.220257
-0.493724 0.218003
-0.487434 0.215723
-0.481145 0.213418
-0.474855 0.211088
-0.468566 0.208735
-0.462276 0.206357
-0.455987 0.203956
-0.449697 0.201533
-0.443408 0.199087
-0.437118 0.196619
-0.430829 0.194131
-0.42454 0.191621
-0.41825 0.189092
-0.411961 0.186542
-0.405671 0.183973
-0.399382 0.181386
-0.393092 0.17878
-0.386803 0.176157
-0.380513 0.173516
-0.374224 0.170858
-0.367934 0.168184
-0.361645 0.165494
-0.355355 0.162789
-0.349066 0.160069
-0.342776 0.157335
-0.336487 0.154586
-0.330197 0.151825
-0.323908 0.14905
-0.317618 0.146263
-0.311329 0.143464
-0.30504 0.140654
-0.29875 0.137833
-0.292461 0.135001
-0.286171 0.132159
-0.279882 0.129307
-0.273592 0.126447
-0.267303 0.123578
-0.261013 0.120701
-0.254724 0.117816
-0.248434 0.114924
-0.242145 0.112026
-0.235855 0.109121
-0.229566 0.10621
-0.223276 0.103294
-0.216987 0.100374
-0.210697 0.0974486
-0.204408 0.0945196
-0.198118 0.0915873
-0.191829 0.0886519
-0.18554 0.0857141
-0.17925 0.0827742
-0.172961 0.0798326
-0.166671 0.07689
-0.160382 0.0739466
-0.154092 0.071003
-0.147803 0.0680595
-0.141513 0.0651167
-0.135224 0.062175
-0.128934 0.0592347
-0.122645 0.0562965
-0.116355 0.0533606
-0.110066 0.0504275
-0.103776 0.0474977
-0.0974869 0.0445716
-0.0911974 0.0416496
-0.0849079 0.0387321
-0.0786184 0.0358196
-0.072329 0.0329125
-0.0660395 0.0300112
-0.05975 0.027116
-0.0534605 0.0242275
-0.0471711 0.0213461
-0.0408816 0.018472
-0.0345921 0.0156058
-0.0283026 0.0127479
-0.0220132 0.00989864
-0.0157237 0.00705841
-0.00943421 0.00422762
-0.00314474 0.00140667
0.00314474 -0.00140406
0.00943421 -0.00420418
0.0157237 -0.0069933
0.0220132 -0.00977105
0.0283026 -0.012537
0.0345921 -0.0152909
0.0408816 -0.0180323
0.0471711 -0.0207607
0.0534605 -0.023476
0.05975 -0.0261776
0.0660395 -0.0288653
0.072329 -0.0315387
0.0786184 -0.0341974
0.0849079 -0.036841
0.0911974 -0.0394693
0.0974869 -0.0420819
0.103776 -0.0446784
0.110066 -0.0472585
0.116355 -0.0498219
0.122645 -0.0523682
0.128934 -0.0548971
0.135224 -0.0574083
0.141513 -0.0599014
0.147803 -0.0623762
0.154092 -0.0648323
0.160382 -0.0672693
0.166671 -0.0696871
0.172961 -0.0720853
0.17925 -0.0744636
0.18554 -0.0768216
0.191829 -0.0791592
0.198118 -0.0814759
0.204408 -0.0837716
0.210697 -0.0860459
0.216987 -0.0882985
0.223276 -0.0905292
0.229566 -0.0927377
0.235855 -0.0949237
0.242145 -0.097087
0.248434 -0.0992273
0.254724 -0.101344
0.261013 -0.103438
0.267303 -0.105507
0.273592 -0.107553
0.279882 -0.109575
0.286171 -0.111571
0.292461 -0.113544
0.29875 -0.115491
0.30504 -0.117413
0.311329 -0.119309
0.317618 -0.12118
0.323908 -0.123025
0.330197 -0.124844
0.336487 -0.126637
0.342776 -0.128403
0.349066 -0.130142
0.355355 -0.131855
0.361645 -0.13354
0.367934 -0.135198
0.374224 -0.136828
0.380513 -0.138431
0.386803 -0.140006
0.393092 -0.141553
0.399382 -0.143072
0.405671 -0.144563
0.411961 -0.146025
0.41825 -0.147458
0.42454 -0.148862
0.430829 -0.150238
0.437118 -0.151584
0.443408 -0.152901
0.449697 -0.154188
0.455987 -0.155446
0.462276 -0.156675
0.468566 -0.157873
0.474855 -0.159042
0.481145 -0.16018
0.487434 -0.161288
0.493724 -0.162366
0.500013 -0.163414
0.506303 -0.164431
0.512592 -0.165417
0.518882 -0.166373
0.525171 -0.167298
0.531461 -0.168192
0.53775 -0.169056
0.54404 -0.169888
0.550329 -0.170689
0.556619 -0.171459
0.562908 -0.172197
0.569197 -0.172905
0.575487 -0.173581
0.581776 -0.174225
0.588066 -0.174838
0.594355 -0.17542
0.600645 -0.17597
0.606934 -0.176488
0.613224 -0.176975
0.619513 -0.17743
0.625803 -0.177854
0.632092 -0.178246
0.638382 -0.178606
0.644671 -0.178934
0.650961 -0.179231
0.65725 -0.179496
0.66354 -0.179729
0.669829 -0.17993
0.676119 -0.1801
0.682408 -0.180238
0.688697 -0.180345
0.694987 -0.180419
0.701276 -0.180462
0.707566 -0.180474
0.713855 -0.180454
0.720145 -0.180402
0.726434 -0.180319
0.732724 -0.180204
0.739013 -0.180058
0.745303 -0.179881
0.751592 -0.179672
0.757882 -0.179432
0.764171 -0.179161
0.770461 -0.178859
0.77675 -0.178526
0.78304 -0.178162
0.789329 -0.177767
0.795619 -0.177341
0.801908 -0.176885
0.808198 -0.176398
0.814487 -0.17588
0.820776 -0.175332
0.827066 -0.174754
0.833355 -0.174146
0.839645 -0.173507
0.845934 -0.172839
0.852224 -0.172141
0.858513 -0.171413
0.864803 -0.170655
0.871092 -0.169868
0.877382 -0.169052
0.883671 -0.168207
0.889961 -0.167333
0.89625 -0.166429
0.90254 -0.165497
0.908829 -0.164537
0.915119 -0.163548
0.921408 -0.162531
0.927698 -0.161486
0.933987 -0.160413
0.940276 -0.159312
0.946566 -0.158184
0.952855 -0.157028
0.959145 -0.155846
0.965434 -0.154636
0.971724 -0.153399
0.978013 -0.152136
0.984303 -0.150847
0.990592 -0.149531
0.996882 -0.14819
1.00317 -0.146822
1.00946 -0.145429
1.01575 -0.144011
1.02204 -0.142568
1.02833 -0.141099
1.03462 -0.139607
1.04091 -0.138089
1.0472 -0.136548
1.05349 -0.134983
1.05978 -0.133393
1.06607 -0.131781
1.07236 -0.130145
1.07864 -0.128487
1.08493 -0.126805
1.09122 -0.125101
1.09751 -0.123376
1.1038 -0.121628
1.11009 -0.119858
1.11638 -0.118067
1.12267 -0.116255
1.12896 -0.114423
1.13525 -0.11257
1.14154 -0.110696
1.14783 -0.108803
1.15412 -0.10689
1.16041 -0.104957
1.1667 -0.103006
1.17299 -0.101035
1.17928 -0.0990465
1.18557 -0.0970395
1.19186 -0.0950147
1.19814 -0.0929724
1.20443 -0.0909129
1.21072 -0.0888364
1.21701 -0.0867433
1.2233 -0.084634
1.22959 -0.0825087
1.23588 -0.0803678
1.24217 -0.0782116
1.24846 -0.0760405
1.25475 -0.0738548
1.26104 -0.0716547
1.26733 -0.0694407
1.27362 -0.0672132
1.27991 -0.0649723
1.2862 -0.0627186
1.29249 -0.0604523
1.29878 -0.0581738
1.30507 -0.0558834
1.31136 -0.0535816
1.31764 -0.0512686
1.32393 -0.0489449
1.33022 -0.0466107
1.33651 -0.0442665
1.3428 -0.0419126
1.34909 -0.0395495
1.35538 -0.0371774
1.36167 -0.0347967
1.36796 -0.0324078
1.37425 -0.0300112
1.38054 -0.0276071
1.38683 -0.025196
1.39312 -0.0227782
1.39941 -0.0203541
1.4057 -0.0179242
1.41199 -0.0154887
1.41828 -0.0130482
1.42457 -0.0106029
1.43086 -0.00815331
1.43714 -0.00569977
1.44343 -0.00324271
1.44972 -0.00078251
1.45601 0.00168043
1.4623 0.0041457
1.46859 0.0066129
1.47488 0.00908164
1.48117 0.0115515
1.48746 0.0140221
1.49375 0.016493
1.50004 0.0189638
1.50633 0.0214341
1.51262 0.0239034
1.51891 0.0263715
1.5252 0.0288378
1.53149 0.0313019
1.53778 0.0337635
1.54407 0.0362222
1.55036 0.0386774
1.55665 0.0411288
1.56293 0.0435759
1.56922 0.0460185
1.57551 0.0484559
1.5818 0.0508879
1.58809 0.053314
1.59438 0.0557337
1.60067 0.0581467
1.60696 0.0605526
1.61325 0.0629508
1.61954 0.0653411
1.62583 0.0677229
1.63212 0.0700959
1.63841 0.0724596
1.6447 0.0748136
1.65099 0.0771575
1.65728 0.0794909
1.66357 0.0818133
1.66986 0.0841243
1.67615 0.0864235
1.68243 0.0887105
1.68872 0.0909849
1.69501 0.0932462
1.7013 0.095494
1.70759 0.0977279
1.71388 0.0999475
1.72017 0.102152
1.72646 0.104342
1.73275 0.106516
1.73904 0.108674
1.74533 0.110816
1.75162 0.112941
1.75791 0.115049
1.7642 0.117139
1.77049 0.119211
1.77678 0.121264
1.78307 0.123299
1.78936 0.125314
1.79565 0.127309
1.80193 0.129285
1.80822 0.13124
1.81451 0.133174
1.8208 0.135087
1.82709 0.136978
1.83338 0.138847
1.83967 0.140693
1.84596 0.142517
1.85225 0.144317
1.85854 0.146093
1.86483 0.147846
1.87112 0.149574
1.87741 0.151277
1.8837 0.152954
1.88999 0.154607
1.89628 0.156233
1.90257 0.157832
1.90886 0.159405
1.91515 0.160951
1.92143 0.16247
1.92772 0.16396
1.93401 0.165422
1.9403 0.166856
1.94659 0.168261
1.95288 0.169636
1.95917 0.170982
1.96546 0.172297
1.97175 0.173582
1.97804 0.174837
1.98433 0.17606
1.99062 0.177252
1.99691 0.178412
2.0032 0.179541
2.00949 0.180636
2.01578 0.181699
2.02207 0.182729
2.02836 0.183726
2.03465 0.184688
2.04093 0.185617
2.04722 0.186512
2.05351 0.187372
2.0598 0.188196
2.06609 0.188986
2.07238 0.18974
2.07867 0.190458
2.08496 0.191141
2.09125 0.191786
2.09754 0.192396
2.10383 0.192968
2.11012 0.193503
2.11641 0.194
2.1227 0.19446
2.12899 0.194882
2.13528 0.195266
2.14157 0.195611
2.14786 0.195917
2.15415 0.196185
2.16043 0.196413
2.16672 0.196602
2.17301 0.196751
2.1793 0.19686
2.18559 0.19693
2.19188 0.196959
2.19817 0.196947
2.20446 0.196895
2.21075 0.196803
2.21704 0.196669
2.22333 0.196494
2.22962 0.196277
2.23591 0.196019
2.2422 0.19572
2.24849 0.195378
2.25478 0.194995
2.26107 0.194569
2.26736 0.194101
2.27365 0.193591
2.27993 0.193038
2.28622 0.192443
2.29251 0.191805
2.2988 0.191124
2.30509 0.1904
2.31138 0.189633
2.31767 0.188824
2.32396 0.187971
2.33025 0.187074
2.33654 0.186135
2.34283 0.185152
2.34912 0.184126
2.35541 0.183056
2.3617 0.181943
2.36799 0.180786
2.37428 0.179586
2.38057 0.178343
2.38686 0.177056
2.39315 0.175725
2.39943 0.174351
2.40572 0.172934
2.41201 0.171473
2.4183 0.169969
2.42459 0.168422
2.43088 0.166831
2.43717 0.165197
2.44346 0.16352
2.44975 0.161801
2.45604 0.160038
2.46233 0.158232
2.46862 0.156384
2.47491 0.154493
2.4812 0.15256
2.48749 0.150584
2.49378 0.148567
2.50007 0.146507
2.50636 0.144405
2.51265 0.142262
2.51893 0.140077
2.52522 0.137852
2.53151 0.135585
2.5378 0.133277
2.54409 0.130929
2.55038 0.12854
2.55667 0.126111
2.56296 0.123642
2.56925 0.121134
2.57554 0.118586
2.58183 0.116
2.58812 0.113375
2.59441 0.110711
2.6007 0.108009
2.60699 0.105269
2.61328 0.102493
2.61957 0.0996786
2.62586 0.0968279
2.63215 0.093941
2.63843 0.0910182
2.64472 0.0880599
2.65101 0.0850664
2.6573 0.0820384
2.66359 0.0789761
2.66988 0.07588
2.67617 0.0727506
2.68246 0.0695885
2.68875 0.0663939
2.69504 0.0631675
2.70133 0.0599098
2.70762 0.0566213
2.71391 0.0533025
2.7202 0.049954
2.72649 0.0465763
2.73278 0.0431701
2.73907 0.0397358
2.74536 0.0362742
2.75165 0.0327858
2.75793 0.0292713
2.76422 0.0257312
2.77051 0.0221663
2.7768 0.0185773
2.78309 0.0149647
2.78938 0.0113294
2.79567 0.00767196
2.80196 0.00399319
2.80825 0.000293811
2.81454 -0.00342542
2.82083 -0.00716374
2.82712 -0.0109204
2.83341 -0.0146945
2.8397 -0.0184853
2.84599 -0.022292
2.85228 -0.0261137
2.85857 -0.0299495
2.86486 -0.0337987
2.87115 -0.0376602
2.87743 -0.0415332
2.88372 -0.0454168
2.89001 -0.04931
2.8963 -0.0532119
2.90259 -0.0571215
2.90888 -0.0610379
2.91517 -0.0649599
2.92146 -0.0688867
2.92775 -0.0728172
2.93404 -0.0767503
2.94033 -0.0806849
2.94662 -0.0846201
2.95291 -0.0885546
2.9592 -0.0924874
2.96549 -0.0964173
2.97178 -0.100343
2.97807 -0.104264
2.98436 -0.108178
2.99065 -0.112085
2.99693 -0.115983
3.00322 -0.119871
3.00951 -0.123748
3.0158 -0.127612
3.02209 -0.131462
3.02838 -0.135297
3.03467 -0.139116
3.04096 -0.142917
3.04725 -0.146699
3.05354 -0.15046
3.05983 -0.154199
3.06612 -0.157914
3.07241 -0.161605
3.0787 -0.16527
3.08499 -0.168907
3.09128 -0.172514
3.09757 -0.176091
3.10386 -0.179635
3.11015 -0.183146
3.11643 -0.186621
3.12272 -0.190059
3.12901 -0.193458
3.1353 -0.196817
3.14159 -0.200134
