-3.14159 2.21105
-3.1353 2.09004
-3.12901 1.97118
-3.12272 1.85444
-3.11643 1.73981
-3.11015 1.62727
-3.10386 1.51679
-3.09757 1.40835
-3.09128 1.30193
-3.08499 1.19751
-3.0787 1.09507
-3.07241 0.99459
-3.06612 0.896048
-3.05983 0.799424
-3.05354 0.704698
-3.04725 0.61185
-3.04096 0.520859
-3.03467 0.431707
-3.02838 0.344372
-3.02209 0.258837
-3.0158 0.17508
-3.00951 0.0930833
-3.00322 0.0128273
-2.99693 -0.0657072
-2.99065 -0.142539
-2.98436 -0.217687
-2.97807 -0.29117
-2.97178 -0.363006
-2.96549 -0.433214
-2.9592 -0.501812
-2.95291 -0.568819
-2.94662 -0.634252
-2.94033 -0.698129
-2.93404 -0.760469
-2.92775 -0.821289
-2.92146 -0.880606
-2.91517 -0.938438
-2.90888 -0.994802
-2.90259 -1.04972
-2.8963 -1.1032
-2.89001 -1.15526
-2.88372 -1.20593
-2.87743 -1.25521
-2.87115 -1.30312
-2.86486 -1.34969
-2.85857 -1.39493
-2.85228 -1.43884
-2.84599 -1.48146
-2.8397 -1.52279
-2.83341 -1.56285
-2.82712 -1.60166
-2.82083 -1.63924
-2.81454 -1.67559
-2.80825 -1.71073
-2.80196 -1.74469
-2.79567 -1.77747
-2.78938 -1.80909
-2.78309 -1.83956
-2.7768 -1.86891
-2.77051 -1.89714
-2.76422 -1.92426
-2.75793 -1.95031
-2.75165 -1.97528
-2.74536 -1.99919
-2.73907 -2.02206
-2.73278 -2.04391
-2.72649 -2.06473
-2.7202 -2.08456
-2.71391 -2.1034
-2.70762 -2.12127
-2.70133 -2.13818
-2.69504 -2.15414
-2.68875 -2.16918
-2.68246 -2.18329
-2.67617 -2.1965
-2.66988 -2.20881
-2.66359 -2.22024
-2.6573 -2.23081
-2.65101 -2.24053
-2.64472 -2.2494
-2.63843 -2.25745
-2.63215 -2.26468
-2.62586 -2.2711
-2.61957 -2.27674
-2.61328 -2.2816
-2.60699 -2.28569
-2.6007 -2.28902
-2.59441 -2.29162
-2.58812 -2.29348
-2.58183 -2.29462
-2.57554 -2.29506
-2.56925 -2.2948
-2.56296 -2.29386
-2.55667 -2.29224
-2.55038 -2.28997
-2.54409 -2.28704
-2.5378 -2.28347
-2.53151 -2.27927
-2.52522 -2.27446
-2.51893 -2.26904
-2.51265 -2.26303
-2.50636 -2.25643
-2.50007 -2.24925
-2.49378 -2.24151
-2.48749 -2.23322
-2.4812 -2.22438
-2.47491 -2.21501
-2.46862 -2.20512
-2.46233 -2.19471
-2.45604 -2.1838
-2.44975 -2.1724
-2.44346 -2.16051
-2.43717 -2.14815
-2.43088 -2.13533
-2.42459 -2.12205
-2.4183 -2.10832
-2.41201 -2.09416
-2.40572 -2.07957
-2.39943 -2.06456
-2.39315 -2.04915
-2.38686 -2.03333
-2.38057 -2.01713
-2.37428 -2.00054
-2.36799 -1.98358
-2.3617 -1.96625
-2.35541 -1.94857
-2.34912 -1.93054
-2.34283 -1.91217
-2.33654 -1.89347
-2.33025 -1.87444
-2.32396 -1.8551
-2.31767 -1.83546
-2.31138 -1.81552
-2.30509 -1.79529
-2.2988 -1.77477
-2.29251 -1.75398
-2.28622 -1.73292
-2.27993 -1.71161
-2.27365 -1.69004
-2.26736 -1.66822
-2.26107 -1.64617
-2.25478 -1.62389
-2.24849 -1.60139
-2.2422 -1.57867
-2.23591 -1.55575
-2.22962 -1.53262
-2.22333 -1.5093
-2.21704 -1.48579
-2.21075 -1.4621
-2.20446 -1.43824
-2.19817 -1.41421
-2.19188 -1.39002
-2.18559 -1.36568
-2.1793 -1.34119
-2.17301 -1.31656
-2.16672 -1.29179
-2.16043 -1.26689
-2.15415 -1.24187
-2.14786 -1.21674
-2.14157 -1.1915
-2.13528 -1.16615
-2.12899 -1.1407
-2.1227 -1.11516
-2.11641 -1.08953
-2.11012 -1.06383
-2.10383 -1.03804
-2.09754 -1.01219
-2.09125 -0.986274
-2.08496 -0.960298
-2.07867 -0.934269
-2.07238 -0.908192
-2.06609 -0.882072
-2.0598 -0.855913
-2.05351 -0.829723
-2.04722 -0.803505
-2.04093 -0.777264
-2.03465 -0.751006
-2.02836 -0.724734
-2.02207 -0.698455
-2.01578 -0.672173
-2.00949 -0.645892
-2.0032 -0.619618
-1.99691 -0.593354
-1.99062 -0.567105
-1.98433 -0.540876
-1.97804 -0.514671
-1.97175 -0.488495
-1.96546 -0.462351
-1.95917 -0.436244
-1.95288 -0.410178
-1.94659 -0.384158
-1.9403 -0.358186
-1.93401 -0.332268
-1.92772 -0.306407
-1.92143 -0.280607
-1.91515 -0.254871
-1.90886 -0.229204
-1.90257 -0.20361
-1.89628 -0.178092
-1.88999 -0.152653
-1.8837 -0.127297
-1.87741 -0.102028
-1.87112 -0.0768486
-1.86483 -0.0517629
-1.85854 -0.0267741
-1.85225 -0.00188525
-1.84596 0.0229002
-1.83967 0.0475792
-1.83338 0.0721486
-1.82709 0.0966053
-1.8208 0.120946
-1.81451 0.145169
-1.80822 0.169269
-1.80193 0.193245
-1.79565 0.217094
-1.78936 0.240813
-1.78307 0.264398
-1.77678 0.287848
-1.77049 0.31116
-1.7642 0.334332
-1.75791 0.35736
-1.75162 0.380242
-1.74533 0.402975
-1.73904 0.425559
-1.73275 0.447989
-1.72646 0.470263
-1.72017 0.492381
-1.71388 0.514338
-1.70759 0.536133
-1.7013 0.557764
-1.69501 0.579229
-1.68872 0.600526
-1.68243 0.621653
-1.67615 0.642607
-1.66986 0.663387
-1.66357 0.683991
-1.65728 0.704417
-1.65099 0.724664
-1.6447 0.744729
-1.63841 0.764612
-1.63212 0.784309
-1.62583 0.80382
-1.61954 0.823143
-1.61325 0.842277
-1.60696 0.86122
-1.60067 0.87997
-1.59438 0.898527
-1.58809 0.916888
-1.5818 0.935052
-1.57551 0.953019
-1.56922 0.970787
-1.56293 0.988354
-1.55665 1.00572
-1.55036 1.02288
-1.54407 1.03984
-1.53778 1.0566
-1.53149 1.07314
-1.5252 1.08948
-1.51891 1.10562
-1.51262 1.12154
-1.50633 1.13726
-1.50004 1.15276
-1.49375 1.16805
-1.48746 1.18313
-1.48117 1.198
-1.47488 1.21265
-1.46859 1.22709
-1.4623 1.24131
-1.45601 1.25532
-1.44972 1.26911
-1.44343 1.28269
-1.43714 1.29604
-1.43086 1.30918
-1.42457 1.3221
-1.41828 1.3348
-1.41199 1.34728
-1.4057 1.35955
-1.39941 1.37159
-1.39312 1.38341
-1.38683 1.39501
-1.38054 1.40639
-1.37425 1.41755
-1.36796 1.42849
-1.36167 1.4392
-1.35538 1.4497
-1.34909 1.45997
-1.3428 1.47002
-1.33651 1.47985
-1.33022 1.48946
-1.32393 1.49884
-1.31764 1.50801
-1.31136 1.51695
-1.30507 1.52567
-1.29878 1.53417
-1.29249 1.54244
-1.2862 1.5505
-1.27991 1.55833
-1.27362 1.56594
-1.26733 1.57334
-1.26104 1.58051
-1.25475 1.58746
-1.24846 1.59419
-1.24217 1.6007
-1.23588 1.607
-1.22959 1.61307
-1.2233 1.61892
-1.21701 1.62456
-1.21072 1.62998
-1.20443 1.63518
-1.19814 1.64017
-1.19186 1.64494
-1.18557 1.64949
-1.17928 1.65383
-1.17299 1.65796
-1.1667 1.66187
-1.16041 1.66557
-1.15412 1.66905
-1.14783 1.67233
-1.14154 1.67539
-1.13525 1.67824
-1.12896 1.68088
-1.12267 1.68331
-1.11638 1.68554
-1.11009 1.68756
-1.1038 1.68937
-1.09751 1.69097
-1.09122 1.69237
-1.08493 1.69356
-1.07864 1.69456
-1.07236 1.69534
-1.06607 1.69593
-1.05978 1.69632
-1.05349 1.69651
-1.0472 1.69649
-1.04091 1.69628
-1.03462 1.69588
-1.02833 1.69528
-1.02204 1.69448
-1.01575 1.69349
-1.00946 1.69231
-1.00317 1.69093
-0.996882 1.68937
-0.990592 1.68761
-0.984303 1.68567
-0.978013 1.68354
-0.971724 1.68122
-0.965434 1.67872
-0.959145 1.67603
-0.952855 1.67317
-0.946566 1.67012
-0.940276 1.66689
-0.933987 1.66348
-0.927698 1.65989
-0.921408 1.65613
-0.915119 1.65219
-0.908829 1.64808
-0.90254 1.6438
-0.89625 1.63934
-0.889961 1.63472
-0.883671 1.62992
-0.877382 1.62496
-0.871092 1.61983
-0.864803 1.61454
-0.858513 1.60908
-0.852224 1.60346
-0.845934 1.59769
-0.839645 1.59175
-0.833355 1.58565
-0.827066 1.5794
-0.820776 1.57299
-0.814487 1.56643
-0.808198 1.55972
-0.801908 1.55285
-0.795619 1.54584
-0.789329 1.53868
-0.78304 1.53137
-0.77675 1.52392
-0.770461 1.51632
-0.764171 1.50858
-0.757882 1.50071
-0.751592 1.49269
-0.745303 1.48453
-0.739013 1.47624
-0.732724 1.46782
-0.726434 1.45926
-0.720145 1.45057
-0.713855 1.44175
-0.707566 1.4328
-0.701276 1.42373
-0.694987 1.41453
-0.688697 1.40521
-0.682408 1.39576
-0.676119 1.3862
-0.669829 1.37652
-0.66354 1.36672
-0.65725 1.3568
-0.650961 1.34677
-0.644671 1.33663
-0.638382 1.32637
-0.632092 1.31601
-0.625803 1.30554
-0.619513 1.29496
-0.613224 1.28428
-0.606934 1.2735
-0.600645 1.26261
-0.594355 1.25163
-0.588066 1.24054
-0.581776 1.22936
-0.575487 1.21809
-0.569197 1.20672
-0.562908 1.19527
-0.556619 1.18372
-0.550329 1.17208
-0.54404 1.16036
-0.53775 1.14855
-0.531461 1.13666
-0.525171 1.12469
-0.518882 1.11264
-0.512592 1.10051
-0.506303 1.08831
-0.500013 1.07602
-0.493724 1.06367
-0.487434 1.05124
-0.481145 1.03875
-0.474855 1.02618
-0.468566 1.01355
-0.462276 1.00086
-0.455987 0.988097
-0.449697 0.975276
-0.443408 0.962395
-0.437118 0.949455
-0.430829 0.936459
-0.42454 0.923407
-0.41825 0.910302
-0.411961 0.897145
-0.405671 0.883938
-0.399382 0.870682
-0.393092 0.857379
-0.386803 0.844031
-0.380513 0.830639
-0.374224 0.817205
-0.367934 0.803731
-0.361645 0.790218
-0.355355 0.776667
-0.349066 0.763082
-0.342776 0.749462
-0.336487 0.735809
-0.330197 0.722127
-0.323908 0.708414
-0.317618 0.694675
-0.311329 0.680909
-0.30504 0.667119
-0.29875 0.653307
-0.292461 0.639473
-0.286171 0.625619
-0.279882 0.611748
-0.273592 0.59786
-0.267303 0.583957
-0.261013 0.570041
-0.254724 0.556113
-0.248434 0.542175
-0.242145 0.528229
-0.235855 0.514275
-0.229566 0.500316
-0.223276 0.486352
-0.216987 0.472386
-0.210697 0.45842
-0.204408 0.444453
-0.198118 0.430489
-0.191829 0.416529
-0.18554 0.402573
-0.17925 0.388624
-0.172961 0.374683
-0.166671 0.360752
-0.160382 0.346832
-0.154092 0.332924
-0.147803 0.31903
-0.141513 0.305151
-0.135224 0.29129
-0.128934 0.277446
-0.122645 0.263623
-0.116355 0.24982
-0.110066 0.23604
-0.103776 0.222284
-0.0974869 0.208554
-0.0911974 0.19485
-0.0849079 0.181174
-0.0786184 0.167528
-0.072329 0.153913
-0.0660395 0.140331
-0.05975 0.126782
-0.0534605 0.113267
-0.0471711 0.0997898
-0.0408816 0.0863498
-0.0345921 0.0729489
-0.0283026 0.0595883
-0.0220132 0.0462694
-0.0157237 0.0329934
-0.00943421 0.0197617
-0.00314474 0.0065756
0.00314474 -0.00656373
0.00943421 -0.019655
0.0157237 -0.0326969
0.0220132 -0.0456882
0.0283026 -0.0586276
0.0345921 -0.071514
0.0408816 -0.0843461
0.0471711 -0.0971227
0.0534605 -0.109843
0.05975 -0.122505
0.0660395 -0.135108
0.072329 -0.14765
0.0786184 -0.160131
0.0849079 -0.17255
0.0911974 -0.184905
0.0974869 -0.197195
0.103776 -0.209419
0.110066 -0.221576
0.116355 -0.233665
0.122645 -0.245685
0.128934 -0.257634
0.135224 -0.269511
0.141513 -0.281317
0.147803 -0.293048
0.154092 -0.304705
0.160382 -0.316287
0.166671 -0.327791
0.172961 -0.339218
0.17925 -0.350567
0.18554 -0.361835
0.191829 -0.373023
0.198118 -0.38413
0.204408 -0.395153
0.210697 -0.406094
0.216987 -0.41695
0.223276 -0.42772
0.229566 -0.438404
0.235855 -0.449001
0.242145 -0.45951
0.248434 -0.46993
0.254724 -0.48026
0.261013 -0.4905
0.267303 -0.500648
0.273592 -0.510704
0.279882 -0.520666
0.286171 -0.530534
0.292461 -0.540308
0.29875 -0.549986
0.30504 -0.559568
0.311329 -0.569053
0.317618 -0.57844
0.323908 -0.587728
0.330197 -0.596917
0.336487 -0.606006
0.342776 -0.614994
0.349066 -0.623881
0.355355 -0.632666
0.361645 -0.641348
0.367934 -0.649926
0.374224 -0.658401
0.380513 -0.66677
0.386803 -0.675035
0.393092 -0.683194
0.399382 -0.691246
0.405671 -0.699191
0.411961 -0.707028
0.41825 -0.714757
0.42454 -0.722377
0.430829 -0.729889
0.437118 -0.73729
0.443408 -0.744581
0.449697 -0.751761
0.455987 -0.75883
0.462276 -0.765787
0.468566 -0.772632
0.474855 -0.779364
0.481145 -0.785984
0.487434 -0.792489
0.493724 -0.798881
0.500013 -0.805159
0.506303 -0.811322
0.512592 -0.817369
0.518882 -0.823302
0.525171 -0.829118
0.531461 -0.834819
0.53775 -0.840403
0.54404 -0.845871
0.550329 -0.851221
0.556619 -0.856455
0.562908 -0.861571
0.569197 -0.866569
0.575487 -0.871449
0.581776 -0.87621
0.588066 -0.880854
0.594355 -0.885378
0.600645 -0.889784
0.606934 -0.894071
0.613224 -0.898238
0.619513 -0.902287
0.625803 -0.906215
0.632092 -0.910025
0.638382 -0.913714
0.644671 -0.917284
0.650961 -0.920733
0.65725 -0.924063
0.66354 -0.927273
0.669829 -0.930363
0.676119 -0.933332
0.682408 -0.936182
0.688697 -0.938911
0.694987 -0.94152
0.701276 -0.944009
0.707566 -0.946378
0.713855 -0.948627
0.720145 -0.950756
0.726434 -0.952765
0.732724 -0.954654
0.739013 -0.956423
0.745303 -0.958072
0.751592 -0.959603
0.757882 -0.961013
0.764171 -0.962305
0.770461 -0.963477
0.77675 -0.96453
0.78304 -0.965465
0.789329 -0.966281
0.795619 -0.966978
0.801908 -0.967557
0.808198 -0.968019
0.814487 -0.968363
0.820776 -0.968589
0.827066 -0.968698
0.833355 -0.96869
0.839645 -0.968566
0.845934 -0.968326
0.852224 -0.967969
0.858513 -0.967497
0.864803 -0.966909
0.871092 -0.966207
0.877382 -0.965389
0.883671 -0.964458
0.889961 -0.963413
0.89625 -0.962254
0.90254 -0.960983
0.908829 -0.959599
0.915119 -0.958102
0.921408 -0.956494
0.927698 -0.954775
0.933987 -0.952945
0.940276 -0.951004
0.946566 -0.948954
0.952855 -0.946794
0.959145 -0.944526
0.965434 -0.942149
0.971724 -0.939665
0.978013 -0.937074
0.984303 -0.934375
0.990592 -0.931571
0.996882 -0.928662
1.00317 -0.925647
1.00946 -0.922529
1.01575 -0.919307
1.02204 -0.915981
1.02833 -0.912554
1.03462 -0.909025
1.04091 -0.905394
1.0472 -0.901664
1.05349 -0.897833
1.05978 -0.893904
1.06607 -0.889876
1.07236 -0.885751
1.07864 -0.881529
1.08493 -0.877211
1.09122 -0.872798
1.09751 -0.86829
1.1038 -0.863688
1.11009 -0.858993
1.11638 -0.854206
1.12267 -0.849328
1.12896 -0.844359
1.13525 -0.8393
1.14154 -0.834152
1.14783 -0.828916
1.15412 -0.823592
1.16041 -0.818183
1.1667 -0.812687
1.17299 -0.807107
1.17928 -0.801443
1.18557 -0.795696
1.19186 -0.789867
1.19814 -0.783957
1.20443 -0.777967
1.21072 -0.771898
1.21701 -0.76575
1.2233 -0.759525
1.22959 -0.753224
1.23588 -0.746847
1.24217 -0.740395
1.24846 -0.733871
1.25475 -0.727273
1.26104 -0.720605
1.26733 -0.713865
1.27362 -0.707057
1.27991 -0.70018
1.2862 -0.693235
1.29249 -0.686224
1.29878 -0.679148
1.30507 -0.672008
1.31136 -0.664804
1.31764 -0.657539
1.32393 -0.650212
1.33022 -0.642826
1.33651 -0.63538
1.3428 -0.627877
1.34909 -0.620318
1.35538 -0.612703
1.36167 -0.605033
1.36796 -0.59731
1.37425 -0.589535
1.38054 -0.581709
1.38683 -0.573834
1.39312 -0.565909
1.39941 -0.557937
1.4057 -0.549919
1.41199 -0.541856
1.41828 -0.533748
1.42457 -0.525598
1.43086 -0.517407
1.43714 -0.509175
1.44343 -0.500903
1.44972 -0.492594
1.45601 -0.484248
1.4623 -0.475866
1.46859 -0.46745
1.47488 -0.459001
1.48117 -0.45052
1.48746 -0.442009
1.49375 -0.433468
1.50004 -0.424899
1.50633 -0.416303
1.51262 -0.407681
1.51891 -0.399035
1.5252 -0.390366
1.53149 -0.381675
1.53778 -0.372964
1.54407 -0.364233
1.55036 -0.355484
1.55665 -0.346719
1.56293 -0.337938
1.56922 -0.329143
1.57551 -0.320335
1.5818 -0.311515
1.58809 -0.302686
1.59438 -0.293847
1.60067 -0.285
1.60696 -0.276148
1.61325 -0.26729
1.61954 -0.258428
1.62583 -0.249564
1.63212 -0.240699
1.63841 -0.231835
1.6447 -0.222971
1.65099 -0.214111
1.65728 -0.205254
1.66357 -0.196403
1.66986 -0.187559
1.67615 -0.178723
1.68243 -0.169897
1.68872 -0.161081
1.69501 -0.152277
1.7013 -0.143487
1.70759 -0.134712
1.71388 -0.125952
1.72017 -0.11721
1.72646 -0.108487
1.73275 -0.0997834
1.73904 -0.0911014
1.74533 -0.0824421
1.75162 -0.0738068
1.75791 -0.0651968
1.7642 -0.0566134
1.77049 -0.0480579
1.77678 -0.0395318
1.78307 -0.0310362
1.78936 -0.0225725
1.79565 -0.014142
1.80193 -0.00574605
1.80822 0.00261412
1.81451 0.0109372
1.8208 0.0192218
1.82709 0.0274667
1.83338 0.0356706
1.83967 0.0438322
1.84596 0.0519502
1.85225 0.0600234
1.85854 0.0680504
1.86483 0.0760299
1.87112 0.0839608
1.87741 0.0918417
1.8837 0.0996713
1.88999 0.107448
1.89628 0.115172
1.90257 0.12284
1.90886 0.130452
1.91515 0.138007
1.92143 0.145503
1.92772 0.152939
1.93401 0.160314
1.9403 0.167626
1.94659 0.174875
1.95288 0.182059
1.95917 0.189177
1.96546 0.196227
1.97175 0.20321
1.97804 0.210122
1.98433 0.216964
1.99062 0.223735
1.99691 0.230432
2.0032 0.237054
2.00949 0.243602
2.01578 0.250073
2.02207 0.256466
2.02836 0.262781
2.03465 0.269016
2.04093 0.275169
2.04722 0.281241
2.05351 0.28723
2.0598 0.293134
2.06609 0.298954
2.07238 0.304686
2.07867 0.310332
2.08496 0.315889
2.09125 0.321357
2.09754 0.326734
2.10383 0.33202
2.11012 0.337214
2.11641 0.342314
2.1227 0.34732
2.12899 0.352231
2.13528 0.357045
2.14157 0.361762
2.14786 0.366381
2.15415 0.370901
2.16043 0.375321
2.16672 0.379641
2.17301 0.383858
2.1793 0.387974
2.18559 0.391985
2.19188 0.395893
2.19817 0.399696
2.20446 0.403393
2.21075 0.406983
2.21704 0.410466
2.22333 0.413841
2.22962 0.417107
2.23591 0.420263
2.2422 0.42331
2.24849 0.426245
2.25478 0.429068
2.26107 0.431779
2.26736 0.434378
2.27365 0.436862
2.27993 0.439233
2.28622 0.441488
2.29251 0.443628
2.2988 0.445652
2.30509 0.44756
2.31138 0.449351
2.31767 0.451024
2.32396 0.452579
2.33025 0.454015
2.33654 0.455333
2.34283 0.456531
2.34912 0.45761
2.35541 0.458568
2.3617 0.459405
2.36799 0.460122
2.37428 0.460717
2.38057 0.461191
2.38686 0.461542
2.39315 0.461772
2.39943 0.461879
2.40572 0.461864
2.41201 0.461725
2.4183 0.461464
2.42459 0.461079
2.43088 0.460571
2.43717 0.459939
2.44346 0.459184
2.44975 0.458305
2.45604 0.457303
2.46233 0.456176
2.46862 0.454926
2.47491 0.453552
2.4812 0.452055
2.48749 0.450433
2.49378 0.448688
2.50007 0.44682
2.50636 0.444828
2.51265 0.442714
2.51893 0.440476
2.52522 0.438116
2.53151 0.435633
2.5378 0.433028
2.54409 0.4303
2.55038 0.427452
2.55667 0.424482
2.56296 0.421391
2.56925 0.41818
2.57554 0.414849
2.58183 0.411398
2.58812 0.407828
2.59441 0.40414
2.6007 0.400334
2.60699 0.39641
2.61328 0.392369
2.61957 0.388213
2.62586 0.383941
2.63215 0.379554
2.63843 0.375053
2.64472 0.370438
2.65101 0.365711
2.6573 0.360873
2.66359 0.355924
2.66988 0.350864
2.67617 0.345696
2.68246 0.34042
2.68875 0.335036
2.69504 0.329547
2.70133 0.323953
2.70762 0.318254
2.71391 0.312453
2.7202 0.30655
2.72649 0.300547
2.73278 0.294445
2.73907 0.288244
2.74536 0.281947
2.75165 0.275555
2.75793 0.269069
2.76422 0.26249
2.77051 0.25582
2.7768 0.24906
2.78309 0.242213
2.78938 0.235279
2.79567 0.228259
2.80196 0.221157
2.80825 0.213972
2.81454 0.206708
2.82083 0.199366
2.82712 0.191947
2.83341 0.184453
2.8397 0.176887
2.84599 0.16925
2.85228 0.161544
2.85857 0.153771
2.86486 0.145933
2.87115 0.138032
2.87743 0.130071
2.88372 0.122051
2.89001 0.113974
2.8963 0.105844
2.90259 0.0976612
2.90888 0.0894292
2.91517 0.0811501
2.92146 0.0728261
2.92775 0.0644599
2.93404 0.0560538
2.94033 0.0476104
2.94662 0.0391324
2.95291 0.0306223
2.9592 0.0220828
2.96549 0.0135166
2.97178 0.00492655
2.97807 -0.00368458
2.98436 -0.0123139
2.99065 -0.0209585
2.99693 -0.0296155
3.00322 -0.0382818
3.00951 -0.0469544
3.0158 -0.0556301
3.02209 -0.0643059
3.02838 -0.0729784
3.03467 -0.0816446
3.04096 -0.090301
3.04725 -0.0989443
3.05354 -0.107571
3.05983 -0.116178
3.06612 -0.124762
3.07241 -0.133318
3.0787 -0.141844
3.08499 -0.150335
3.09128 -0.158789
3.09757 -0.167201
3.10386 -0.175567
3.11015 -0.183884
3.11643 -0.192148
3.12272 -0.200354
3.12901 -0.208499
3.1353 -0.216578
3.14159 -0.224588
