-3.13539 1.43068
-3.08595 1.03528
-2.98783 0.221783
-2.8426 -0.90871
-2.65253 -1.93402
-2.42064 -2.13698
-2.15057 -1.05711
-1.84658 0.709783
-1.51347 1.60997
-1.1565 0.742508
-0.781282 -0.78084
-0.393746 -1.07688
1.92367e-16 6.12323e-16
0.393746 0.838119
0.781282 0.474846
1.1565 -0.355592
1.51347 -0.614288
1.84658 -0.21907
2.15057 0.268863
2.42064 0.457658
2.65253 0.357345
2.8426 0.148766
2.98783 -0.0331018
3.08595 -0.145162
3.13539 -0.194388
-3.13539 1.43068
-3.08595 1.03528
-2.98783 0.221783
-2.8426 -0.90871
-2.65253 -1.93402
-2.42064 -2.13698
-2.15057 -1.05711
-1.84658 0.709783
-1.51347 1.60997
-1.1565 0.742508
-0.781282 -0.78084
-0.393746 -1.07688
1.92367e-16 6.12323e-16
0.393746 0.838119
0.781282 0.474846
1.1565 -0.355592
1.51347 -0.614288
1.84658 -0.21907
2.15057 0.268863
2.42064 0.457658
2.65253 0.357345
2.8426 0.148766
2.98783 -0.0331018
3.08595 -0.145162
3.13539 -0.194388
