-3.14159 1.4788
-3.1353 1.48883
-3.12901 1.49875
-3.12272 1.50855
-3.11643 1.51825
-3.11015 1.52784
-3.10386 1.53732
-3.09757 1.5467
-3.09128 1.55597
-3.08499 1.56513
-3.0787 1.57419
-3.07241 1.58314
-3.06612 1.59198
-3.05983 1.60072
-3.05354 1.60936
-3.04725 1.61789
-3.04096 1.62632
-3.03467 1.63464
-3.02838 1.64287
-3.02209 1.65099
-3.0158 1.659
-3.00951 1.66692
-3.00322 1.67474
-2.99693 1.68245
-2.99065 1.69007
-2.98436 1.69758
-2.97807 1.705
-2.97178 1.71232
-2.96549 1.71954
-2.9592 1.72666
-2.95291 1.73368
-2.94662 1.74061
-2.94033 1.74744
-2.93404 1.75417
-2.92775 1.76081
-2.92146 1.76735
-2.91517 1.77379
-2.90888 1.78014
-2.90259 1.7864
-2.8963 1.79256
-2.89001 1.79863
-2.88372 1.80461
-2.87743 1.81049
-2.87115 1.81628
-2.86486 1.82198
-2.85857 1.82759
-2.85228 1.83311
-2.84599 1.83853
-2.8397 1.84387
-2.83341 1.84911
-2.82712 1.85427
-2.82083 1.85934
-2.81454 1.86432
-2.80825 1.86921
-2.80196 1.87401
-2.79567 1.87872
-2.78938 1.88335
-2.78309 1.88789
-2.7768 1.89234
-2.77051 1.89671
-2.76422 1.90099
-2.75793 1.90519
-2.75165 1.9093
-2.74536 1.91333
-2.73907 1.91728
-2.73278 1.92114
-2.72649 1.92492
-2.7202 1.92861
-2.71391 1.93222
-2.70762 1.93575
-2.70133 1.9392
-2.69504 1.94257
-2.68875 1.94585
-2.68246 1.94906
-2.67617 1.95219
-2.66988 1.95523
-2.66359 1.9582
-2.6573 1.96109
-2.65101 1.9639
-2.64472 1.96663
-2.63843 1.96928
-2.63215 1.97185
-2.62586 1.97435
-2.61957 1.97677
-2.61328 1.97912
-2.60699 1.98139
-2.6007 1.98358
-2.59441 1.9857
-2.58812 1.98775
-2.58183 1.98971
-2.57554 1.99161
-2.56925 1.99343
-2.56296 1.99518
-2.55667 1.99685
-2.55038 1.99846
-2.54409 1.99999
-2.5378 2.00145
-2.53151 2.00283
-2.52522 2.00415
-2.51893 2.00539
-2.51265 2.00657
-2.50636 2.00767
-2.50007 2.00871
-2.49378 2.00967
-2.48749 2.01057
-2.4812 2.0114
-2.47491 2.01216
-2.46862 2.01285
-2.46233 2.01347
-2.45604 2.01403
-2.44975 2.01452
-2.44346 2.01495
-2.43717 2.0153
-2.43088 2.0156
-2.42459 2.01582
-2.4183 2.01598
-2.41201 2.01608
-2.40572 2.01611
-2.39943 2.01608
-2.39315 2.01599
-2.38686 2.01583
-2.38057 2.01561
-2.37428 2.01533
-2.36799 2.01498
-2.3617 2.01457
-2.35541 2.0141
-2.34912 2.01357
-2.34283 2.01298
-2.33654 2.01233
-2.33025 2.01162
-2.32396 2.01085
-2.31767 2.01002
-2.31138 2.00913
-2.30509 2.00818
-2.2988 2.00717
-2.29251 2.00611
-2.28622 2.00499
-2.27993 2.00381
-2.27365 2.00257
-2.26736 2.00127
-2.26107 1.99992
-2.25478 1.99852
-2.24849 1.99706
-2.2422 1.99554
-2.23591 1.99397
-2.22962 1.99234
-2.22333 1.99066
-2.21704 1.98892
-2.21075 1.98713
-2.20446 1.98529
-2.19817 1.98339
-2.19188 1.98145
-2.18559 1.97944
-2.1793 1.97739
-2.17301 1.97529
-2.16672 1.97313
-2.16043 1.97092
-2.15415 1.96867
-2.14786 1.96636
-2.14157 1.964
-2.13528 1.96159
-2.12899 1.95913
-2.1227 1.95663
-2.11641 1.95407
-2.11012 1.95147
-2.10383 1.94882
-2.09754 1.94612
-2.09125 1.94337
-2.08496 1.94057
-2.07867 1.93773
-2.07238 1.93484
-2.06609 1.93191
-2.0598 1.92893
-2.05351 1.9259
-2.04722 1.92283
-2.04093 1.91972
-2.03465 1.91656
-2.02836 1.91335
-2.02207 1.9101
-2.01578 1.90681
-2.00949 1.90347
-2.0032 1.90009
-1.99691 1.89667
-1.99062 1.8932
-1.98433 1.88969
-1.97804 1.88615
-1.97175 1.88255
-1.96546 1.87892
-1.95917 1.87525
-1.95288 1.87153
-1.94659 1.86778
-1.9403 1.86398
-1.93401 1.86015
-1.92772 1.85628
-1.92143 1.85236
-1.91515 1.84841
-1.90886 1.84442
-1.90257 1.84039
-1.89628 1.83632
-1.88999 1.83222
-1.8837 1.82808
-1.87741 1.8239
-1.87112 1.81968
-1.86483 1.81543
-1.85854 1.81114
-1.85225 1.80682
-1.84596 1.80246
-1.83967 1.79806
-1.83338 1.79363
-1.82709 1.78916
-1.8208 1.78466
-1.81451 1.78013
-1.80822 1.77556
-1.80193 1.77096
-1.79565 1.76632
-1.78936 1.76166
-1.78307 1.75695
-1.77678 1.75222
-1.77049 1.74745
-1.7642 1.74266
-1.75791 1.73783
-1.75162 1.73297
-1.74533 1.72807
-1.73904 1.72315
-1.73275 1.7182
-1.72646 1.71321
-1.72017 1.7082
-1.71388 1.70316
-1.70759 1.69808
-1.7013 1.69298
-1.69501 1.68785
-1.68872 1.68269
-1.68243 1.6775
-1.67615 1.67229
-1.66986 1.66704
-1.66357 1.66177
-1.65728 1.65647
-1.65099 1.65115
-1.6447 1.6458
-1.63841 1.64042
-1.63212 1.63501
-1.62583 1.62958
-1.61954 1.62413
-1.61325 1.61864
-1.60696 1.61314
-1.60067 1.60761
-1.59438 1.60205
-1.58809 1.59647
-1.5818 1.59086
-1.57551 1.58524
-1.56922 1.57958
-1.56293 1.57391
-1.55665 1.56821
-1.55036 1.56249
-1.54407 1.55675
-1.53778 1.55098
-1.53149 1.54519
-1.5252 1.53938
-1.51891 1.53355
-1.51262 1.5277
-1.50633 1.52182
-1.50004 1.51593
-1.49375 1.51002
-1.48746 1.50408
-1.48117 1.49813
-1.47488 1.49215
-1.46859 1.48616
-1.4623 1.48014
-1.45601 1.47411
-1.44972 1.46806
-1.44343 1.46199
-1.43714 1.4559
-1.43086 1.4498
-1.42457 1.44368
-1.41828 1.43753
-1.41199 1.43138
-1.4057 1.4252
-1.39941 1.41901
-1.39312 1.4128
-1.38683 1.40658
-1.38054 1.40033
-1.37425 1.39408
-1.36796 1.38781
-1.36167 1.38152
-1.35538 1.37521
-1.34909 1.3689
-1.3428 1.36256
-1.33651 1.35622
-1.33022 1.34986
-1.32393 1.34348
-1.31764 1.33709
-1.31136 1.33069
-1.30507 1.32428
-1.29878 1.31785
-1.29249 1.31141
-1.2862 1.30495
-1.27991 1.29849
-1.27362 1.29201
-1.26733 1.28552
-1.26104 1.27902
-1.25475 1.27251
-1.24846 1.26598
-1.24217 1.25945
-1.23588 1.2529
-1.22959 1.24634
-1.2233 1.23978
-1.21701 1.2332
-1.21072 1.22661
-1.20443 1.22002
-1.19814 1.21341
-1.19186 1.2068
-1.18557 1.20017
-1.17928 1.19354
-1.17299 1.1869
-1.1667 1.18025
-1.16041 1.17359
-1.15412 1.16693
-1.14783 1.16025
-1.14154 1.15357
-1.13525 1.14688
-1.12896 1.14019
-1.12267 1.13349
-1.11638 1.12678
-1.11009 1.12006
-1.1038 1.11334
-1.09751 1.10661
-1.09122 1.09988
-1.08493 1.09314
-1.07864 1.0864
-1.07236 1.07965
-1.06607 1.0729
-1.05978 1.06614
-1.05349 1.05937
-1.0472 1.0526
-1.04091 1.04583
-1.03462 1.03906
-1.02833 1.03228
-1.02204 1.02549
-1.01575 1.01871
-1.00946 1.01192
-1.00317 1.00512
-0.996882 0.998327
-0.990592 0.991529
-0.984303 0.984728
-0.978013 0.977925
-0.971724 0.97112
-0.965434 0.964313
-0.959145 0.957505
-0.952855 0.950695
-0.946566 0.943884
-0.940276 0.937072
-0.933987 0.930259
-0.927698 0.923445
-0.921408 0.916631
-0.915119 0.909817
-0.908829 0.903002
-0.90254 0.896188
-0.89625 0.889374
-0.889961 0.88256
-0.883671 0.875747
-0.877382 0.868935
-0.871092 0.862123
-0.864803 0.855313
-0.858513 0.848505
-0.852224 0.841698
-0.845934 0.834892
-0.839645 0.828089
-0.833355 0.821288
-0.827066 0.814488
-0.820776 0.807692
-0.814487 0.800898
-0.808198 0.794107
-0.801908 0.787318
-0.795619 0.780533
-0.789329 0.773751
-0.78304 0.766973
-0.77675 0.760198
-0.770461 0.753428
-0.764171 0.746661
-0.757882 0.739898
-0.751592 0.73314
-0.745303 0.726386
-0.739013 0.719637
-0.732724 0.712893
-0.726434 0.706154
-0.720145 0.69942
-0.713855 0.692691
-0.707566 0.685968
-0.701276 0.67925
-0.694987 0.672539
-0.688697 0.665833
-0.682408 0.659133
-0.676119 0.65244
-0.669829 0.645754
-0.66354 0.639074
-0.65725 0.6324
-0.650961 0.625734
-0.644671 0.619075
-0.638382 0.612423
-0.632092 0.605779
-0.625803 0.599142
-0.619513 0.592513
-0.613224 0.585891
-0.606934 0.579278
-0.600645 0.572673
-0.594355 0.566077
-0.588066 0.559489
-0.581776 0.552909
-0.575487 0.546339
-0.569197 0.539777
-0.562908 0.533224
-0.556619 0.526681
-0.550329 0.520147
-0.54404 0.513623
-0.53775 0.507108
-0.531461 0.500603
-0.525171 0.494109
-0.518882 0.487624
-0.512592 0.48115
-0.506303 0.474685
-0.500013 0.468232
-0.493724 0.461789
-0.487434 0.455357
-0.481145 0.448936
-0.474855 0.442526
-0.468566 0.436128
-0.462276 0.429741
-0.455987 0.423365
-0.449697 0.417001
-0.443408 0.410649
-0.437118 0.404308
-0.430829 0.39798
-0.42454 0.391664
-0.41825 0.38536
-0.411961 0.379069
-0.405671 0.37279
-0.399382 0.366524
-0.393092 0.360271
-0.386803 0.354031
-0.380513 0.347804
-0.374224 0.34159
-0.367934 0.33539
-0.361645 0.329203
-0.355355 0.32303
-0.349066 0.31687
-0.342776 0.310725
-0.336487 0.304593
-0.330197 0.298475
-0.323908 0.292372
-0.317618 0.286283
-0.311329 0.280208
-0.30504 0.274148
-0.29875 0.268103
-0.292461 0.262073
-0.286171 0.256057
-0.279882 0.250057
-0.273592 0.244072
-0.267303 0.238102
-0.261013 0.232147
-0.254724 0.226208
-0.248434 0.220285
-0.242145 0.214378
-0.235855 0.208486
-0.229566 0.20261
-0.223276 0.196751
-0.216987 0.190907
-0.210697 0.18508
-0.204408 0.179269
-0.198118 0.173475
-0.191829 0.167698
-0.18554 0.161937
-0.17925 0.156193
-0.172961 0.150466
-0.166671 0.144756
-0.160382 0.139063
-0.154092 0.133387
-0.147803 0.127729
-0.141513 0.122089
-0.135224 0.116465
-0.128934 0.11086
-0.122645 0.105272
-0.116355 0.0997024
-0.110066 0.0941505
-0.103776 0.0886167
-0.0974869 0.083101
-0.0911974 0.0776036
-0.0849079 0.0721245
-0.0786184 0.0666639
-0.072329 0.0612219
-0.0660395 0.0557984
-0.05975 0.0503937
-0.0534605 0.0450078
-0.0471711 0.0396408
-0.0408816 0.0342928
-0.0345921 0.0289639
-0.0283026 0.0236541
-0.0220132 0.0183637
-0.0157237 0.0130926
-0.00943421 0.00784088
-0.00314474 0.00260873
0.00314474 -0.00260381
0.00943421 -0.00779665
0.0157237 -0.0129697
0.0220132 -0.0181229
0.0283026 -0.0232562
0.0345921 -0.0283694
0.0408816 -0.0334625
0.0471711 -0.0385354
0.0534605 -0.043588
0.05975 -0.0486203
0.0660395 -0.0536322
0.072329 -0.0586236
0.0786184 -0.0635943
0.0849079 -0.0685444
0.0911974 -0.0734738
0.0974869 -0.0783824
0.103776 -0.08327
0.110066 -0.0881368
0.116355 -0.0929824
0.122645 -0.097807
0.128934 -0.10261
0.135224 -0.107393
0.141513 -0.112153
0.147803 -0.116893
0.154092 -0.121611
0.160382 -0.126307
0.166671 -0.130982
0.172961 -0.135635
0.17925 -0.140267
0.18554 -0.144876
0.191829 -0.149464
0.198118 -0.15403
0.204408 -0.158574
0.210697 -0.163096
0.216987 -0.167596
0.223276 -0.172073
0.229566 -0.176529
0.235855 -0.180962
0.242145 -0.185373
0.248434 -0.189761
0.254724 -0.194127
0.261013 -0.19847
0.267303 -0.202791
0.273592 -0.207089
0.279882 -0.211364
0.286171 -0.215617
0.292461 -0.219847
0.29875 -0.224054
0.30504 -0.228238
0.311329 -0.232399
0.317618 -0.236538
0.323908 -0.240653
0.330197 -0.244745
0.336487 -0.248814
0.342776 -0.252859
0.349066 -0.256882
0.355355 -0.260881
0.361645 -0.264857
0.367934 -0.268809
0.374224 -0.272738
0.380513 -0.276644
0.386803 -0.280526
0.393092 -0.284384
0.399382 -0.288219
0.405671 -0.29203
0.411961 -0.295818
0.41825 -0.299582
0.42454 -0.303322
0.430829 -0.307038
0.437118 -0.310731
0.443408 -0.314399
0.449697 -0.318044
0.455987 -0.321665
0.462276 -0.325261
0.468566 -0.328834
0.474855 -0.332383
0.481145 -0.335907
0.487434 -0.339408
0.493724 -0.342884
0.500013 -0.346337
0.506303 -0.349765
0.512592 -0.353168
0.518882 -0.356548
0.525171 -0.359903
0.531461 -0.363234
0.53775 -0.366541
0.54404 -0.369823
0.550329 -0.373081
0.556619 -0.376314
0.562908 -0.379523
0.569197 -0.382708
0.575487 -0.385868
0.581776 -0.389003
0.588066 -0.392114
0.594355 -0.395201
0.600645 -0.398263
0.606934 -0.4013
0.613224 -0.404313
0.619513 -0.407301
0.625803 -0.410265
0.632092 -0.413204
0.638382 -0.416118
0.644671 -0.419007
0.650961 -0.421872
0.65725 -0.424712
0.66354 -0.427528
0.669829 -0.430319
0.676119 -0.433084
0.682408 -0.435826
0.688697 -0.438542
0.694987 -0.441234
0.701276 -0.443901
0.707566 -0.446543
0.713855 -0.44916
0.720145 -0.451753
0.726434 -0.454321
0.732724 -0.456864
0.739013 -0.459382
0.745303 -0.461875
0.751592 -0.464344
0.757882 -0.466787
0.764171 -0.469206
0.770461 -0.4716
0.77675 -0.47397
0.78304 -0.476314
0.789329 -0.478634
0.795619 -0.480929
0.801908 -0.483199
0.808198 -0.485444
0.814487 -0.487664
0.820776 -0.48986
0.827066 -0.492031
0.833355 -0.494177
0.839645 -0.496298
0.845934 -0.498395
0.852224 -0.500466
0.858513 -0.502513
0.864803 -0.504536
0.871092 -0.506533
0.877382 -0.508506
0.883671 -0.510454
0.889961 -0.512378
0.89625 -0.514276
0.90254 -0.51615
0.908829 -0.518
0.915119 -0.519825
0.921408 -0.521625
0.927698 -0.5234
0.933987 -0.525151
0.940276 -0.526878
0.946566 -0.52858
0.952855 -0.530257
0.959145 -0.53191
0.965434 -0.533539
0.971724 -0.535142
0.978013 -0.536722
0.984303 -0.538277
0.990592 -0.539808
0.996882 -0.541314
1.00317 -0.542796
1.00946 -0.544254
1.01575 -0.545687
1.02204 -0.547096
1.02833 -0.548481
1.03462 -0.549842
1.04091 -0.551179
1.0472 -0.552491
1.05349 -0.553779
1.05978 -0.555044
1.06607 -0.556284
1.07236 -0.5575
1.07864 -0.558692
1.08493 -0.55986
1.09122 -0.561005
1.09751 -0.562125
1.1038 -0.563222
1.11009 -0.564295
1.11638 -0.565344
1.12267 -0.566369
1.12896 -0.567371
1.13525 -0.568349
1.14154 -0.569303
1.14783 -0.570234
1.15412 -0.571141
1.16041 -0.572025
1.1667 -0.572886
1.17299 -0.573723
1.17928 -0.574536
1.18557 -0.575327
1.19186 -0.576094
1.19814 -0.576838
1.20443 -0.577559
1.21072 -0.578256
1.21701 -0.578931
1.2233 -0.579583
1.22959 -0.580211
1.23588 -0.580817
1.24217 -0.5814
1.24846 -0.58196
1.25475 -0.582497
1.26104 -0.583012
1.26733 -0.583504
1.27362 -0.583974
1.27991 -0.58442
1.2862 -0.584845
1.29249 -0.585247
1.29878 -0.585627
1.30507 -0.585984
1.31136 -0.586319
1.31764 -0.586632
1.32393 -0.586923
1.33022 -0.587192
1.33651 -0.587439
1.3428 -0.587664
1.34909 -0.587867
1.35538 -0.588048
1.36167 -0.588208
1.36796 -0.588345
1.37425 -0.588462
1.38054 -0.588556
1.38683 -0.58863
1.39312 -0.588682
1.39941 -0.588712
1.4057 -0.588721
1.41199 -0.588709
1.41828 -0.588676
1.42457 -0.588622
1.43086 -0.588547
1.43714 -0.588451
1.44343 -0.588335
1.44972 -0.588197
1.45601 -0.588039
1.4623 -0.58786
1.46859 -0.587661
1.47488 -0.587442
1.48117 -0.587201
1.48746 -0.586941
1.49375 -0.586661
1.50004 -0.58636
1.50633 -0.586039
1.51262 -0.585699
1.51891 -0.585338
1.5252 -0.584958
1.53149 -0.584558
1.53778 -0.584138
1.54407 -0.583699
1.55036 -0.583241
1.55665 -0.582763
1.56293 -0.582265
1.56922 -0.581749
1.57551 -0.581214
1.5818 -0.580659
1.58809 -0.580086
1.59438 -0.579493
1.60067 -0.578882
1.60696 -0.578253
1.61325 -0.577605
1.61954 -0.576938
1.62583 -0.576253
1.63212 -0.57555
1.63841 -0.574828
1.6447 -0.574089
1.65099 -0.573332
1.65728 -0.572556
1.66357 -0.571763
1.66986 -0.570952
1.67615 -0.570124
1.68243 -0.569278
1.68872 -0.568415
1.69501 -0.567535
1.7013 -0.566637
1.70759 -0.565722
1.71388 -0.564791
1.72017 -0.563842
1.72646 -0.562877
1.73275 -0.561895
1.73904 -0.560897
1.74533 -0.559882
1.75162 -0.558851
1.75791 -0.557803
1.7642 -0.55674
1.77049 -0.55566
1.77678 -0.554565
1.78307 -0.553454
1.78936 -0.552327
1.79565 -0.551185
1.80193 -0.550027
1.80822 -0.548854
1.81451 -0.547666
1.8208 -0.546463
1.82709 -0.545244
1.83338 -0.544011
1.83967 -0.542763
1.84596 -0.541501
1.85225 -0.540224
1.85854 -0.538933
1.86483 -0.537627
1.87112 -0.536308
1.87741 -0.534974
1.8837 -0.533627
1.88999 -0.532265
1.89628 -0.53089
1.90257 -0.529502
1.90886 -0.5281
1.91515 -0.526685
1.92143 -0.525257
1.92772 -0.523816
1.93401 -0.522362
1.9403 -0.520895
1.94659 -0.519416
1.95288 -0.517924
1.95917 -0.51642
1.96546 -0.514904
1.97175 -0.513375
1.97804 -0.511835
1.98433 -0.510283
1.99062 -0.508719
1.99691 -0.507144
2.0032 -0.505557
2.00949 -0.503959
2.01578 -0.50235
2.02207 -0.50073
2.02836 -0.499099
2.03465 -0.497457
2.04093 -0.495805
2.04722 -0.494142
2.05351 -0.492469
2.0598 -0.490786
2.06609 -0.489093
2.07238 -0.48739
2.07867 -0.485677
2.08496 -0.483955
2.09125 -0.482224
2.09754 -0.480483
2.10383 -0.478733
2.11012 -0.476974
2.11641 -0.475206
2.1227 -0.47343
2.12899 -0.471645
2.13528 -0.469851
2.14157 -0.46805
2.14786 -0.46624
2.15415 -0.464423
2.16043 -0.462597
2.16672 -0.460764
2.17301 -0.458924
2.1793 -0.457076
2.18559 -0.455222
2.19188 -0.45336
2.19817 -0.451491
2.20446 -0.449616
2.21075 -0.447734
2.21704 -0.445846
2.22333 -0.443952
2.22962 -0.442052
2.23591 -0.440146
2.2422 -0.438234
2.24849 -0.436316
2.25478 -0.434394
2.26107 -0.432466
2.26736 -0.430533
2.27365 -0.428595
2.27993 -0.426653
2.28622 -0.424706
2.29251 -0.422754
2.2988 -0.420799
2.30509 -0.418839
2.31138 -0.416876
2.31767 -0.414909
2.32396 -0.412938
2.33025 -0.410964
2.33654 -0.408987
2.34283 -0.407007
2.34912 -0.405024
2.35541 -0.403038
2.3617 -0.40105
2.36799 -0.39906
2.37428 -0.397068
2.38057 -0.395073
2.38686 -0.393077
2.39315 -0.39108
2.39943 -0.389081
2.40572 -0.38708
2.41201 -0.385079
2.4183 -0.383077
2.42459 -0.381074
2.43088 -0.379071
2.43717 -0.377068
2.44346 -0.375064
2.44975 -0.373061
2.45604 -0.371057
2.46233 -0.369055
2.46862 -0.367053
2.47491 -0.365051
2.4812 -0.363051
2.48749 -0.361052
2.49378 -0.359054
2.50007 -0.357058
2.50636 -0.355064
2.51265 -0.353072
2.51893 -0.351082
2.52522 -0.349094
2.53151 -0.347109
2.5378 -0.345127
2.54409 -0.343147
2.55038 -0.341171
2.55667 -0.339198
2.56296 -0.337229
2.56925 -0.335263
2.57554 -0.333301
2.58183 -0.331344
2.58812 -0.329391
2.59441 -0.327442
2.6007 -0.325499
2.60699 -0.32356
2.61328 -0.321626
2.61957 -0.319698
2.62586 -0.317775
2.63215 -0.315858
2.63843 -0.313947
2.64472 -0.312043
2.65101 -0.310144
2.6573 -0.308253
2.66359 -0.306368
2.66988 -0.30449
2.67617 -0.30262
2.68246 -0.300756
2.68875 -0.298901
2.69504 -0.297054
2.70133 -0.295214
2.70762 -0.293383
2.71391 -0.291561
2.7202 -0.289747
2.72649 -0.287942
2.73278 -0.286146
2.73907 -0.28436
2.74536 -0.282584
2.75165 -0.280817
2.75793 -0.27906
2.76422 -0.277314
2.77051 -0.275578
2.7768 -0.273853
2.78309 -0.272139
2.78938 -0.270436
2.79567 -0.268744
2.80196 -0.267064
2.80825 -0.265396
2.81454 -0.26374
2.82083 -0.262096
2.82712 -0.260465
2.83341 -0.258846
2.8397 -0.257241
2.84599 -0.255649
2.85228 -0.25407
2.85857 -0.252505
2.86486 -0.250954
2.87115 -0.249417
2.87743 -0.247894
2.88372 -0.246386
2.89001 -0.244893
2.8963 -0.243415
2.90259 -0.241952
2.90888 -0.240505
2.91517 -0.239073
2.92146 -0.237658
2.92775 -0.236259
2.93404 -0.234877
2.94033 -0.233511
2.94662 -0.232162
2.95291 -0.230831
2.9592 -0.229517
2.96549 -0.22822
2.97178 -0.226942
2.97807 -0.225682
2.98436 -0.22444
2.99065 -0.223217
2.99693 -0.222013
3.00322 -0.220829
3.00951 -0.219663
3.0158 -0.218518
3.02209 -0.217392
3.02838 -0.216287
3.03467 -0.215202
3.04096 -0.214138
3.04725 -0.213094
3.05354 -0.212072
3.05983 -0.211072
3.06612 -0.210093
3.07241 -0.209136
3.0787 -0.208201
3.08499 -0.207289
3.09128 -0.2064
3.09757 -0.205533
3.10386 -0.20469
3.11015 -0.20387
3.11643 -0.203074
3.12272 -0.202303
3.12901 -0.201555
3.1353 -0.200832
3.14159 -0.200134
