-3.14159 1.4788
-2.86841 -0.722927
-2.59523 -2.09786
-2.32205 -1.87394
-2.04886 -0.453623
-1.77568 1.03823
-1.5025 1.60929
-1.22932 1.03106
-0.956137 -0.132804
-0.682955 -1.02356
-0.409773 -1.09912
-0.136591 -0.439931
0.136591 0.403292
0.409773 0.846741
0.682955 0.662658
0.956137 0.0722535
1.22932 -0.471413
1.5025 -0.618333
1.77568 -0.335238
2.04886 0.12309
2.32205 0.427322
2.59523 0.402019
2.86841 0.116422
3.14159 -0.200134
-3.14159 1.4788
-2.86841 -0.722927
-2.59523 -2.09786
-2.32205 -1.87394
-2.04886 -0.453623
-1.77568 1.03823
-1.5025 1.60929
-1.22932 1.03106
-0.956137 -0.132804
-0.682955 -1.02356
-0.409773 -1.09912
-0.136591 -0.439931
0.136591 0.403292
0.409773 0.846741
0.682955 0.662658
0.956137 0.0722535
1.22932 -0.471413
1.5025 -0.618333
1.77568 -0.335238
2.04886 0.12309
2.32205 0.427322
2.59523 0.402019
2.86841 0.116422
3.14159 -0.200134
