-3.14159 1.4788
-2.89027 -0.559296
-2.63894 -1.97956
-2.38761 -2.06968
-2.13628 -0.975319
-1.88496 0.509128
-1.63363 1.486
-1.3823 1.47756
-1.13097 0.634278
-0.879646 -0.443233
-0.628319 -1.11062
-0.376991 -1.05087
-0.125664 -0.405311
0.125664 0.374149
0.376991 0.826645
0.628319 0.74447
0.879646 0.253179
1.13097 -0.308736
1.3823 -0.612866
1.63363 -0.525232
1.88496 -0.153346
2.13628 0.250326
2.38761 0.452664
2.63894 0.368939
2.89027 0.0888259
3.14159 -0.200134
-3.14159 1.4788
-2.89027 -0.559296
-2.63894 -1.97956
-2.38761 -2.06968
-2.13628 -0.975319
-1.88496 0.509128
-1.63363 1.486
-1.3823 1.47756
-1.13097 0.634278
-0.879646 -0.443233
-0.628319 -1.11062
-0.376991 -1.05087
-0.125664 -0.405311
0.125664 0.374149
0.376991 0.826645
0.628319 0.74447
0.879646 0.253179
1.13097 -0.308736
1.3823 -0.612866
1.63363 -0.525232
1.88496 -0.153346
2.13628 0.250326
2.38761 0.452664
2.63894 0.368939
2.89027 0.0888259
3.14159 -0.200134
