-3.14159 1.4788
-2.72271 -1.63566
-2.30383 -1.80614
-1.88496 0.509128
-1.46608 1.593
-1.0472 0.265959
-0.628319 -1.11062
-0.20944 -0.661
0.20944 0.578489
0.628319 0.74447
1.0472 -0.136548
1.46608 -0.626434
1.88496 -0.153346
2.30383 0.416663
2.72271 0.289012
3.14159 -0.200134
-3.14159 1.4788
-2.72271 -1.63566
-2.30383 -1.80614
-1.88496 0.509128
-1.46608 1.593
-1.0472 0.265959
-0.628319 -1.11062
-0.20944 -0.661
0.20944 0.578489
0.628319 0.74447
1.0472 -0.136548
1.46608 -0.626434
1.88496 -0.153346
2.30383 0.416663
2.72271 0.289012
3.14159 -0.200134
-3.14159 1.4788
-2.72271 -1.63566
-2.30383 -1.80614
-1.88496 0.509128
-1.46608 1.593
-1.0472 0.265959
-0.628319 -1.11062
-0.20944 -0.661
0.20944 0.578489
0.628319 0.74447
1.0472 -0.136548
1.46608 -0.626434
1.88496 -0.153346
2.30383 0.416663
2.72271 0.289012
3.14159 -0.200134
