-3.13699 1.44308
-3.10021 1.15113
-3.02708 0.548221
-2.91847 -0.340798
-2.77563 -1.34536
-2.60026 -2.08645
-2.3944 -2.08531
-2.16047 -1.11296
-1.90121 0.42013
-1.61966 1.51281
-1.31912 1.32553
-1.00312 0.0707349
-0.67535 -1.03781
-0.339666 -0.983284
1.92367e-16 6.12323e-16
0.339666 0.792078
0.67535 0.675144
1.00312 -0.0373501
1.31912 -0.572372
1.61966 -0.539487
1.90121 -0.125238
2.16047 0.281289
2.3944 0.454115
2.60026 0.398553
2.77563 0.229842
2.91847 0.0531617
3.02708 -0.0798043
3.10021 -0.159947
3.13699 -0.195873
-3.13699 1.44308
-3.10021 1.15113
-3.02708 0.548221
-2.91847 -0.340798
-2.77563 -1.34536
-2.60026 -2.08645
-2.3944 -2.08531
-2.16047 -1.11296
-1.90121 0.42013
-1.61966 1.51281
-1.31912 1.32553
-1.00312 0.0707349
-0.67535 -1.03781
-0.339666 -0.983284
1.92367e-16 6.12323e-16
0.339666 0.792078
0.67535 0.675144
1.00312 -0.0373501
1.31912 -0.572372
1.61966 -0.539487
1.90121 -0.125238
2.16047 0.281289
2.3944 0.454115
2.60026 0.398553
2.77563 0.229842
2.91847 0.0531617
3.02708 -0.0798043
3.10021 -0.159947
3.13699 -0.195873
