-3.13427 1.42192
-3.07588 0.952848
-2.9602 -0.0055645
-2.78937 -1.26167
-2.56659 -2.15175
-2.29599 -1.77527
-1.98262 -0.0520488
-1.63232 1.48864
-1.25161 1.1115
-0.847592 -0.562144
-0.42778 -1.12091
1.92367e-16 6.12323e-16
0.42778 0.853683
0.847592 0.327722
1.25161 -0.50103
1.63232 -0.526605
1.98262 0.0147317
2.29599 0.411594
2.56659 0.419933
2.78937 0.213668
2.9602 0.000845256
3.07588 -0.134463
3.13427 -0.193335
-3.13427 1.42192
-3.07588 0.952848
-2.9602 -0.0055645
-2.78937 -1.26167
-2.56659 -2.15175
-2.29599 -1.77527
-1.98262 -0.0520488
-1.63232 1.48864
-1.25161 1.1115
-0.847592 -0.562144
-0.42778 -1.12091
1.92367e-16 6.12323e-16
0.42778 0.853683
0.847592 0.327722
1.25161 -0.50103
1.63232 -0.526605
1.98262 0.0147317
2.29599 0.411594
2.56659 0.419933
2.78937 0.213668
2.9602 0.000845256
3.07588 -0.134463
3.13427 -0.193335
