-3.14159 1.4788
-3.1353 1.43112
-3.12901 1.3829
-3.12272 1.33418
-3.11643 1.28501
-3.11015 1.2354
-3.10386 1.18539
-3.09757 1.13501
-3.09128 1.0843
-3.08499 1.03327
-3.0787 0.981975
-3.07241 0.930425
-3.06612 0.878655
-3.05983 0.82669
-3.05354 0.77456
-3.04725 0.72229
-3.04096 0.669906
-3.03467 0.617435
-3.02838 0.564902
-3.02209 0.512331
-3.0158 0.459748
-3.00951 0.407176
-3.00322 0.35464
-2.99693 0.302162
-2.99065 0.249767
-2.98436 0.197476
-2.97807 0.145312
-2.97178 0.0932976
-2.96549 0.041454
-2.9592 -0.0101971
-2.95291 -0.0616347
-2.94662 -0.112838
-2.94033 -0.163786
-2.93404 -0.214459
-2.92775 -0.264837
-2.92146 -0.3149
-2.91517 -0.364628
-2.90888 -0.414004
-2.90259 -0.463008
-2.8963 -0.511621
-2.89001 -0.559825
-2.88372 -0.607603
-2.87743 -0.654937
-2.87115 -0.701809
-2.86486 -0.748202
-2.85857 -0.794101
-2.85228 -0.839487
-2.84599 -0.884346
-2.8397 -0.928661
-2.83341 -0.972417
-2.82712 -1.0156
-2.82083 -1.05819
-2.81454 -1.10018
-2.80825 -1.14155
-2.80196 -1.18229
-2.79567 -1.22238
-2.78938 -1.26181
-2.78309 -1.30057
-2.7768 -1.33864
-2.77051 -1.37602
-2.76422 -1.41269
-2.75793 -1.44864
-2.75165 -1.48385
-2.74536 -1.51832
-2.73907 -1.55204
-2.73278 -1.58499
-2.72649 -1.61717
-2.7202 -1.64856
-2.71391 -1.67916
-2.70762 -1.70895
-2.70133 -1.73793
-2.69504 -1.7661
-2.68875 -1.79344
-2.68246 -1.81994
-2.67617 -1.8456
-2.66988 -1.87041
-2.66359 -1.89436
-2.6573 -1.91745
-2.65101 -1.93968
-2.64472 -1.96103
-2.63843 -1.9815
-2.63215 -2.00109
-2.62586 -2.0198
-2.61957 -2.03761
-2.61328 -2.05453
-2.60699 -2.07055
-2.6007 -2.08567
-2.59441 -2.09989
-2.58812 -2.1132
-2.58183 -2.1256
-2.57554 -2.1371
-2.56925 -2.14769
-2.56296 -2.15737
-2.55667 -2.16614
-2.55038 -2.174
-2.54409 -2.18095
-2.5378 -2.18699
-2.53151 -2.19213
-2.52522 -2.19636
-2.51893 -2.19968
-2.51265 -2.20211
-2.50636 -2.20363
-2.50007 -2.20426
-2.49378 -2.204
-2.48749 -2.20285
-2.4812 -2.20081
-2.47491 -2.19789
-2.46862 -2.1941
-2.46233 -2.18944
-2.45604 -2.18391
-2.44975 -2.17752
-2.44346 -2.17028
-2.43717 -2.16219
-2.43088 -2.15326
-2.42459 -2.14349
-2.4183 -2.1329
-2.41201 -2.12149
-2.40572 -2.10927
-2.39943 -2.09625
-2.39315 -2.08243
-2.38686 -2.06783
-2.38057 -2.05245
-2.37428 -2.0363
-2.36799 -2.01939
-2.3617 -2.00174
-2.35541 -1.98335
-2.34912 -1.96423
-2.34283 -1.94439
-2.33654 -1.92385
-2.33025 -1.90261
-2.32396 -1.88069
-2.31767 -1.8581
-2.31138 -1.83485
-2.30509 -1.81095
-2.2988 -1.78641
-2.29251 -1.76125
-2.28622 -1.73548
-2.27993 -1.70911
-2.27365 -1.68215
-2.26736 -1.65462
-2.26107 -1.62654
-2.25478 -1.59791
-2.24849 -1.56875
-2.2422 -1.53907
-2.23591 -1.50889
-2.22962 -1.47822
-2.22333 -1.44707
-2.21704 -1.41547
-2.21075 -1.38341
-2.20446 -1.35093
-2.19817 -1.31804
-2.19188 -1.28474
-2.18559 -1.25105
-2.1793 -1.217
-2.17301 -1.18258
-2.16672 -1.14783
-2.16043 -1.11276
-2.15415 -1.07737
-2.14786 -1.04169
-2.14157 -1.00573
-2.13528 -0.96951
-2.12899 -0.933042
-2.1227 -0.896342
-2.11641 -0.859427
-2.11012 -0.822313
-2.10383 -0.785014
-2.09754 -0.747547
-2.09125 -0.709928
-2.08496 -0.672173
-2.07867 -0.634296
-2.07238 -0.596315
-2.06609 -0.558244
-2.0598 -0.5201
-2.05351 -0.481899
-2.04722 -0.443655
-2.04093 -0.405384
-2.03465 -0.367103
-2.02836 -0.328827
-2.02207 -0.29057
-2.01578 -0.252349
-2.00949 -0.214179
-2.0032 -0.176075
-1.99691 -0.138051
-1.99062 -0.100124
-1.98433 -0.0623082
-1.97804 -0.0246181
-1.97175 0.0129314
-1.96546 0.0503256
-1.95917 0.0875501
-1.95288 0.12459
-1.94659 0.161432
-1.9403 0.198062
-1.93401 0.234465
-1.92772 0.270628
-1.92143 0.306538
-1.91515 0.34218
-1.90886 0.377541
-1.90257 0.412608
-1.89628 0.447369
-1.88999 0.48181
-1.8837 0.515918
-1.87741 0.549682
-1.87112 0.583089
-1.86483 0.616127
-1.85854 0.648784
-1.85225 0.681049
-1.84596 0.712909
-1.83967 0.744354
-1.83338 0.775373
-1.82709 0.805954
-1.8208 0.836088
-1.81451 0.865763
-1.80822 0.89497
-1.80193 0.923699
-1.79565 0.951939
-1.78936 0.979683
-1.78307 1.00692
-1.77678 1.03364
-1.77049 1.05984
-1.7642 1.0855
-1.75791 1.11062
-1.75162 1.1352
-1.74533 1.15921
-1.73904 1.18267
-1.73275 1.20555
-1.72646 1.22785
-1.72017 1.24957
-1.71388 1.27069
-1.70759 1.29122
-1.7013 1.31115
-1.69501 1.33046
-1.68872 1.34916
-1.68243 1.36724
-1.67615 1.3847
-1.66986 1.40152
-1.66357 1.41772
-1.65728 1.43327
-1.65099 1.44819
-1.6447 1.46246
-1.63841 1.47608
-1.63212 1.48905
-1.62583 1.50137
-1.61954 1.51303
-1.61325 1.52404
-1.60696 1.53438
-1.60067 1.54406
-1.59438 1.55309
-1.58809 1.56144
-1.5818 1.56914
-1.57551 1.57617
-1.56922 1.58253
-1.56293 1.58823
-1.55665 1.59326
-1.55036 1.59763
-1.54407 1.60134
-1.53778 1.60439
-1.53149 1.60677
-1.5252 1.6085
-1.51891 1.60957
-1.51262 1.60999
-1.50633 1.60975
-1.50004 1.60887
-1.49375 1.60734
-1.48746 1.60516
-1.48117 1.60235
-1.47488 1.5989
-1.46859 1.59481
-1.4623 1.5901
-1.45601 1.58477
-1.44972 1.57881
-1.44343 1.57225
-1.43714 1.56507
-1.43086 1.55729
-1.42457 1.54891
-1.41828 1.53994
-1.41199 1.53039
-1.4057 1.52025
-1.39941 1.50954
-1.39312 1.49826
-1.38683 1.48642
-1.38054 1.47403
-1.37425 1.4611
-1.36796 1.44762
-1.36167 1.43362
-1.35538 1.41909
-1.34909 1.40404
-1.3428 1.38849
-1.33651 1.37244
-1.33022 1.3559
-1.32393 1.33888
-1.31764 1.32138
-1.31136 1.30342
-1.30507 1.28501
-1.29878 1.26615
-1.29249 1.24685
-1.2862 1.22713
-1.27991 1.20699
-1.27362 1.18645
-1.26733 1.1655
-1.26104 1.14417
-1.25475 1.12246
-1.24846 1.10039
-1.24217 1.07796
-1.23588 1.05518
-1.22959 1.03207
-1.2233 1.00863
-1.21701 0.984885
-1.21072 0.960832
-1.20443 0.936486
-1.19814 0.91186
-1.19186 0.886964
-1.18557 0.861809
-1.17928 0.836406
-1.17299 0.810767
-1.1667 0.784903
-1.16041 0.758825
-1.15412 0.732545
-1.14783 0.706074
-1.14154 0.679423
-1.13525 0.652605
-1.12896 0.625629
-1.12267 0.598509
-1.11638 0.571256
-1.11009 0.543881
-1.1038 0.516395
-1.09751 0.48881
-1.09122 0.461139
-1.08493 0.433391
-1.07864 0.40558
-1.07236 0.377715
-1.06607 0.34981
-1.05978 0.321874
-1.05349 0.29392
-1.0472 0.26596
-1.04091 0.238003
-1.03462 0.210062
-1.02833 0.182148
-1.02204 0.154272
-1.01575 0.126444
-1.00946 0.0986773
-1.00317 0.0709813
-0.996882 0.0433673
-0.990592 0.0158461
-0.984303 -0.0115715
-0.978013 -0.0388749
-0.971724 -0.0660534
-0.965434 -0.0930967
-0.959145 -0.119994
-0.952855 -0.146736
-0.946566 -0.173311
-0.940276 -0.199711
-0.933987 -0.225924
-0.927698 -0.251941
-0.921408 -0.277752
-0.915119 -0.303348
-0.908829 -0.328719
-0.90254 -0.353856
-0.89625 -0.37875
-0.889961 -0.403391
-0.883671 -0.427771
-0.877382 -0.45188
-0.871092 -0.475711
-0.864803 -0.499254
-0.858513 -0.522501
-0.852224 -0.545445
-0.845934 -0.568076
-0.839645 -0.590388
-0.833355 -0.612371
-0.827066 -0.63402
-0.820776 -0.655326
-0.814487 -0.676282
-0.808198 -0.696881
-0.801908 -0.717116
-0.795619 -0.736981
-0.789329 -0.756468
-0.78304 -0.775572
-0.77675 -0.794287
-0.770461 -0.812605
-0.764171 -0.830523
-0.757882 -0.848033
-0.751592 -0.86513
-0.745303 -0.88181
-0.739013 -0.898067
-0.732724 -0.913896
-0.726434 -0.929293
-0.720145 -0.944252
-0.713855 -0.958771
-0.707566 -0.972844
-0.701276 -0.986468
-0.694987 -0.999639
-0.688697 -1.01235
-0.682408 -1.02461
-0.676119 -1.0364
-0.669829 -1.04773
-0.66354 -1.05858
-0.65725 -1.06897
-0.650961 -1.07888
-0.644671 -1.08832
-0.638382 -1.09728
-0.632092 -1.10576
-0.625803 -1.11376
-0.619513 -1.12128
-0.613224 -1.12832
-0.606934 -1.13487
-0.600645 -1.14093
-0.594355 -1.14652
-0.588066 -1.15161
-0.581776 -1.15622
-0.575487 -1.16035
-0.569197 -1.16399
-0.562908 -1.16714
-0.556619 -1.16981
-0.550329 -1.172
-0.54404 -1.17371
-0.53775 -1.17493
-0.531461 -1.17568
-0.525171 -1.17594
-0.518882 -1.17573
-0.512592 -1.17505
-0.506303 -1.1739
-0.500013 -1.17227
-0.493724 -1.17018
-0.487434 -1.16762
-0.481145 -1.16461
-0.474855 -1.16113
-0.468566 -1.1572
-0.462276 -1.15281
-0.455987 -1.14798
-0.449697 -1.14271
-0.443408 -1.13699
-0.437118 -1.13084
-0.430829 -1.12425
-0.42454 -1.11724
-0.41825 -1.1098
-0.411961 -1.10195
-0.405671 -1.09368
-0.399382 -1.085
-0.393092 -1.07592
-0.386803 -1.06644
-0.380513 -1.05657
-0.374224 -1.04631
-0.367934 -1.03567
-0.361645 -1.02465
-0.355355 -1.01326
-0.349066 -1.00151
-0.342776 -0.989403
-0.336487 -0.976943
-0.330197 -0.964138
-0.323908 -0.950994
-0.317618 -0.937519
-0.311329 -0.923719
-0.30504 -0.909601
-0.29875 -0.895172
-0.292461 -0.880439
-0.286171 -0.86541
-0.279882 -0.85009
-0.273592 -0.834489
-0.267303 -0.818612
-0.261013 -0.802469
-0.254724 -0.786065
-0.248434 -0.76941
-0.242145 -0.752511
-0.235855 -0.735375
-0.229566 -0.71801
-0.223276 -0.700425
-0.216987 -0.682627
-0.210697 -0.664624
-0.204408 -0.646425
-0.198118 -0.628037
-0.191829 -0.609469
-0.18554 -0.590729
-0.17925 -0.571826
-0.172961 -0.552767
-0.166671 -0.53356
-0.160382 -0.514215
-0.154092 -0.49474
-0.147803 -0.475142
-0.141513 -0.455431
-0.135224 -0.435614
-0.128934 -0.415701
-0.122645 -0.3957
-0.116355 -0.375618
-0.110066 -0.355465
-0.103776 -0.335249
-0.0974869 -0.314978
-0.0911974 -0.294661
-0.0849079 -0.274306
-0.0786184 -0.253922
-0.072329 -0.233517
-0.0660395 -0.213098
-0.05975 -0.192676
-0.0534605 -0.172257
-0.0471711 -0.15185
-0.0408816 -0.131463
-0.0345921 -0.111105
-0.0283026 -0.0907827
-0.0220132 -0.0705053
-0.0157237 -0.0502804
-0.00943421 -0.030116
-0.00314474 -0.0100201
0.00314474 0.0099996
0.00943421 0.0299353
0.0157237 0.0497792
0.0220132 0.0695237
0.0283026 0.0891612
0.0345921 0.108684
0.0408816 0.128085
0.0471711 0.147357
0.0534605 0.166492
0.05975 0.185484
0.0660395 0.204325
0.072329 0.223008
0.0786184 0.241526
0.0849079 0.259872
0.0911974 0.278041
0.0974869 0.296024
0.103776 0.313816
0.110066 0.33141
0.116355 0.3488
0.122645 0.365979
0.128934 0.382942
0.135224 0.399683
0.141513 0.416195
0.147803 0.432473
0.154092 0.448511
0.160382 0.464304
0.166671 0.479846
0.172961 0.495133
0.17925 0.510158
0.18554 0.524917
0.191829 0.539405
0.198118 0.553617
0.204408 0.567549
0.210697 0.581196
0.216987 0.594553
0.223276 0.607617
0.229566 0.620383
0.235855 0.632848
0.242145 0.645007
0.248434 0.656857
0.254724 0.668394
0.261013 0.679616
0.267303 0.690517
0.273592 0.701096
0.279882 0.71135
0.286171 0.721276
0.292461 0.73087
0.29875 0.740131
0.30504 0.749055
0.311329 0.757642
0.317618 0.765888
0.323908 0.773791
0.330197 0.781351
0.336487 0.788565
0.342776 0.795431
0.349066 0.801948
0.355355 0.808116
0.361645 0.813932
0.367934 0.819396
0.374224 0.824508
0.380513 0.829266
0.386803 0.833669
0.393092 0.837719
0.399382 0.841414
0.405671 0.844754
0.411961 0.84774
0.41825 0.850371
0.42454 0.852648
0.430829 0.854571
0.437118 0.856142
0.443408 0.85736
0.449697 0.858228
0.455987 0.858745
0.462276 0.858913
0.468566 0.858733
0.474855 0.858207
0.481145 0.857337
0.487434 0.856124
0.493724 0.854569
0.500013 0.852676
0.506303 0.850446
0.512592 0.847881
0.518882 0.844984
0.525171 0.841757
0.531461 0.838203
0.53775 0.834324
0.54404 0.830124
0.550329 0.825606
0.556619 0.820772
0.562908 0.815625
0.569197 0.81017
0.575487 0.804409
0.581776 0.798346
0.588066 0.791985
0.594355 0.78533
0.600645 0.778383
0.606934 0.77115
0.613224 0.763635
0.619513 0.755841
0.625803 0.747773
0.632092 0.739434
0.638382 0.730831
0.644671 0.721967
0.650961 0.712846
0.65725 0.703474
0.66354 0.693855
0.669829 0.683994
0.676119 0.673897
0.682408 0.663567
0.688697 0.653011
0.694987 0.642233
0.701276 0.631238
0.707566 0.620033
0.713855 0.608622
0.720145 0.59701
0.726434 0.585204
0.732724 0.573209
0.739013 0.561029
0.745303 0.548672
0.751592 0.536143
0.757882 0.523447
0.764171 0.510591
0.770461 0.497579
0.77675 0.484419
0.78304 0.471115
0.789329 0.457674
0.795619 0.444102
0.801908 0.430405
0.808198 0.416589
0.814487 0.402659
0.820776 0.388623
0.827066 0.374486
0.833355 0.360254
0.839645 0.345933
0.845934 0.33153
0.852224 0.31705
0.858513 0.3025
0.864803 0.287886
0.871092 0.273214
0.877382 0.258491
0.883671 0.243722
0.889961 0.228913
0.89625 0.214071
0.90254 0.199202
0.908829 0.184312
0.915119 0.169407
0.921408 0.154493
0.927698 0.139576
0.933987 0.124662
0.940276 0.109758
0.946566 0.0948688
0.952855 0.0800008
0.959145 0.0651599
0.965434 0.050352
0.971724 0.035583
0.978013 0.0208585
0.984303 0.00618452
0.990592 -0.00843336
0.996882 -0.0229894
1.00317 -0.037478
1.00946 -0.0518936
1.01575 -0.0662306
1.02204 -0.0804836
1.02833 -0.0946471
1.03462 -0.108716
1.04091 -0.122684
1.0472 -0.136547
1.05349 -0.1503
1.05978 -0.163937
1.06607 -0.177453
1.07236 -0.190844
1.07864 -0.204104
1.08493 -0.217228
1.09122 -0.230212
1.09751 -0.243052
1.1038 -0.255741
1.11009 -0.268277
1.11638 -0.280655
1.12267 -0.292869
1.12896 -0.304917
1.13525 -0.316793
1.14154 -0.328493
1.14783 -0.340015
1.15412 -0.351352
1.16041 -0.362503
1.1667 -0.373463
1.17299 -0.384227
1.17928 -0.394794
1.18557 -0.405159
1.19186 -0.415319
1.19814 -0.42527
1.20443 -0.43501
1.21072 -0.444535
1.21701 -0.453843
1.2233 -0.46293
1.22959 -0.471794
1.23588 -0.480431
1.24217 -0.488841
1.24846 -0.497019
1.25475 -0.504963
1.26104 -0.512672
1.26733 -0.520143
1.27362 -0.527374
1.27991 -0.534363
1.2862 -0.541108
1.29249 -0.547607
1.29878 -0.55386
1.30507 -0.559863
1.31136 -0.565617
1.31764 -0.571119
1.32393 -0.576368
1.33022 -0.581363
1.33651 -0.586104
1.3428 -0.590589
1.34909 -0.594817
1.35538 -0.598788
1.36167 -0.602502
1.36796 -0.605957
1.37425 -0.609154
1.38054 -0.612091
1.38683 -0.61477
1.39312 -0.61719
1.39941 -0.61935
1.4057 -0.621252
1.41199 -0.622895
1.41828 -0.62428
1.42457 -0.625407
1.43086 -0.626277
1.43714 -0.626891
1.44343 -0.627249
1.44972 -0.627352
1.45601 -0.627201
1.4623 -0.626797
1.46859 -0.626142
1.47488 -0.625236
1.48117 -0.624082
1.48746 -0.62268
1.49375 -0.621032
1.50004 -0.619139
1.50633 -0.617004
1.51262 -0.614629
1.51891 -0.612014
1.5252 -0.609163
1.53149 -0.606077
1.53778 -0.602759
1.54407 -0.59921
1.55036 -0.595433
1.55665 -0.591431
1.56293 -0.587206
1.56922 -0.582761
1.57551 -0.578098
1.5818 -0.57322
1.58809 -0.56813
1.59438 -0.562831
1.60067 -0.557326
1.60696 -0.551617
1.61325 -0.545709
1.61954 -0.539603
1.62583 -0.533304
1.63212 -0.526815
1.63841 -0.520139
1.6447 -0.513279
1.65099 -0.50624
1.65728 -0.499024
1.66357 -0.491635
1.66986 -0.484077
1.67615 -0.476354
1.68243 -0.46847
1.68872 -0.460427
1.69501 -0.452231
1.7013 -0.443885
1.70759 -0.435393
1.71388 -0.426758
1.72017 -0.417986
1.72646 -0.409081
1.73275 -0.400045
1.73904 -0.390884
1.74533 -0.381602
1.75162 -0.372203
1.75791 -0.362691
1.7642 -0.35307
1.77049 -0.343345
1.77678 -0.333521
1.78307 -0.323601
1.78936 -0.313589
1.79565 -0.303492
1.80193 -0.293312
1.80822 -0.283054
1.81451 -0.272723
1.8208 -0.262322
1.82709 -0.251858
1.83338 -0.241334
1.83967 -0.230754
1.84596 -0.220123
1.85225 -0.209446
1.85854 -0.198727
1.86483 -0.18797
1.87112 -0.177181
1.87741 -0.166363
1.8837 -0.155521
1.88999 -0.144659
1.89628 -0.133783
1.90257 -0.122896
1.90886 -0.112003
1.91515 -0.101108
1.92143 -0.0902155
1.92772 -0.0793304
1.93401 -0.0684567
1.9403 -0.0575988
1.94659 -0.046761
1.95288 -0.0359476
1.95917 -0.0251629
1.96546 -0.0144112
1.97175 -0.00369651
1.97804 0.00697683
1.98433 0.0176047
1.99062 0.0281831
1.99691 0.0387078
2.0032 0.0491748
2.00949 0.0595801
2.01578 0.0699199
2.02207 0.0801901
2.02836 0.0903869
2.03465 0.100506
2.04093 0.110545
2.04722 0.120499
2.05351 0.130364
2.0598 0.140138
2.06609 0.149815
2.07238 0.159394
2.07867 0.16887
2.08496 0.17824
2.09125 0.187501
2.09754 0.196648
2.10383 0.20568
2.11012 0.214593
2.11641 0.223384
2.1227 0.232049
2.12899 0.240586
2.13528 0.248992
2.14157 0.257263
2.14786 0.265398
2.15415 0.273393
2.16043 0.281246
2.16672 0.288953
2.17301 0.296513
2.1793 0.303924
2.18559 0.311182
2.19188 0.318285
2.19817 0.325232
2.20446 0.332019
2.21075 0.338645
2.21704 0.345108
2.22333 0.351406
2.22962 0.357536
2.23591 0.363498
2.2422 0.369289
2.24849 0.374908
2.25478 0.380352
2.26107 0.385622
2.26736 0.390714
2.27365 0.395629
2.27993 0.400364
2.28622 0.404918
2.29251 0.409291
2.2988 0.41348
2.30509 0.417486
2.31138 0.421307
2.31767 0.424942
2.32396 0.428392
2.33025 0.431654
2.33654 0.434729
2.34283 0.437616
2.34912 0.440314
2.35541 0.442823
2.3617 0.445144
2.36799 0.447275
2.37428 0.449217
2.38057 0.450969
2.38686 0.452532
2.39315 0.453906
2.39943 0.45509
2.40572 0.456086
2.41201 0.456893
2.4183 0.457512
2.42459 0.457944
2.43088 0.458188
2.43717 0.458246
2.44346 0.458119
2.44975 0.457806
2.45604 0.457309
2.46233 0.45663
2.46862 0.455768
2.47491 0.454725
2.4812 0.453502
2.48749 0.4521
2.49378 0.450521
2.50007 0.448765
2.50636 0.446835
2.51265 0.444732
2.51893 0.442457
2.52522 0.440012
2.53151 0.437399
2.5378 0.434618
2.54409 0.431673
2.55038 0.428565
2.55667 0.425296
2.56296 0.421867
2.56925 0.418282
2.57554 0.414541
2.58183 0.410648
2.58812 0.406604
2.59441 0.402412
2.6007 0.398074
2.60699 0.393592
2.61328 0.388969
2.61957 0.384207
2.62586 0.379309
2.63215 0.374277
2.63843 0.369114
2.64472 0.363823
2.65101 0.358407
2.6573 0.352868
2.66359 0.347208
2.66988 0.341432
2.67617 0.335542
2.68246 0.32954
2.68875 0.32343
2.69504 0.317215
2.70133 0.310897
2.70762 0.304481
2.71391 0.297969
2.7202 0.291364
2.72649 0.284669
2.73278 0.277888
2.73907 0.271024
2.74536 0.26408
2.75165 0.25706
2.75793 0.249966
2.76422 0.242803
2.77051 0.235573
2.7768 0.228281
2.78309 0.220928
2.78938 0.21352
2.79567 0.206058
2.80196 0.198548
2.80825 0.190991
2.81454 0.183392
2.82083 0.175754
2.82712 0.16808
2.83341 0.160374
2.8397 0.15264
2.84599 0.14488
2.85228 0.137099
2.85857 0.129299
2.86486 0.121483
2.87115 0.113656
2.87743 0.105821
2.88372 0.0979806
2.89001 0.0901382
2.8963 0.0822971
2.90259 0.0744604
2.90888 0.0666313
2.91517 0.0588128
2.92146 0.0510078
2.92775 0.0432193
2.93404 0.0354501
2.94033 0.027703
2.94662 0.0199805
2.95291 0.0122853
2.9592 0.00461983
2.96549 -0.00301361
2.97178 -0.0106128
2.97807 -0.0181756
2.98436 -0.0257002
2.99065 -0.0331847
2.99693 -0.0406275
3.00322 -0.0480272
3.00951 -0.0553825
3.0158 -0.0626924
3.02209 -0.0699559
3.02838 -0.0771725
3.03467 -0.0843418
3.04096 -0.0914636
3.04725 -0.0985382
3.05354 -0.105566
3.05983 -0.112547
3.06612 -0.119484
3.07241 -0.126377
3.0787 -0.133228
3.08499 -0.140039
3.09128 -0.146813
3.09757 -0.153553
3.10386 -0.160263
3.11015 -0.166945
3.11643 -0.173606
3.12272 -0.180249
3.12901 -0.186881
3.1353 -0.193507
3.14159 -0.200134
