-3.14159 1.4788
-2.87979 -0.638377
-2.61799 -2.04164
-2.35619 -1.98575
-2.0944 -0.728747
-1.8326 0.77922
-1.5708 1.581
-1.309 1.29657
-1.0472 0.265959
-0.785398 -0.768453
-0.523599 -1.17594
-0.261799 -0.804501
0 0
0.261799 0.680996
0.523599 0.842595
0.785398 0.466091
1.0472 -0.136548
1.309 -0.563488
1.5708 -0.581617
1.8326 -0.242652
2.0944 0.192096
2.35619 0.44308
2.61799 0.385616
2.87979 0.102064
3.14159 -0.200134
-3.14159 1.4788
-2.87979 -0.638377
-2.61799 -2.04164
-2.35619 -1.98575
-2.0944 -0.728747
-1.8326 0.77922
-1.5708 1.581
-1.309 1.29657
-1.0472 0.265959
-0.785398 -0.768453
-0.523599 -1.17594
-0.261799 -0.804501
0 0
0.261799 0.680996
0.523599 0.842595
0.785398 0.466091
1.0472 -0.136548
1.309 -0.563488
1.5708 -0.581617
1.8326 -0.242652
2.0944 0.192096
2.35619 0.44308
2.61799 0.385616
2.87979 0.102064
3.14159 -0.200134
