-3.13628 1.43757
-3.09386 1.09976
-3.00961 0.402686
-2.88466 -0.601767
-2.7207 -1.64565
-2.51994 -2.19915
-2.28511 -1.7309
-2.01938 -0.27421
-1.72633 1.22829
-1.40994 1.52716
-1.07449 0.387168
-0.724501 -0.933937
-0.364717 -1.03008
1.92367e-16 6.12323e-16
0.364717 0.816645
0.724501 0.588854
1.07449 -0.195355
1.40994 -0.622389
1.72633 -0.409265
2.01938 0.0758168
2.28511 0.404094
2.51994 0.442119
2.7207 0.29115
2.88466 0.0959126
3.00961 -0.0592744
3.09386 -0.153428
3.13628 -0.195213
-3.13628 1.43757
-3.09386 1.09976
-3.00961 0.402686
-2.88466 -0.601767
-2.7207 -1.64565
-2.51994 -2.19915
-2.28511 -1.7309
-2.01938 -0.27421
-1.72633 1.22829
-1.40994 1.52716
-1.07449 0.387168
-0.724501 -0.933937
-0.364717 -1.03008
1.92367e-16 6.12323e-16
0.364717 0.816645
0.724501 0.588854
1.07449 -0.195355
1.40994 -0.622389
1.72633 -0.409265
2.01938 0.0758168
2.28511 0.404094
2.51994 0.442119
2.7207 0.29115
2.88466 0.0959126
3.00961 -0.0592744
3.09386 -0.153428
3.13628 -0.195213
