-3.10291 1.17298
-2.79918 -1.19998
-2.22144 -1.43765
-1.42625 1.55122
-0.491453 -1.16931
0.491453 0.85517
1.42625 -0.625665
2.22144 0.349517
2.79918 0.201956
3.10291 -0.162703
-3.10291 1.17298
-2.79918 -1.19998
-2.22144 -1.43765
-1.42625 1.55122
-0.491453 -1.16931
0.491453 0.85517
1.42625 -0.625665
2.22144 0.349517
2.79918 0.201956
3.10291 -0.162703
-3.10291 1.17298
-2.79918 -1.19998
-2.22144 -1.43765
-1.42625 1.55122
-0.491453 -1.16931
0.491453 0.85517
1.42625 -0.625665
2.22144 0.349517
2.79918 0.201956
3.10291 -0.162703
-3.10291 1.17298
-2.79918 -1.19998
-2.22144 -1.43765
-1.42625 1.55122
-0.491453 -1.16931
0.491453 0.85517
1.42625 -0.625665
2.22144 0.349517
2.79918 0.201956
3.10291 -0.162703
