-3.14159 1.4788
-2.61799 -2.04164
-2.0944 -0.728747
-1.5708 1.581
-1.0472 0.265959
-0.523599 -1.17594
0 0
0.523599 0.842595
1.0472 -0.136548
1.5708 -0.581617
2.0944 0.192096
2.61799 0.385616
3.14159 -0.200134
-3.14159 1.4788
-2.61799 -2.04164
-2.0944 -0.728747
-1.5708 1.581
-1.0472 0.265959
-0.523599 -1.17594
0 0
0.523599 0.842595
1.0472 -0.136548
1.5708 -0.581617
2.0944 0.192096
2.61799 0.385616
3.14159 -0.200134
-3.14159 1.4788
-2.61799 -2.04164
-2.0944 -0.728747
-1.5708 1.581
-1.0472 0.265959
-0.523599 -1.17594
0 0
0.523599 0.842595
1.0472 -0.136548
1.5708 -0.581617
2.0944 0.192096
2.61799 0.385616
3.14159 -0.200134
