-3.13487 1.42658
-3.08123 0.996687
-2.97487 0.114734
-2.81761 -1.07984
-2.61214 -2.05723
-2.36197 -2.00259
-2.0714 -0.590342
-1.74538 1.15904
-1.38949 1.4915
-1.00983 0.100313
-0.612894 -1.12867
-0.20547 -0.649511
0.20547 0.569873
0.612894 0.764036
1.00983 -0.0527424
1.38949 -0.615825
1.74538 -0.381536
2.0714 0.157908
2.36197 0.445197
2.61214 0.390011
2.81761 0.179616
2.97487 -0.0172662
3.08123 -0.140171
3.13487 -0.193894
-3.13487 1.42658
-3.08123 0.996687
-2.97487 0.114734
-2.81761 -1.07984
-2.61214 -2.05723
-2.36197 -2.00259
-2.0714 -0.590342
-1.74538 1.15904
-1.38949 1.4915
-1.00983 0.100313
-0.612894 -1.12867
-0.20547 -0.649511
0.20547 0.569873
0.612894 0.764036
1.00983 -0.0527424
1.38949 -0.615825
1.74538 -0.381536
2.0714 0.157908
2.36197 0.445197
2.61214 0.390011
2.81761 0.179616
2.97487 -0.0172662
3.08123 -0.140171
3.13487 -0.193894
