-3.14159 1.4788
-2.82743 -1.01365
-2.51327 -2.20186
-2.19911 -1.32301
-1.88496 0.509128
-1.5708 1.581
-1.25664 1.12902
-0.942478 -0.190492
-0.628319 -1.11062
-0.314159 -0.929969
0 0
0.314159 0.761394
0.628319 0.74447
0.942478 0.104544
1.25664 -0.5073
1.5708 -0.581617
1.88496 -0.153346
2.19911 0.32625
2.51327 0.444547
2.82743 0.167555
3.14159 -0.200134
-3.14159 1.4788
-2.82743 -1.01365
-2.51327 -2.20186
-2.19911 -1.32301
-1.88496 0.509128
-1.5708 1.581
-1.25664 1.12902
-0.942478 -0.190492
-0.628319 -1.11062
-0.314159 -0.929969
0 0
0.314159 0.761394
0.628319 0.74447
0.942478 0.104544
1.25664 -0.5073
1.5708 -0.581617
1.88496 -0.153346
2.19911 0.32625
2.51327 0.444547
2.82743 0.167555
3.14159 -0.200134
