-3.14159 1.13339
-3.1353 1.1517
-3.12901 1.16513
-3.12272 1.17388
-3.11643 1.17814
-3.11015 1.1781
-3.10386 1.17394
-3.09757 1.16586
-3.09128 1.15401
-3.08499 1.13858
-3.0787 1.11973
-3.07241 1.09762
-3.06612 1.07243
-3.05983 1.04429
-3.05354 1.01337
-3.04725 0.979806
-3.04096 0.943752
-3.03467 0.905346
-3.02838 0.864725
-3.02209 0.822023
-3.0158 0.777369
-3.00951 0.730891
-3.00322 0.682713
-2.99693 0.632953
-2.99065 0.58173
-2.98436 0.529156
-2.97807 0.475342
-2.97178 0.420396
-2.96549 0.364421
-2.9592 0.307519
-2.95291 0.249788
-2.94662 0.191324
-2.94033 0.132218
-2.93404 0.0725618
-2.92775 0.0124409
-2.92146 -0.04806
-2.91517 -0.108859
-2.90888 -0.169878
-2.90259 -0.23104
-2.8963 -0.29227
-2.89001 -0.353499
-2.88372 -0.414656
-2.87743 -0.475674
-2.87115 -0.536491
-2.86486 -0.597043
-2.85857 -0.657271
-2.85228 -0.717117
-2.84599 -0.776526
-2.8397 -0.835444
-2.83341 -0.893821
-2.82712 -0.951607
-2.82083 -1.00876
-2.81454 -1.06522
-2.80825 -1.12096
-2.80196 -1.17593
-2.79567 -1.23009
-2.78938 -1.28341
-2.78309 -1.33585
-2.7768 -1.38737
-2.77051 -1.43794
-2.76422 -1.48754
-2.75793 -1.53612
-2.75165 -1.58367
-2.74536 -1.63016
-2.73907 -1.67556
-2.73278 -1.71986
-2.72649 -1.76302
-2.7202 -1.80502
-2.71391 -1.84586
-2.70762 -1.88551
-2.70133 -1.92396
-2.69504 -1.96118
-2.68875 -1.99718
-2.68246 -2.03192
-2.67617 -2.06542
-2.66988 -2.09764
-2.66359 -2.12859
-2.6573 -2.15826
-2.65101 -2.18663
-2.64472 -2.21371
-2.63843 -2.23949
-2.63215 -2.26397
-2.62586 -2.28714
-2.61957 -2.309
-2.61328 -2.32955
-2.60699 -2.3488
-2.6007 -2.36674
-2.59441 -2.38337
-2.58812 -2.3987
-2.58183 -2.41272
-2.57554 -2.42546
-2.56925 -2.4369
-2.56296 -2.44706
-2.55667 -2.45594
-2.55038 -2.46356
-2.54409 -2.4699
-2.5378 -2.475
-2.53151 -2.47885
-2.52522 -2.48146
-2.51893 -2.48285
-2.51265 -2.48303
-2.50636 -2.482
-2.50007 -2.47978
-2.49378 -2.47638
-2.48749 -2.47182
-2.4812 -2.46611
-2.47491 -2.45926
-2.46862 -2.45128
-2.46233 -2.4422
-2.45604 -2.43202
-2.44975 -2.42076
-2.44346 -2.40844
-2.43717 -2.39507
-2.43088 -2.38068
-2.42459 -2.36527
-2.4183 -2.34886
-2.41201 -2.33148
-2.40572 -2.31314
-2.39943 -2.29385
-2.39315 -2.27364
-2.38686 -2.25252
-2.38057 -2.23051
-2.37428 -2.20764
-2.36799 -2.18391
-2.3617 -2.15935
-2.35541 -2.13399
-2.34912 -2.10783
-2.34283 -2.0809
-2.33654 -2.05321
-2.33025 -2.02479
-2.32396 -1.99566
-2.31767 -1.96584
-2.31138 -1.93534
-2.30509 -1.90419
-2.2988 -1.87241
-2.29251 -1.84002
-2.28622 -1.80703
-2.27993 -1.77347
-2.27365 -1.73937
-2.26736 -1.70473
-2.26107 -1.66957
-2.25478 -1.63393
-2.24849 -1.59782
-2.2422 -1.56126
-2.23591 -1.52426
-2.22962 -1.48686
-2.22333 -1.44907
-2.21704 -1.41091
-2.21075 -1.3724
-2.20446 -1.33355
-2.19817 -1.2944
-2.19188 -1.25496
-2.18559 -1.21524
-2.1793 -1.17528
-2.17301 -1.13508
-2.16672 -1.09467
-2.16043 -1.05406
-2.15415 -1.01328
-2.14786 -0.972346
-2.14157 -0.931271
-2.13528 -0.890077
-2.12899 -0.848782
-2.1227 -0.807404
-2.11641 -0.765962
-2.11012 -0.724472
-2.10383 -0.682953
-2.09754 -0.641422
-2.09125 -0.599897
-2.08496 -0.558394
-2.07867 -0.51693
-2.07238 -0.475523
-2.06609 -0.434188
-2.0598 -0.392941
-2.05351 -0.3518
-2.04722 -0.310779
-2.04093 -0.269894
-2.03465 -0.229161
-2.02836 -0.188595
-2.02207 -0.148211
-2.01578 -0.108023
-2.00949 -0.0680463
-2.0032 -0.0282948
-1.99691 0.0112174
-1.99062 0.0504765
-1.98433 0.089469
-1.97804 0.128182
-1.97175 0.166601
-1.96546 0.204715
-1.95917 0.242511
-1.95288 0.279976
-1.94659 0.317098
-1.9403 0.353866
-1.93401 0.390267
-1.92772 0.426292
-1.92143 0.461928
-1.91515 0.497165
-1.90886 0.531992
-1.90257 0.566399
-1.89628 0.600376
-1.88999 0.633914
-1.8837 0.667002
-1.87741 0.699633
-1.87112 0.731795
-1.86483 0.763482
-1.85854 0.794684
-1.85225 0.825393
-1.84596 0.855602
-1.83967 0.885302
-1.83338 0.914486
-1.82709 0.943148
-1.8208 0.97128
-1.81451 0.998875
-1.80822 1.02593
-1.80193 1.05243
-1.79565 1.07838
-1.78936 1.10377
-1.78307 1.12859
-1.77678 1.15284
-1.77049 1.17652
-1.7642 1.19962
-1.75791 1.22213
-1.75162 1.24405
-1.74533 1.26538
-1.73904 1.28611
-1.73275 1.30624
-1.72646 1.32578
-1.72017 1.3447
-1.71388 1.36302
-1.70759 1.38072
-1.7013 1.39782
-1.69501 1.4143
-1.68872 1.43016
-1.68243 1.4454
-1.67615 1.46003
-1.66986 1.47403
-1.66357 1.48742
-1.65728 1.50018
-1.65099 1.51232
-1.6447 1.52384
-1.63841 1.53473
-1.63212 1.545
-1.62583 1.55466
-1.61954 1.56369
-1.61325 1.5721
-1.60696 1.5799
-1.60067 1.58707
-1.59438 1.59364
-1.58809 1.59958
-1.5818 1.60492
-1.57551 1.60965
-1.56922 1.61377
-1.56293 1.61728
-1.55665 1.62019
-1.55036 1.6225
-1.54407 1.62422
-1.53778 1.62534
-1.53149 1.62588
-1.5252 1.62582
-1.51891 1.62519
-1.51262 1.62397
-1.50633 1.62219
-1.50004 1.61983
-1.49375 1.6169
-1.48746 1.61342
-1.48117 1.60938
-1.47488 1.60478
-1.46859 1.59964
-1.4623 1.59396
-1.45601 1.58774
-1.44972 1.58099
-1.44343 1.57372
-1.43714 1.56593
-1.43086 1.55762
-1.42457 1.5488
-1.41828 1.53949
-1.41199 1.52967
-1.4057 1.51937
-1.39941 1.50859
-1.39312 1.49733
-1.38683 1.4856
-1.38054 1.4734
-1.37425 1.46075
-1.36796 1.44766
-1.36167 1.43411
-1.35538 1.42014
-1.34909 1.40574
-1.3428 1.39091
-1.33651 1.37568
-1.33022 1.36003
-1.32393 1.344
-1.31764 1.32757
-1.31136 1.31075
-1.30507 1.29357
-1.29878 1.27601
-1.29249 1.2581
-1.2862 1.23984
-1.27991 1.22123
-1.27362 1.20229
-1.26733 1.18302
-1.26104 1.16344
-1.25475 1.14354
-1.24846 1.12334
-1.24217 1.10285
-1.23588 1.08208
-1.22959 1.06103
-1.2233 1.03971
-1.21701 1.01813
-1.21072 0.996294
-1.20443 0.974221
-1.19814 0.951913
-1.19186 0.92938
-1.18557 0.90663
-1.17928 0.883673
-1.17299 0.860515
-1.1667 0.837167
-1.16041 0.813637
-1.15412 0.789933
-1.14783 0.766065
-1.14154 0.74204
-1.13525 0.717867
-1.12896 0.693556
-1.12267 0.669115
-1.11638 0.644552
-1.11009 0.619876
-1.1038 0.595096
-1.09751 0.57022
-1.09122 0.545257
-1.08493 0.520215
-1.07864 0.495104
-1.07236 0.46993
-1.06607 0.444704
-1.05978 0.419433
-1.05349 0.394126
-1.0472 0.368791
-1.04091 0.343436
-1.03462 0.31807
-1.02833 0.292701
-1.02204 0.267338
-1.01575 0.241988
-1.00946 0.216659
-1.00317 0.19136
-0.996882 0.166098
-0.990592 0.140882
-0.984303 0.11572
-0.978013 0.0906184
-0.971724 0.0655863
-0.965434 0.040631
-0.959145 0.0157601
-0.952855 -0.00901869
-0.946566 -0.0336979
-0.940276 -0.0582701
-0.933987 -0.0827278
-0.927698 -0.107064
-0.921408 -0.131271
-0.915119 -0.155342
-0.908829 -0.179269
-0.90254 -0.203046
-0.89625 -0.226667
-0.889961 -0.250123
-0.883671 -0.273408
-0.877382 -0.296516
-0.871092 -0.31944
-0.864803 -0.342173
-0.858513 -0.364709
-0.852224 -0.387042
-0.845934 -0.409165
-0.839645 -0.431073
-0.833355 -0.452759
-0.827066 -0.474217
-0.820776 -0.495441
-0.814487 -0.516426
-0.808198 -0.537167
-0.801908 -0.557656
-0.795619 -0.57789
-0.789329 -0.597862
-0.78304 -0.617568
-0.77675 -0.637002
-0.770461 -0.656159
-0.764171 -0.675034
-0.757882 -0.693622
-0.751592 -0.711919
-0.745303 -0.729921
-0.739013 -0.747621
-0.732724 -0.765017
-0.726434 -0.782104
-0.720145 -0.798877
-0.713855 -0.815333
-0.707566 -0.831467
-0.701276 -0.847276
-0.694987 -0.862756
-0.688697 -0.877903
-0.682408 -0.892714
-0.676119 -0.907186
-0.669829 -0.921315
-0.66354 -0.935098
-0.65725 -0.948531
-0.650961 -0.961613
-0.644671 -0.97434
-0.638382 -0.98671
-0.632092 -0.998719
-0.625803 -1.01037
-0.619513 -1.02165
-0.613224 -1.03256
-0.606934 -1.04311
-0.600645 -1.05328
-0.594355 -1.06308
-0.588066 -1.07251
-0.581776 -1.08156
-0.575487 -1.09023
-0.569197 -1.09852
-0.562908 -1.10644
-0.556619 -1.11397
-0.550329 -1.12111
-0.54404 -1.12787
-0.53775 -1.13425
-0.531461 -1.14024
-0.525171 -1.14585
-0.518882 -1.15107
-0.512592 -1.1559
-0.506303 -1.16035
-0.500013 -1.16441
-0.493724 -1.16808
-0.487434 -1.17136
-0.481145 -1.17426
-0.474855 -1.17677
-0.468566 -1.1789
-0.462276 -1.18063
-0.455987 -1.18199
-0.449697 -1.18296
-0.443408 -1.18354
-0.437118 -1.18375
-0.430829 -1.18357
-0.42454 -1.18301
-0.41825 -1.18208
-0.411961 -1.18076
-0.405671 -1.17907
-0.399382 -1.17701
-0.393092 -1.17457
-0.386803 -1.17177
-0.380513 -1.16859
-0.374224 -1.16505
-0.367934 -1.16115
-0.361645 -1.15688
-0.355355 -1.15225
-0.349066 -1.14727
-0.342776 -1.14193
-0.336487 -1.13624
-0.330197 -1.1302
-0.323908 -1.12381
-0.317618 -1.11708
-0.311329 -1.11001
-0.30504 -1.1026
-0.29875 -1.09486
-0.292461 -1.08679
-0.286171 -1.07839
-0.279882 -1.06966
-0.273592 -1.06062
-0.267303 -1.05126
-0.261013 -1.04158
-0.254724 -1.0316
-0.248434 -1.02131
-0.242145 -1.01072
-0.235855 -0.999832
-0.229566 -0.988651
-0.223276 -0.977181
-0.216987 -0.965427
-0.210697 -0.953392
-0.204408 -0.941082
-0.198118 -0.9285
-0.191829 -0.915651
-0.18554 -0.902541
-0.17925 -0.889172
-0.172961 -0.875551
-0.166671 -0.861682
-0.160382 -0.847571
-0.154092 -0.833221
-0.147803 -0.818638
-0.141513 -0.803827
-0.135224 -0.788793
-0.128934 -0.773542
-0.122645 -0.758079
-0.116355 -0.742408
-0.110066 -0.726535
-0.103776 -0.710466
-0.0974869 -0.694206
-0.0911974 -0.677761
-0.0849079 -0.661136
-0.0786184 -0.644336
-0.072329 -0.627367
-0.0660395 -0.610236
-0.05975 -0.592946
-0.0534605 -0.575505
-0.0471711 -0.557918
-0.0408816 -0.540191
-0.0345921 -0.52233
-0.0283026 -0.504339
-0.0220132 -0.486227
-0.0157237 -0.467997
-0.00943421 -0.449656
-0.00314474 -0.431211
0.00314474 -0.412666
0.00943421 -0.394029
0.0157237 -0.375304
0.0220132 -0.356499
0.0283026 -0.337619
0.0345921 -0.318669
0.0408816 -0.299657
0.0471711 -0.280588
0.0534605 -0.261469
0.05975 -0.242305
0.0660395 -0.223102
0.072329 -0.203867
0.0786184 -0.184605
0.0849079 -0.165324
0.0911974 -0.146028
0.0974869 -0.126724
0.103776 -0.107418
0.110066 -0.0881161
0.116355 -0.0688243
0.122645 -0.0495487
0.128934 -0.0302953
0.135224 -0.0110702
0.141513 0.00812074
0.147803 0.0272714
0.154092 0.0463759
0.160382 0.0654281
0.166671 0.0844223
0.172961 0.103353
0.17925 0.122213
0.18554 0.140997
0.191829 0.1597
0.198118 0.178316
0.204408 0.196838
0.210697 0.215262
0.216987 0.233581
0.223276 0.25179
0.229566 0.269883
0.235855 0.287854
0.242145 0.305699
0.248434 0.323411
0.254724 0.340985
0.261013 0.358416
0.267303 0.375698
0.273592 0.392826
0.279882 0.409795
0.286171 0.426599
0.292461 0.443234
0.29875 0.459693
0.30504 0.475973
0.311329 0.492068
0.317618 0.507974
0.323908 0.523684
0.330197 0.539196
0.336487 0.554503
0.342776 0.569601
0.349066 0.584485
0.355355 0.599152
0.361645 0.613596
0.367934 0.627813
0.374224 0.641798
0.380513 0.655548
0.386803 0.669058
0.393092 0.682324
0.399382 0.695343
0.405671 0.708109
0.411961 0.720619
0.41825 0.732869
0.42454 0.744856
0.430829 0.756576
0.437118 0.768025
0.443408 0.7792
0.449697 0.790097
0.455987 0.800714
0.462276 0.811046
0.468566 0.82109
0.474855 0.830845
0.481145 0.840305
0.487434 0.84947
0.493724 0.858335
0.500013 0.866899
0.506303 0.875158
0.512592 0.88311
0.518882 0.890753
0.525171 0.898084
0.531461 0.905101
0.53775 0.911802
0.54404 0.918185
0.550329 0.924248
0.556619 0.929989
0.562908 0.935406
0.569197 0.940498
0.575487 0.945263
0.581776 0.949699
0.588066 0.953806
0.594355 0.957582
0.600645 0.961026
0.606934 0.964137
0.613224 0.966914
0.619513 0.969356
0.625803 0.971462
0.632092 0.973232
0.638382 0.974666
0.644671 0.975762
0.650961 0.976521
0.65725 0.976942
0.66354 0.977025
0.669829 0.976771
0.676119 0.976179
0.682408 0.97525
0.688697 0.973983
0.694987 0.97238
0.701276 0.970441
0.707566 0.968167
0.713855 0.965558
0.720145 0.962615
0.726434 0.959339
0.732724 0.955731
0.739013 0.951793
0.745303 0.947526
0.751592 0.942931
0.757882 0.938009
0.764171 0.932763
0.770461 0.927194
0.77675 0.921303
0.78304 0.915094
0.789329 0.908567
0.795619 0.901725
0.801908 0.89457
0.808198 0.887105
0.814487 0.879331
0.820776 0.871252
0.827066 0.862871
0.833355 0.854189
0.839645 0.84521
0.845934 0.835937
0.852224 0.826372
0.858513 0.81652
0.864803 0.806383
0.871092 0.795964
0.877382 0.785268
0.883671 0.774297
0.889961 0.763055
0.89625 0.751547
0.90254 0.739775
0.908829 0.727744
0.915119 0.715457
0.921408 0.70292
0.927698 0.690136
0.933987 0.677109
0.940276 0.663844
0.946566 0.650345
0.952855 0.636617
0.959145 0.622665
0.965434 0.608493
0.971724 0.594105
0.978013 0.579508
0.984303 0.564706
0.990592 0.549703
0.996882 0.534505
1.00317 0.519118
1.00946 0.503546
1.01575 0.487796
1.02204 0.471871
1.02833 0.455779
1.03462 0.439523
1.04091 0.423111
1.0472 0.406548
1.05349 0.389839
1.05978 0.37299
1.06607 0.356008
1.07236 0.338897
1.07864 0.321665
1.08493 0.304318
1.09122 0.28686
1.09751 0.2693
1.1038 0.251642
1.11009 0.233893
1.11638 0.21606
1.12267 0.198148
1.12896 0.180165
1.13525 0.162117
1.14154 0.144009
1.14783 0.12585
1.15412 0.107645
1.16041 0.0894005
1.1667 0.071124
1.17299 0.0528218
1.17928 0.0345007
1.18557 0.0161673
1.19186 -0.00217153
1.19814 -0.020509
1.20443 -0.0388384
1.21072 -0.0571527
1.21701 -0.0754452
1.2233 -0.0937091
1.22959 -0.111937
1.23588 -0.130123
1.24217 -0.14826
1.24846 -0.16634
1.25475 -0.184357
1.26104 -0.202304
1.26733 -0.220174
1.27362 -0.23796
1.27991 -0.255656
1.2862 -0.273253
1.29249 -0.290747
1.29878 -0.308128
1.30507 -0.325392
1.31136 -0.342531
1.31764 -0.359537
1.32393 -0.376405
1.33022 -0.393128
1.33651 -0.409698
1.3428 -0.42611
1.34909 -0.442356
1.35538 -0.45843
1.36167 -0.474325
1.36796 -0.490034
1.37425 -0.505552
1.38054 -0.520871
1.38683 -0.535986
1.39312 -0.550889
1.39941 -0.565575
1.4057 -0.580037
1.41199 -0.594269
1.41828 -0.608264
1.42457 -0.622018
1.43086 -0.635523
1.43714 -0.648773
1.44343 -0.661764
1.44972 -0.674488
1.45601 -0.686941
1.4623 -0.699116
1.46859 -0.711008
1.47488 -0.722612
1.48117 -0.733921
1.48746 -0.744932
1.49375 -0.755637
1.50004 -0.766033
1.50633 -0.776114
1.51262 -0.785875
1.51891 -0.795312
1.5252 -0.804419
1.53149 -0.813192
1.53778 -0.821627
1.54407 -0.829718
1.55036 -0.837462
1.55665 -0.844854
1.56293 -0.851891
1.56922 -0.858568
1.57551 -0.864881
1.5818 -0.870827
1.58809 -0.876402
1.59438 -0.881602
1.60067 -0.886425
1.60696 -0.890867
1.61325 -0.894925
1.61954 -0.898596
1.62583 -0.901877
1.63212 -0.904766
1.63841 -0.907259
1.6447 -0.909356
1.65099 -0.911053
1.65728 -0.912348
1.66357 -0.913239
1.66986 -0.913726
1.67615 -0.913805
1.68243 -0.913477
1.68872 -0.912738
1.69501 -0.911589
1.7013 -0.910028
1.70759 -0.908055
1.71388 -0.905669
1.72017 -0.902869
1.72646 -0.899656
1.73275 -0.896028
1.73904 -0.891987
1.74533 -0.887532
1.75162 -0.882664
1.75791 -0.877383
1.7642 -0.871691
1.77049 -0.865588
1.77678 -0.859075
1.78307 -0.852154
1.78936 -0.844827
1.79565 -0.837094
1.80193 -0.828958
1.80822 -0.820422
1.81451 -0.811486
1.8208 -0.802155
1.82709 -0.79243
1.83338 -0.782314
1.83967 -0.771811
1.84596 -0.760923
1.85225 -0.749654
1.85854 -0.738009
1.86483 -0.72599
1.87112 -0.713601
1.87741 -0.700848
1.8837 -0.687734
1.88999 -0.674265
1.89628 -0.660444
1.90257 -0.646277
1.90886 -0.63177
1.91515 -0.616927
1.92143 -0.601754
1.92772 -0.586258
1.93401 -0.570444
1.9403 -0.554319
1.94659 -0.537888
1.95288 -0.52116
1.95917 -0.50414
1.96546 -0.486835
1.97175 -0.469253
1.97804 -0.451401
1.98433 -0.433287
1.99062 -0.414919
1.99691 -0.396305
2.0032 -0.377452
2.00949 -0.35837
2.01578 -0.339066
2.02207 -0.319551
2.02836 -0.299831
2.03465 -0.279918
2.04093 -0.25982
2.04722 -0.239546
2.05351 -0.219106
2.0598 -0.19851
2.06609 -0.177769
2.07238 -0.156892
2.07867 -0.135889
2.08496 -0.114772
2.09125 -0.0935505
2.09754 -0.0722356
2.10383 -0.0508385
2.11012 -0.0293701
2.11641 -0.00784195
2.1227 0.0137347
2.12899 0.0353482
2.13528 0.0569868
2.14157 0.0786387
2.14786 0.100292
2.15415 0.121934
2.16043 0.143554
2.16672 0.165138
2.17301 0.186674
2.1793 0.208149
2.18559 0.229552
2.19188 0.250869
2.19817 0.272087
2.20446 0.293193
2.21075 0.314175
2.21704 0.335019
2.22333 0.355712
2.22962 0.376241
2.23591 0.396592
2.2422 0.416753
2.24849 0.43671
2.25478 0.456448
2.26107 0.475956
2.26736 0.49522
2.27365 0.514225
2.27993 0.532959
2.28622 0.551409
2.29251 0.569559
2.2988 0.587398
2.30509 0.604911
2.31138 0.622086
2.31767 0.638909
2.32396 0.655366
2.33025 0.671444
2.33654 0.687131
2.34283 0.702413
2.34912 0.717276
2.35541 0.731709
2.3617 0.745698
2.36799 0.759231
2.37428 0.772294
2.38057 0.784877
2.38686 0.796965
2.39315 0.808548
2.39943 0.819613
2.40572 0.830149
2.41201 0.840143
2.4183 0.849585
2.42459 0.858464
2.43088 0.866769
2.43717 0.874488
2.44346 0.881612
2.44975 0.888131
2.45604 0.894034
2.46233 0.899312
2.46862 0.903957
2.47491 0.907959
2.4812 0.911309
2.48749 0.914
2.49378 0.916024
2.50007 0.917373
2.50636 0.918041
2.51265 0.918021
2.51893 0.917306
2.52522 0.915891
2.53151 0.913772
2.5378 0.910943
2.54409 0.9074
2.55038 0.903139
2.55667 0.898158
2.56296 0.892453
2.56925 0.886024
2.57554 0.878868
2.58183 0.870985
2.58812 0.862375
2.59441 0.853039
2.6007 0.842977
2.60699 0.832191
2.61328 0.820685
2.61957 0.808462
2.62586 0.795526
2.63215 0.781882
2.63843 0.767535
2.64472 0.752494
2.65101 0.736764
2.6573 0.720354
2.66359 0.703274
2.66988 0.685534
2.67617 0.667145
2.68246 0.648119
2.68875 0.62847
2.69504 0.608211
2.70133 0.587357
2.70762 0.565926
2.71391 0.543935
2.7202 0.521402
2.72649 0.498346
2.73278 0.47479
2.73907 0.450754
2.74536 0.426263
2.75165 0.40134
2.75793 0.376013
2.76422 0.350308
2.77051 0.324255
2.7768 0.297882
2.78309 0.271222
2.78938 0.244307
2.79567 0.217173
2.80196 0.189855
2.80825 0.16239
2.81454 0.134818
2.82083 0.10718
2.82712 0.079518
2.83341 0.051876
2.8397 0.0243001
2.84599 -0.00316213
2.85228 -0.0304613
2.85857 -0.057546
2.86486 -0.0843633
2.87115 -0.110858
2.87743 -0.136973
2.88372 -0.162649
2.89001 -0.187826
2.8963 -0.21244
2.90259 -0.236426
2.90888 -0.259717
2.91517 -0.282243
2.92146 -0.303932
2.92775 -0.324711
2.93404 -0.344503
2.94033 -0.363229
2.94662 -0.380808
2.95291 -0.397156
2.9592 -0.412189
2.96549 -0.425816
2.97178 -0.437947
2.97807 -0.448487
2.98436 -0.457342
2.99065 -0.46441
2.99693 -0.469591
3.00322 -0.47278
3.00951 -0.473868
3.0158 -0.472746
3.02209 -0.4693
3.02838 -0.463413
3.03467 -0.454966
3.04096 -0.443835
3.04725 -0.429896
3.05354 -0.413019
3.05983 -0.393072
3.06612 -0.369918
3.07241 -0.34342
3.0787 -0.313433
3.08499 -0.279813
3.09128 -0.242409
3.09757 -0.201069
3.10386 -0.155636
3.11015 -0.105948
3.11643 -0.0518423
3.12272 0.00685036
3.12901 0.0703018
3.1353 0.138688
3.14159 0.21219
