-3.14159 1.4788
-2.91719 -0.350822
-2.69279 -1.77553
-2.46839 -2.19396
-2.24399 -1.54763
-2.0196 -0.275538
-1.7952 0.953937
-1.5708 1.581
-1.3464 1.39744
-1.122 0.595595
-0.897598 -0.373437
-0.673198 -1.04172
-0.448799 -1.14192
-0.224399 -0.703581
0 0
0.224399 0.609919
0.448799 0.858125
0.673198 0.678614
0.897598 0.210887
1.122 -0.291569
1.3464 -0.593036
1.5708 -0.581617
1.7952 -0.304217
2.0196 0.0761733
2.24399 0.370891
2.46839 0.455792
2.69279 0.319759
2.91719 0.0547696
3.14159 -0.200134
-3.14159 1.4788
-2.91719 -0.350822
-2.69279 -1.77553
-2.46839 -2.19396
-2.24399 -1.54763
-2.0196 -0.275538
-1.7952 0.953937
-1.5708 1.581
-1.3464 1.39744
-1.122 0.595595
-0.897598 -0.373437
-0.673198 -1.04172
-0.448799 -1.14192
-0.224399 -0.703581
0 0
0.224399 0.609919
0.448799 0.858125
0.673198 0.678614
0.897598 0.210887
1.122 -0.291569
1.3464 -0.593036
1.5708 -0.581617
1.7952 -0.304217
2.0196 0.0761733
2.24399 0.370891
2.46839 0.455792
2.69279 0.319759
2.91719 0.0547696
3.14159 -0.200134
