-3.14159 1.46915
-3.1353 1.42436
-3.12901 1.37859
-3.12272 1.33193
-3.11643 1.28443
-3.11015 1.23616
-3.10386 1.18719
-3.09757 1.13759
-3.09128 1.0874
-3.08499 1.03669
-3.0787 0.985517
-3.07241 0.933925
-3.06612 0.881967
-3.05983 0.82969
-3.05354 0.777142
-3.04725 0.724364
-3.04096 0.6714
-3.03467 0.618291
-3.02838 0.565074
-3.02209 0.511787
-3.0158 0.458466
-3.00951 0.405145
-3.00322 0.351857
-2.99693 0.298634
-2.99065 0.245507
-2.98436 0.192504
-2.97807 0.139654
-2.97178 0.0869847
-2.96549 0.0345215
-2.9592 -0.0177099
-2.95291 -0.0696853
-2.94662 -0.121381
-2.94033 -0.172775
-2.93404 -0.223844
-2.92775 -0.274568
-2.92146 -0.324926
-2.91517 -0.374899
-2.90888 -0.424466
-2.90259 -0.473611
-2.8963 -0.522313
-2.89001 -0.570558
-2.88372 -0.618326
-2.87743 -0.665602
-2.87115 -0.71237
-2.86486 -0.758615
-2.85857 -0.804322
-2.85228 -0.849475
-2.84599 -0.894062
-2.8397 -0.938067
-2.83341 -0.981479
-2.82712 -1.02428
-2.82083 -1.06647
-2.81454 -1.10802
-2.80825 -1.14893
-2.80196 -1.18918
-2.79567 -1.22877
-2.78938 -1.26767
-2.78309 -1.30589
-2.7768 -1.34341
-2.77051 -1.38022
-2.76422 -1.41632
-2.75793 -1.45168
-2.75165 -1.48631
-2.74536 -1.52019
-2.73907 -1.55331
-2.73278 -1.58567
-2.72649 -1.61727
-2.7202 -1.64808
-2.71391 -1.6781
-2.70762 -1.70733
-2.70133 -1.73576
-2.69504 -1.76338
-2.68875 -1.79019
-2.68246 -1.81618
-2.67617 -1.84134
-2.66988 -1.86567
-2.66359 -1.88916
-2.6573 -1.91181
-2.65101 -1.93361
-2.64472 -1.95456
-2.63843 -1.97466
-2.63215 -1.99389
-2.62586 -2.01226
-2.61957 -2.02977
-2.61328 -2.0464
-2.60699 -2.06217
-2.6007 -2.07705
-2.59441 -2.09106
-2.58812 -2.10419
-2.58183 -2.11644
-2.57554 -2.12781
-2.56925 -2.13829
-2.56296 -2.14789
-2.55667 -2.1566
-2.55038 -2.16443
-2.54409 -2.17138
-2.5378 -2.17744
-2.53151 -2.18262
-2.52522 -2.18692
-2.51893 -2.19033
-2.51265 -2.19287
-2.50636 -2.19453
-2.50007 -2.19531
-2.49378 -2.19523
-2.48749 -2.19427
-2.4812 -2.19245
-2.47491 -2.18977
-2.46862 -2.18623
-2.46233 -2.18183
-2.45604 -2.17659
-2.44975 -2.1705
-2.44346 -2.16357
-2.43717 -2.15581
-2.43088 -2.14722
-2.42459 -2.1378
-2.4183 -2.12757
-2.41201 -2.11654
-2.40572 -2.1047
-2.39943 -2.09206
-2.39315 -2.07864
-2.38686 -2.06444
-2.38057 -2.04946
-2.37428 -2.03373
-2.36799 -2.01723
-2.3617 -2
-2.35541 -1.98202
-2.34912 -1.96332
-2.34283 -1.94391
-2.33654 -1.92378
-2.33025 -1.90296
-2.32396 -1.88145
-2.31767 -1.85927
-2.31138 -1.83642
-2.30509 -1.81292
-2.2988 -1.78878
-2.29251 -1.76401
-2.28622 -1.73862
-2.27993 -1.71262
-2.27365 -1.68603
-2.26736 -1.65886
-2.26107 -1.63113
-2.25478 -1.60283
-2.24849 -1.574
-2.2422 -1.54464
-2.23591 -1.51476
-2.22962 -1.48438
-2.22333 -1.45352
-2.21704 -1.42218
-2.21075 -1.39038
-2.20446 -1.35814
-2.19817 -1.32547
-2.19188 -1.29238
-2.18559 -1.25889
-2.1793 -1.22502
-2.17301 -1.19078
-2.16672 -1.15618
-2.16043 -1.12125
-2.15415 -1.08598
-2.14786 -1.05041
-2.14157 -1.01455
-2.13528 -0.978407
-2.12899 -0.942003
-2.1227 -0.905352
-2.11641 -0.86847
-2.11012 -0.831374
-2.10383 -0.794079
-2.09754 -0.756601
-2.09125 -0.718955
-2.08496 -0.681159
-2.07867 -0.643228
-2.07238 -0.605177
-2.06609 -0.567024
-2.0598 -0.528783
-2.05351 -0.490472
-2.04722 -0.452105
-2.04093 -0.413699
-2.03465 -0.37527
-2.02836 -0.336833
-2.02207 -0.298404
-2.01578 -0.26
-2.00949 -0.221635
-2.0032 -0.183326
-1.99691 -0.145087
-1.99062 -0.106935
-1.98433 -0.0688844
-1.97804 -0.0309508
-1.97175 0.0068507
-1.96546 0.044505
-1.95917 0.0819972
-1.95288 0.119312
-1.94659 0.156436
-1.9403 0.193354
-1.93401 0.23005
-1.92772 0.266512
-1.92143 0.302725
-1.91515 0.338675
-1.90886 0.374348
-1.90257 0.409731
-1.89628 0.44481
-1.88999 0.479572
-1.8837 0.514003
-1.87741 0.548091
-1.87112 0.581823
-1.86483 0.615186
-1.85854 0.648169
-1.85225 0.680758
-1.84596 0.712943
-1.83967 0.744711
-1.83338 0.77605
-1.82709 0.806951
-1.8208 0.837401
-1.81451 0.86739
-1.80822 0.896907
-1.80193 0.925942
-1.79565 0.954485
-1.78936 0.982526
-1.78307 1.01005
-1.77678 1.03706
-1.77049 1.06354
-1.7642 1.08948
-1.75791 1.11487
-1.75162 1.13971
-1.74533 1.16398
-1.73904 1.18768
-1.73275 1.2108
-1.72646 1.23334
-1.72017 1.25528
-1.71388 1.27662
-1.70759 1.29736
-1.7013 1.31748
-1.69501 1.33699
-1.68872 1.35587
-1.68243 1.37412
-1.67615 1.39174
-1.66986 1.40872
-1.66357 1.42506
-1.65728 1.44075
-1.65099 1.45579
-1.6447 1.47017
-1.63841 1.4839
-1.63212 1.49696
-1.62583 1.50936
-1.61954 1.5211
-1.61325 1.53217
-1.60696 1.54256
-1.60067 1.55229
-1.59438 1.56134
-1.58809 1.56972
-1.5818 1.57743
-1.57551 1.58446
-1.56922 1.59081
-1.56293 1.59649
-1.55665 1.6015
-1.55036 1.60583
-1.54407 1.60949
-1.53778 1.61248
-1.53149 1.6148
-1.5252 1.61645
-1.51891 1.61744
-1.51262 1.61776
-1.50633 1.61742
-1.50004 1.61642
-1.49375 1.61477
-1.48746 1.61247
-1.48117 1.60952
-1.47488 1.60592
-1.46859 1.60169
-1.4623 1.59682
-1.45601 1.59131
-1.44972 1.58519
-1.44343 1.57844
-1.43714 1.57108
-1.43086 1.56311
-1.42457 1.55453
-1.41828 1.54536
-1.41199 1.53559
-1.4057 1.52524
-1.39941 1.51431
-1.39312 1.50281
-1.38683 1.49074
-1.38054 1.47812
-1.37425 1.46495
-1.36796 1.45124
-1.36167 1.43699
-1.35538 1.42221
-1.34909 1.40692
-1.3428 1.39112
-1.33651 1.37482
-1.33022 1.35803
-1.32393 1.34075
-1.31764 1.323
-1.31136 1.30479
-1.30507 1.28612
-1.29878 1.267
-1.29249 1.24745
-1.2862 1.22747
-1.27991 1.20708
-1.27362 1.18628
-1.26733 1.16508
-1.26104 1.1435
-1.25475 1.12154
-1.24846 1.09922
-1.24217 1.07655
-1.23588 1.05353
-1.22959 1.03018
-1.2233 1.00651
-1.21701 0.982524
-1.21072 0.958242
-1.20443 0.933672
-1.19814 0.908824
-1.19186 0.883711
-1.18557 0.858343
-1.17928 0.832733
-1.17299 0.80689
-1.1667 0.780828
-1.16041 0.754557
-1.15412 0.72809
-1.14783 0.701436
-1.14154 0.67461
-1.13525 0.647621
-1.12896 0.620481
-1.12267 0.593203
-1.11638 0.565797
-1.11009 0.538277
-1.1038 0.510652
-1.09751 0.482935
-1.09122 0.455138
-1.08493 0.427271
-1.07864 0.399348
-1.07236 0.371378
-1.06607 0.343375
-1.05978 0.315348
-1.05349 0.287311
-1.0472 0.259273
-1.04091 0.231248
-1.03462 0.203244
-1.02833 0.175275
-1.02204 0.147352
-1.01575 0.119484
-1.00946 0.0916843
-1.00317 0.0639627
-0.996882 0.0363304
-0.990592 0.00879804
-0.984303 -0.0186235
-0.978013 -0.0459236
-0.971724 -0.0730919
-0.965434 -0.100118
-0.959145 -0.126991
-0.952855 -0.153701
-0.946566 -0.180239
-0.940276 -0.206593
-0.933987 -0.232755
-0.927698 -0.258713
-0.921408 -0.28446
-0.915119 -0.309985
-0.908829 -0.335279
-0.90254 -0.360332
-0.89625 -0.385136
-0.889961 -0.409682
-0.883671 -0.433961
-0.877382 -0.457963
-0.871092 -0.481682
-0.864803 -0.505107
-0.858513 -0.528232
-0.852224 -0.551047
-0.845934 -0.573546
-0.839645 -0.59572
-0.833355 -0.617562
-0.827066 -0.639064
-0.820776 -0.660219
-0.814487 -0.681021
-0.808198 -0.701461
-0.801908 -0.721534
-0.795619 -0.741233
-0.789329 -0.760552
-0.78304 -0.779484
-0.77675 -0.798024
-0.770461 -0.816165
-0.764171 -0.833902
-0.757882 -0.85123
-0.751592 -0.868143
-0.745303 -0.884637
-0.739013 -0.900705
-0.732724 -0.916345
-0.726434 -0.93155
-0.720145 -0.946318
-0.713855 -0.960643
-0.707566 -0.974522
-0.701276 -0.987952
-0.694987 -1.00093
-0.688697 -1.01345
-0.682408 -1.02551
-0.676119 -1.0371
-0.669829 -1.04824
-0.66354 -1.0589
-0.65725 -1.06909
-0.650961 -1.07881
-0.644671 -1.08806
-0.638382 -1.09683
-0.632092 -1.10512
-0.625803 -1.11294
-0.619513 -1.12027
-0.613224 -1.12713
-0.606934 -1.1335
-0.600645 -1.13939
-0.594355 -1.14479
-0.588066 -1.14972
-0.581776 -1.15416
-0.575487 -1.15812
-0.569197 -1.16159
-0.562908 -1.16459
-0.556619 -1.1671
-0.550329 -1.16913
-0.54404 -1.17069
-0.53775 -1.17177
-0.531461 -1.17237
-0.525171 -1.1725
-0.518882 -1.17216
-0.512592 -1.17134
-0.506303 -1.17006
-0.500013 -1.16831
-0.493724 -1.16611
-0.487434 -1.16344
-0.481145 -1.16031
-0.474855 -1.15673
-0.468566 -1.1527
-0.462276 -1.14823
-0.455987 -1.14331
-0.449697 -1.13795
-0.443408 -1.13215
-0.437118 -1.12592
-0.430829 -1.11927
-0.42454 -1.11219
-0.41825 -1.1047
-0.411961 -1.09679
-0.405671 -1.08847
-0.399382 -1.07975
-0.393092 -1.07064
-0.386803 -1.06112
-0.380513 -1.05122
-0.374224 -1.04094
-0.367934 -1.03028
-0.361645 -1.01925
-0.355355 -1.00786
-0.349066 -0.996107
-0.342776 -0.984001
-0.336487 -0.97155
-0.330197 -0.958758
-0.323908 -0.945633
-0.317618 -0.932181
-0.311329 -0.91841
-0.30504 -0.904324
-0.29875 -0.889933
-0.292461 -0.875242
-0.286171 -0.860259
-0.279882 -0.844991
-0.273592 -0.829445
-0.267303 -0.813629
-0.261013 -0.797549
-0.254724 -0.781214
-0.248434 -0.764631
-0.242145 -0.747808
-0.235855 -0.730752
-0.229566 -0.713471
-0.223276 -0.695973
-0.216987 -0.678266
-0.210697 -0.660358
-0.204408 -0.642256
-0.198118 -0.62397
-0.191829 -0.605506
-0.18554 -0.586873
-0.17925 -0.568079
-0.172961 -0.549132
-0.166671 -0.530041
-0.160382 -0.510813
-0.154092 -0.491457
-0.147803 -0.471981
-0.141513 -0.452394
-0.135224 -0.432704
-0.128934 -0.412918
-0.122645 -0.393046
-0.116355 -0.373095
-0.110066 -0.353074
-0.103776 -0.332991
-0.0974869 -0.312855
-0.0911974 -0.292673
-0.0849079 -0.272455
-0.0786184 -0.252207
-0.072329 -0.231939
-0.0660395 -0.211659
-0.05975 -0.191374
-0.0534605 -0.171094
-0.0471711 -0.150825
-0.0408816 -0.130576
-0.0345921 -0.110356
-0.0283026 -0.0901716
-0.0220132 -0.0700312
-0.0157237 -0.0499428
-0.00943421 -0.0299141
-0.00314474 -0.00995286
0.00314474 0.00993309
0.00943421 0.0297361
0.0157237 0.0494487
0.0220132 0.0690632
0.0283026 0.0885722
0.0345921 0.107968
0.0408816 0.127244
0.0471711 0.146393
0.0534605 0.165406
0.05975 0.184278
0.0660395 0.203002
0.072329 0.22157
0.0786184 0.239975
0.0849079 0.258211
0.0911974 0.276271
0.0974869 0.294149
0.103776 0.311839
0.110066 0.329333
0.116355 0.346625
0.122645 0.36371
0.128934 0.380582
0.135224 0.397234
0.141513 0.413661
0.147803 0.429856
0.154092 0.445816
0.160382 0.461533
0.166671 0.477002
0.172961 0.492219
0.17925 0.507179
0.18554 0.521875
0.191829 0.536304
0.198118 0.550461
0.204408 0.564341
0.210697 0.577939
0.216987 0.591251
0.223276 0.604273
0.229566 0.617002
0.235855 0.629432
0.242145 0.64156
0.248434 0.653383
0.254724 0.664896
0.261013 0.676097
0.267303 0.686982
0.273592 0.697548
0.279882 0.707792
0.286171 0.717711
0.292461 0.727302
0.29875 0.736564
0.30504 0.745492
0.311329 0.754086
0.317618 0.762343
0.323908 0.77026
0.330197 0.777837
0.336487 0.785071
0.342776 0.791961
0.349066 0.798505
0.355355 0.804702
0.361645 0.810551
0.367934 0.816051
0.374224 0.821201
0.380513 0.826
0.386803 0.830447
0.393092 0.834543
0.399382 0.838287
0.405671 0.841679
0.411961 0.844719
0.41825 0.847406
0.42454 0.849742
0.430829 0.851727
0.437118 0.85336
0.443408 0.854644
0.449697 0.855578
0.455987 0.856164
0.462276 0.856403
0.468566 0.856295
0.474855 0.855843
0.481145 0.855048
0.487434 0.853912
0.493724 0.852436
0.500013 0.850622
0.506303 0.848472
0.512592 0.845989
0.518882 0.843174
0.525171 0.84003
0.531461 0.83656
0.53775 0.832766
0.54404 0.828651
0.550329 0.824218
0.556619 0.81947
0.562908 0.81441
0.569197 0.809041
0.575487 0.803367
0.581776 0.797391
0.588066 0.791116
0.594355 0.784547
0.600645 0.777687
0.606934 0.77054
0.613224 0.763109
0.619513 0.7554
0.625803 0.747416
0.632092 0.739161
0.638382 0.73064
0.644671 0.721858
0.650961 0.712818
0.65725 0.703526
0.66354 0.693986
0.669829 0.684203
0.676119 0.674181
0.682408 0.663927
0.688697 0.653444
0.694987 0.642738
0.701276 0.631815
0.707566 0.620679
0.713855 0.609335
0.720145 0.59779
0.726434 0.586048
0.732724 0.574115
0.739013 0.561997
0.745303 0.549698
0.751592 0.537226
0.757882 0.524585
0.764171 0.511782
0.770461 0.498821
0.77675 0.48571
0.78304 0.472453
0.789329 0.459057
0.795619 0.445528
0.801908 0.431871
0.808198 0.418093
0.814487 0.4042
0.820776 0.390198
0.827066 0.376092
0.833355 0.36189
0.839645 0.347596
0.845934 0.333218
0.852224 0.318762
0.858513 0.304232
0.864803 0.289637
0.871092 0.274981
0.877382 0.260272
0.883671 0.245515
0.889961 0.230716
0.89625 0.215881
0.90254 0.201018
0.908829 0.186131
0.915119 0.171227
0.921408 0.156312
0.927698 0.141393
0.933987 0.126474
0.940276 0.111563
0.946566 0.0966654
0.952855 0.0817869
0.959145 0.0669336
0.965434 0.0521115
0.971724 0.0373265
0.978013 0.0225843
0.984303 0.00789098
0.990592 -0.00674787
0.996882 -0.0213265
1.00317 -0.0358391
1.00946 -0.0502802
1.01575 -0.0646441
1.02204 -0.0789253
1.02833 -0.0931184
1.03462 -0.107218
1.04091 -0.121218
1.0472 -0.135115
1.05349 -0.148901
1.05978 -0.162573
1.06607 -0.176126
1.07236 -0.189553
1.07864 -0.202851
1.08493 -0.216014
1.09122 -0.229037
1.09751 -0.241916
1.1038 -0.254646
1.11009 -0.267223
1.11638 -0.279642
1.12267 -0.291898
1.12896 -0.303987
1.13525 -0.315905
1.14154 -0.327648
1.14783 -0.339212
1.15412 -0.350592
1.16041 -0.361785
1.1667 -0.372787
1.17299 -0.383594
1.17928 -0.394203
1.18557 -0.404609
1.19186 -0.414811
1.19814 -0.424803
1.20443 -0.434584
1.21072 -0.444149
1.21701 -0.453496
1.2233 -0.462622
1.22959 -0.471524
1.23588 -0.4802
1.24217 -0.488646
1.24846 -0.49686
1.25475 -0.50484
1.26104 -0.512583
1.26733 -0.520088
1.27362 -0.527352
1.27991 -0.534372
1.2862 -0.541148
1.29249 -0.547678
1.29878 -0.553959
1.30507 -0.55999
1.31136 -0.56577
1.31764 -0.571297
1.32393 -0.576571
1.33022 -0.581589
1.33651 -0.586352
1.3428 -0.590858
1.34909 -0.595105
1.35538 -0.599095
1.36167 -0.602825
1.36796 -0.606296
1.37425 -0.609507
1.38054 -0.612458
1.38683 -0.615149
1.39312 -0.61758
1.39941 -0.61975
1.4057 -0.62166
1.41199 -0.623311
1.41828 -0.624702
1.42457 -0.625834
1.43086 -0.626707
1.43714 -0.627324
1.44343 -0.627683
1.44972 -0.627786
1.45601 -0.627635
1.4623 -0.627229
1.46859 -0.626571
1.47488 -0.625662
1.48117 -0.624503
1.48746 -0.623095
1.49375 -0.621441
1.50004 -0.619541
1.50633 -0.617398
1.51262 -0.615013
1.51891 -0.612389
1.5252 -0.609528
1.53149 -0.606431
1.53778 -0.603101
1.54407 -0.59954
1.55036 -0.595751
1.55665 -0.591736
1.56293 -0.587497
1.56922 -0.583038
1.57551 -0.578361
1.5818 -0.573469
1.58809 -0.568364
1.59438 -0.56305
1.60067 -0.55753
1.60696 -0.551806
1.61325 -0.545883
1.61954 -0.539762
1.62583 -0.533449
1.63212 -0.526945
1.63841 -0.520254
1.6447 -0.51338
1.65099 -0.506327
1.65728 -0.499097
1.66357 -0.491695
1.66986 -0.484124
1.67615 -0.476389
1.68243 -0.468492
1.68872 -0.460439
1.69501 -0.452232
1.7013 -0.443875
1.70759 -0.435374
1.71388 -0.426731
1.72017 -0.417951
1.72646 -0.409038
1.73275 -0.399996
1.73904 -0.39083
1.74533 -0.381543
1.75162 -0.37214
1.75791 -0.362625
1.7642 -0.353002
1.77049 -0.343277
1.77678 -0.333452
1.78307 -0.323533
1.78936 -0.313524
1.79565 -0.303429
1.80193 -0.293253
1.80822 -0.283
1.81451 -0.272675
1.8208 -0.262282
1.82709 -0.251825
1.83338 -0.24131
1.83967 -0.23074
1.84596 -0.220121
1.85225 -0.209455
1.85854 -0.198749
1.86483 -0.188007
1.87112 -0.177232
1.87741 -0.16643
1.8837 -0.155604
1.88999 -0.14476
1.89628 -0.133902
1.90257 -0.123034
1.90886 -0.11216
1.91515 -0.101286
1.92143 -0.0904143
1.92772 -0.0795507
1.93401 -0.0686991
1.9403 -0.0578637
1.94659 -0.0470489
1.95288 -0.0362589
1.95917 -0.0254979
1.96546 -0.0147701
1.97175 -0.00407958
1.97804 0.00656947
1.98433 0.017173
1.99062 0.0277269
1.99691 0.0382273
2.0032 0.0486701
2.00949 0.0590515
2.01578 0.0693675
2.02207 0.0796143
2.02836 0.0897881
2.03465 0.0998851
2.04093 0.109902
2.04722 0.119834
2.05351 0.129679
2.0598 0.139432
2.06609 0.149091
2.07238 0.158652
2.07867 0.168111
2.08496 0.177464
2.09125 0.18671
2.09754 0.195844
2.10383 0.204864
2.11012 0.213765
2.11641 0.222546
2.1227 0.231203
2.12899 0.239733
2.13528 0.248133
2.14157 0.256401
2.14786 0.264534
2.15415 0.272529
2.16043 0.280383
2.16672 0.288094
2.17301 0.29566
2.1793 0.303077
2.18559 0.310345
2.19188 0.317459
2.19817 0.324419
2.20446 0.331221
2.21075 0.337864
2.21704 0.344346
2.22333 0.350665
2.22962 0.356819
2.23591 0.362806
2.2422 0.368625
2.24849 0.374273
2.25478 0.37975
2.26107 0.385053
2.26736 0.390181
2.27365 0.395133
2.27993 0.399907
2.28622 0.404502
2.29251 0.408918
2.2988 0.413152
2.30509 0.417205
2.31138 0.421074
2.31767 0.424759
2.32396 0.42826
2.33025 0.431575
2.33654 0.434703
2.34283 0.437645
2.34912 0.4404
2.35541 0.442967
2.3617 0.445345
2.36799 0.447535
2.37428 0.449537
2.38057 0.451349
2.38686 0.452973
2.39315 0.454408
2.39943 0.455653
2.40572 0.45671
2.41201 0.457578
2.4183 0.458258
2.42459 0.458749
2.43088 0.459053
2.43717 0.45917
2.44346 0.4591
2.44975 0.458844
2.45604 0.458402
2.46233 0.457776
2.46862 0.456967
2.47491 0.455974
2.4812 0.454799
2.48749 0.453444
2.49378 0.451909
2.50007 0.450195
2.50636 0.448304
2.51265 0.446236
2.51893 0.443994
2.52522 0.441579
2.53151 0.438991
2.5378 0.436234
2.54409 0.433308
2.55038 0.430216
2.55667 0.426958
2.56296 0.423537
2.56925 0.419955
2.57554 0.416213
2.58183 0.412314
2.58812 0.40826
2.59441 0.404053
2.6007 0.399695
2.60699 0.395189
2.61328 0.390537
2.61957 0.385741
2.62586 0.380804
2.63215 0.375728
2.63843 0.370517
2.64472 0.365172
2.65101 0.359696
2.6573 0.354093
2.66359 0.348365
2.66988 0.342514
2.67617 0.336545
2.68246 0.33046
2.68875 0.324262
2.69504 0.317954
2.70133 0.311539
2.70762 0.305022
2.71391 0.298404
2.7202 0.29169
2.72649 0.284882
2.73278 0.277985
2.73907 0.271001
2.74536 0.263934
2.75165 0.256789
2.75793 0.249568
2.76422 0.242274
2.77051 0.234913
2.7768 0.227488
2.78309 0.220001
2.78938 0.212458
2.79567 0.204861
2.80196 0.197216
2.80825 0.189525
2.81454 0.181792
2.82083 0.174022
2.82712 0.166218
2.83341 0.158384
2.8397 0.150524
2.84599 0.142642
2.85228 0.134742
2.85857 0.126828
2.86486 0.118903
2.87115 0.110971
2.87743 0.103036
2.88372 0.0951024
2.89001 0.0871729
2.8963 0.0792516
2.90259 0.0713418
2.90888 0.0634472
2.91517 0.0555711
2.92146 0.0477168
2.92775 0.0398875
2.93404 0.0320863
2.94033 0.0243162
2.94662 0.01658
2.95291 0.00888043
2.9592 0.00121994
2.96549 -0.00639909
2.97178 -0.0139745
2.97807 -0.0215043
2.98436 -0.0289868
2.99065 -0.0364205
2.99693 -0.0438041
3.00322 -0.0511367
3.00951 -0.0584175
3.0158 -0.0656462
3.02209 -0.0728227
3.02838 -0.0799474
3.03467 -0.0870208
3.04096 -0.0940442
3.04725 -0.101019
3.05354 -0.107947
3.05983 -0.114831
3.06612 -0.121673
3.07241 -0.128478
3.0787 -0.135248
3.08499 -0.14199
3.09128 -0.148707
3.09757 -0.155407
3.10386 -0.162095
3.11015 -0.168779
3.11643 -0.175466
3.12272 -0.182167
3.12901 -0.188891
3.1353 -0.195648
3.14159 -0.20245
