-3.14159 1.4788
-2.90888 -0.415898
-2.67617 -1.84519
-2.44346 -2.17031
-2.21075 -1.38343
-1.97804 -0.0246075
-1.74533 1.15921
-1.51262 1.60999
-1.27991 1.20699
-1.0472 0.265959
-0.814487 -0.676282
-0.581776 -1.15622
-0.349066 -1.00151
-0.116355 -0.375618
0.116355 0.3488
0.349066 0.801948
0.581776 0.798347
0.814487 0.402659
1.0472 -0.136548
1.27991 -0.534362
1.51262 -0.614629
1.74533 -0.381604
1.97804 0.00698519
2.21075 0.338632
2.44346 0.458093
2.67617 0.33584
2.90888 0.0652736
3.14159 -0.200134
-3.14159 1.4788
-2.90888 -0.415898
-2.67617 -1.84519
-2.44346 -2.17031
-2.21075 -1.38343
-1.97804 -0.0246075
-1.74533 1.15921
-1.51262 1.60999
-1.27991 1.20699
-1.0472 0.265959
-0.814487 -0.676282
-0.581776 -1.15622
-0.349066 -1.00151
-0.116355 -0.375618
0.116355 0.3488
0.349066 0.801948
0.581776 0.798347
0.814487 0.402659
1.0472 -0.136548
1.27991 -0.534362
1.51262 -0.614629
1.74533 -0.381604
1.97804 0.00698519
2.21075 0.338632
2.44346 0.458093
2.67617 0.33584
2.90888 0.0652736
3.14159 -0.200134
