-3.14159 7.63101
-3.1353 7.45739
-3.12901 7.31718
-3.12272 7.204
-3.11643 7.11223
-3.11015 7.0369
-3.10386 6.97365
-3.09757 6.91867
-3.09128 6.8687
-3.08499 6.82093
-3.0787 6.77295
-3.07241 6.72279
-3.06612 6.66878
-3.05983 6.60962
-3.05354 6.54425
-3.04725 6.47188
-3.04096 6.39196
-3.03467 6.30414
-3.02838 6.20823
-3.02209 6.10422
-3.0158 5.99222
-3.00951 5.87247
-3.00322 5.74531
-2.99693 5.61115
-2.99065 5.4705
-2.98436 5.3239
-2.97807 5.17194
-2.97178 5.01527
-2.96549 4.85453
-2.9592 4.69039
-2.95291 4.52355
-2.94662 4.35467
-2.94033 4.18443
-2.93404 4.01349
-2.92775 3.84251
-2.92146 3.67211
-2.91517 3.50289
-2.90888 3.33543
-2.90259 3.17028
-2.8963 3.00794
-2.89001 2.84889
-2.88372 2.69358
-2.87743 2.54242
-2.87115 2.39577
-2.86486 2.25397
-2.85857 2.11732
-2.85228 1.98607
-2.84599 1.86044
-2.8397 1.74061
-2.83341 1.62675
-2.82712 1.51895
-2.82083 1.4173
-2.81454 1.32186
-2.80825 1.23263
-2.80196 1.14961
-2.79567 1.07275
-2.78938 1.00199
-2.78309 0.937238
-2.7768 0.878372
-2.77051 0.825257
-2.76422 0.777736
-2.75793 0.735632
-2.75165 0.698752
-2.74536 0.666887
-2.73907 0.639814
-2.73278 0.617301
-2.72649 0.599101
-2.7202 0.584961
-2.71391 0.574622
-2.70762 0.567814
-2.70133 0.564269
-2.69504 0.563711
-2.68875 0.565864
-2.68246 0.570453
-2.67617 0.5772
-2.66988 0.585832
-2.66359 0.596079
-2.6573 0.607672
-2.65101 0.620351
-2.64472 0.63386
-2.63843 0.647948
-2.63215 0.662375
-2.62586 0.676907
-2.61957 0.691319
-2.61328 0.705396
-2.60699 0.718933
-2.6007 0.731737
-2.59441 0.743623
-2.58812 0.754419
-2.58183 0.763966
-2.57554 0.772116
-2.56925 0.778731
-2.56296 0.783688
-2.55667 0.786877
-2.55038 0.788198
-2.54409 0.787565
-2.5378 0.784905
-2.53151 0.780156
-2.52522 0.773269
-2.51893 0.764209
-2.51265 0.752951
-2.50636 0.739482
-2.50007 0.723801
-2.49378 0.705919
-2.48749 0.685857
-2.4812 0.663648
-2.47491 0.639334
-2.46862 0.612969
-2.46233 0.584615
-2.45604 0.554343
-2.44975 0.522234
-2.44346 0.488377
-2.43717 0.452869
-2.43088 0.415815
-2.42459 0.377325
-2.4183 0.337519
-2.41201 0.29652
-2.40572 0.254458
-2.39943 0.211468
-2.39315 0.167689
-2.38686 0.123265
-2.38057 0.0783433
-2.37428 0.0330738
-2.36799 -0.0123905
-2.3617 -0.0578944
-2.35541 -0.103281
-2.34912 -0.148393
-2.34283 -0.19307
-2.33654 -0.237155
-2.33025 -0.280488
-2.32396 -0.322911
-2.31767 -0.364267
-2.31138 -0.4044
-2.30509 -0.443156
-2.2988 -0.480384
-2.29251 -0.515934
-2.28622 -0.549661
-2.27993 -0.581422
-2.27365 -0.611078
-2.26736 -0.638494
-2.26107 -0.663539
-2.25478 -0.686087
-2.24849 -0.706017
-2.2422 -0.723213
-2.23591 -0.737565
-2.22962 -0.748966
-2.22333 -0.757318
-2.21704 -0.762528
-2.21075 -0.764507
-2.20446 -0.763177
-2.19817 -0.758461
-2.19188 -0.750293
-2.18559 -0.738611
-2.1793 -0.723361
-2.17301 -0.704497
-2.16672 -0.681977
-2.16043 -0.655768
-2.15415 -0.625843
-2.14786 -0.592185
-2.14157 -0.554779
-2.13528 -0.513622
-2.12899 -0.468715
-2.1227 -0.420067
-2.11641 -0.367693
-2.11012 -0.311616
-2.10383 -0.251866
-2.09754 -0.188478
-2.09125 -0.121495
-2.08496 -0.0509663
-2.07867 0.0230527
-2.07238 0.1005
-2.06609 0.181309
-2.0598 0.265405
-2.05351 0.352708
-2.04722 0.443135
-2.04093 0.536594
-2.03465 0.632989
-2.02836 0.732221
-2.02207 0.834184
-2.01578 0.938767
-2.00949 1.04586
-2.0032 1.15533
-1.99691 1.26708
-1.99062 1.38096
-1.98433 1.49684
-1.97804 1.61461
-1.97175 1.73411
-1.96546 1.85521
-1.95917 1.97778
-1.95288 2.10165
-1.94659 2.2267
-1.9403 2.35276
-1.93401 2.4797
-1.92772 2.60736
-1.92143 2.73559
-1.91515 2.86423
-1.90886 2.99314
-1.90257 3.12215
-1.89628 3.25113
-1.88999 3.3799
-1.8837 3.50832
-1.87741 3.63624
-1.87112 3.7635
-1.86483 3.88995
-1.85854 4.01545
-1.85225 4.13983
-1.84596 4.26297
-1.83967 4.38471
-1.83338 4.5049
-1.82709 4.62342
-1.8208 4.74012
-1.81451 4.85486
-1.80822 4.96751
-1.80193 5.07794
-1.79565 5.18603
-1.78936 5.29165
-1.78307 5.39468
-1.77678 5.495
-1.77049 5.59251
-1.7642 5.68709
-1.75791 5.77863
-1.75162 5.86704
-1.74533 5.95223
-1.73904 6.03408
-1.73275 6.11253
-1.72646 6.18749
-1.72017 6.25886
-1.71388 6.3266
-1.70759 6.39061
-1.7013 6.45084
-1.69501 6.50722
-1.68872 6.55971
-1.68243 6.60825
-1.67615 6.65279
-1.66986 6.6933
-1.66357 6.72973
-1.65728 6.76207
-1.65099 6.79027
-1.6447 6.81433
-1.63841 6.83422
-1.63212 6.84994
-1.62583 6.86148
-1.61954 6.86883
-1.61325 6.87201
-1.60696 6.87101
-1.60067 6.86586
-1.59438 6.85658
-1.58809 6.84317
-1.5818 6.82568
-1.57551 6.80413
-1.56922 6.77856
-1.56293 6.74901
-1.55665 6.71553
-1.55036 6.67816
-1.54407 6.63695
-1.53778 6.59197
-1.53149 6.54328
-1.5252 6.49094
-1.51891 6.43501
-1.51262 6.37557
-1.50633 6.31271
-1.50004 6.24648
-1.49375 6.17698
-1.48746 6.1043
-1.48117 6.02851
-1.47488 5.94971
-1.46859 5.868
-1.4623 5.78347
-1.45601 5.69621
-1.44972 5.60634
-1.44343 5.51394
-1.43714 5.41913
-1.43086 5.32202
-1.42457 5.2227
-1.41828 5.1213
-1.41199 5.01792
-1.4057 4.91268
-1.39941 4.80568
-1.39312 4.69705
-1.38683 4.5869
-1.38054 4.47534
-1.37425 4.3625
-1.36796 4.24848
-1.36167 4.13342
-1.35538 4.01741
-1.34909 3.9006
-1.3428 3.78308
-1.33651 3.66498
-1.33022 3.54641
-1.32393 3.4275
-1.31764 3.30835
-1.31136 3.18909
-1.30507 3.06982
-1.29878 2.95066
-1.29249 2.83173
-1.2862 2.71312
-1.27991 2.59496
-1.27362 2.47735
-1.26733 2.36039
-1.26104 2.24419
-1.25475 2.12886
-1.24846 2.01449
-1.24217 1.90118
-1.23588 1.78904
-1.22959 1.67815
-1.2233 1.56861
-1.21701 1.4605
-1.21072 1.35392
-1.20443 1.24895
-1.19814 1.14568
-1.19186 1.04417
-1.18557 0.944524
-1.17928 0.846799
-1.17299 0.751072
-1.1667 0.657412
-1.16041 0.565886
-1.15412 0.476556
-1.14783 0.389484
-1.14154 0.304726
-1.13525 0.222336
-1.12896 0.142367
-1.12267 0.0648669
-1.11638 -0.0101201
-1.11009 -0.0825514
-1.1038 -0.152388
-1.09751 -0.219594
-1.09122 -0.284138
-1.08493 -0.345988
-1.07864 -0.40512
-1.07236 -0.461509
-1.06607 -0.515136
-1.05978 -0.565983
-1.05349 -0.614036
-1.0472 -0.659285
-1.04091 -0.701721
-1.03462 -0.74134
-1.02833 -0.77814
-1.02204 -0.812121
-1.01575 -0.843287
-1.00946 -0.871646
-1.00317 -0.897207
-0.996882 -0.919981
-0.990592 -0.939986
-0.984303 -0.957237
-0.978013 -0.971755
-0.971724 -0.983564
-0.965434 -0.992689
-0.959145 -0.999158
-0.952855 -1.003
-0.946566 -1.00425
-0.940276 -1.00294
-0.933987 -0.99911
-0.927698 -0.992797
-0.921408 -0.984043
-0.915119 -0.972891
-0.908829 -0.959386
-0.90254 -0.943576
-0.89625 -0.925508
-0.889961 -0.905234
-0.883671 -0.882805
-0.877382 -0.858274
-0.871092 -0.831696
-0.864803 -0.803128
-0.858513 -0.772627
-0.852224 -0.740251
-0.845934 -0.706061
-0.839645 -0.670116
-0.833355 -0.63248
-0.827066 -0.593213
-0.820776 -0.55238
-0.814487 -0.510044
-0.808198 -0.46627
-0.801908 -0.421123
-0.795619 -0.374668
-0.789329 -0.326972
-0.78304 -0.2781
-0.77675 -0.228118
-0.770461 -0.177093
-0.764171 -0.125092
-0.757882 -0.0721801
-0.751592 -0.0184242
-0.745303 0.0361099
-0.739013 0.0913564
-0.732724 0.14725
-0.726434 0.203726
-0.720145 0.260719
-0.713855 0.318166
-0.707566 0.376004
-0.701276 0.43417
-0.694987 0.492602
-0.688697 0.551239
-0.682408 0.610022
-0.676119 0.668891
-0.669829 0.727788
-0.66354 0.786656
-0.65725 0.845439
-0.650961 0.904082
-0.644671 0.962533
-0.638382 1.02074
-0.632092 1.07865
-0.625803 1.13621
-0.619513 1.19338
-0.613224 1.2501
-0.606934 1.30634
-0.600645 1.36205
-0.594355 1.41719
-0.588066 1.47171
-0.581776 1.52558
-0.575487 1.57876
-0.569197 1.63121
-0.562908 1.68291
-0.556619 1.7338
-0.550329 1.78388
-0.54404 1.8331
-0.53775 1.88144
-0.531461 1.92887
-0.525171 1.97537
-0.518882 2.02092
-0.512592 2.06549
-0.506303 2.10906
-0.500013 2.15163
-0.493724 2.19317
-0.487434 2.23367
-0.481145 2.27311
-0.474855 2.31149
-0.468566 2.3488
-0.462276 2.38502
-0.455987 2.42016
-0.449697 2.45422
-0.443408 2.48717
-0.437118 2.51904
-0.430829 2.54981
-0.42454 2.57949
-0.41825 2.60808
-0.411961 2.63559
-0.405671 2.66202
-0.399382 2.68739
-0.393092 2.71169
-0.386803 2.73495
-0.380513 2.75716
-0.374224 2.77836
-0.367934 2.79854
-0.361645 2.81772
-0.355355 2.83592
-0.349066 2.85316
-0.342776 2.86946
-0.336487 2.88483
-0.330197 2.89929
-0.323908 2.91287
-0.317618 2.92559
-0.311329 2.93746
-0.30504 2.94852
-0.29875 2.95878
-0.292461 2.96827
-0.286171 2.97701
-0.279882 2.98504
-0.273592 2.99237
-0.267303 2.99903
-0.261013 3.00506
-0.254724 3.01046
-0.248434 3.01528
-0.242145 3.01954
-0.235855 3.02326
-0.229566 3.02648
-0.223276 3.02921
-0.216987 3.0315
-0.210697 3.03336
-0.204408 3.03482
-0.198118 3.03591
-0.191829 3.03666
-0.18554 3.03708
-0.17925 3.03722
-0.172961 3.03709
-0.166671 3.03672
-0.160382 3.03613
-0.154092 3.03534
-0.147803 3.03439
-0.141513 3.0333
-0.135224 3.03207
-0.128934 3.03075
-0.122645 3.02935
-0.116355 3.02788
-0.110066 3.02637
-0.103776 3.02484
-0.0974869 3.02331
-0.0911974 3.02178
-0.0849079 3.02029
-0.0786184 3.01883
-0.072329 3.01743
-0.0660395 3.01611
-0.05975 3.01486
-0.0534605 3.01371
-0.0471711 3.01266
-0.0408816 3.01172
-0.0345921 3.0109
-0.0283026 3.01021
-0.0220132 3.00965
-0.0157237 3.00922
-0.00943421 3.00894
-0.00314474 3.00879
0.00314474 3.00879
0.00943421 3.00894
0.0157237 3.00922
0.0220132 3.00965
0.0283026 3.01021
0.0345921 3.0109
0.0408816 3.01172
0.0471711 3.01266
0.0534605 3.01371
0.05975 3.01486
0.0660395 3.01611
0.072329 3.01743
0.0786184 3.01883
0.0849079 3.02029
0.0911974 3.02178
0.0974869 3.02331
0.103776 3.02484
0.110066 3.02637
0.116355 3.02788
0.122645 3.02935
0.128934 3.03075
0.135224 3.03207
0.141513 3.0333
0.147803 3.03439
0.154092 3.03534
0.160382 3.03613
0.166671 3.03672
0.172961 3.03709
0.17925 3.03722
0.18554 3.03708
0.191829 3.03666
0.198118 3.03591
0.204408 3.03482
0.210697 3.03336
0.216987 3.0315
0.223276 3.02921
0.229566 3.02648
0.235855 3.02326
0.242145 3.01954
0.248434 3.01528
0.254724 3.01046
0.261013 3.00506
0.267303 2.99903
0.273592 2.99237
0.279882 2.98504
0.286171 2.97701
0.292461 2.96827
0.29875 2.95878
0.30504 2.94852
0.311329 2.93746
0.317618 2.92559
0.323908 2.91287
0.330197 2.89929
0.336487 2.88483
0.342776 2.86946
0.349066 2.85316
0.355355 2.83592
0.361645 2.81772
0.367934 2.79854
0.374224 2.77836
0.380513 2.75716
0.386803 2.73495
0.393092 2.71169
0.399382 2.68739
0.405671 2.66202
0.411961 2.63559
0.41825 2.60808
0.42454 2.57949
0.430829 2.54981
0.437118 2.51904
0.443408 2.48717
0.449697 2.45422
0.455987 2.42016
0.462276 2.38502
0.468566 2.3488
0.474855 2.31149
0.481145 2.27311
0.487434 2.23367
0.493724 2.19317
0.500013 2.15163
0.506303 2.10906
0.512592 2.06549
0.518882 2.02092
0.525171 1.97537
0.531461 1.92887
0.53775 1.88144
0.54404 1.8331
0.550329 1.78388
0.556619 1.7338
0.562908 1.68291
0.569197 1.63121
0.575487 1.57876
0.581776 1.52558
0.588066 1.47171
0.594355 1.41719
0.600645 1.36205
0.606934 1.30634
0.613224 1.2501
0.619513 1.19338
0.625803 1.13621
0.632092 1.07865
0.638382 1.02074
0.644671 0.962533
0.650961 0.904082
0.65725 0.845439
0.66354 0.786656
0.669829 0.727788
0.676119 0.668891
0.682408 0.610022
0.688697 0.551239
0.694987 0.492602
0.701276 0.43417
0.707566 0.376004
0.713855 0.318166
0.720145 0.260719
0.726434 0.203726
0.732724 0.14725
0.739013 0.0913564
0.745303 0.0361099
0.751592 -0.0184242
0.757882 -0.0721801
0.764171 -0.125092
0.770461 -0.177093
0.77675 -0.228118
0.78304 -0.2781
0.789329 -0.326972
0.795619 -0.374668
0.801908 -0.421123
0.808198 -0.46627
0.814487 -0.510044
0.820776 -0.55238
0.827066 -0.593213
0.833355 -0.63248
0.839645 -0.670116
0.845934 -0.706061
0.852224 -0.740251
0.858513 -0.772627
0.864803 -0.803128
0.871092 -0.831696
0.877382 -0.858274
0.883671 -0.882805
0.889961 -0.905234
0.89625 -0.925508
0.90254 -0.943576
0.908829 -0.959386
0.915119 -0.972891
0.921408 -0.984043
0.927698 -0.992797
0.933987 -0.99911
0.940276 -1.00294
0.946566 -1.00425
0.952855 -1.003
0.959145 -0.999158
0.965434 -0.992689
0.971724 -0.983564
0.978013 -0.971755
0.984303 -0.957237
0.990592 -0.939986
0.996882 -0.919981
1.00317 -0.897207
1.00946 -0.871646
1.01575 -0.843287
1.02204 -0.812121
1.02833 -0.77814
1.03462 -0.74134
1.04091 -0.701721
1.0472 -0.659285
1.05349 -0.614036
1.05978 -0.565983
1.06607 -0.515136
1.07236 -0.461509
1.07864 -0.40512
1.08493 -0.345988
1.09122 -0.284138
1.09751 -0.219594
1.1038 -0.152388
1.11009 -0.0825514
1.11638 -0.0101201
1.12267 0.0648669
1.12896 0.142367
1.13525 0.222336
1.14154 0.304726
1.14783 0.389484
1.15412 0.476556
1.16041 0.565886
1.1667 0.657412
1.17299 0.751072
1.17928 0.846799
1.18557 0.944524
1.19186 1.04417
1.19814 1.14568
1.20443 1.24895
1.21072 1.35392
1.21701 1.4605
1.2233 1.56861
1.22959 1.67815
1.23588 1.78904
1.24217 1.90118
1.24846 2.01449
1.25475 2.12886
1.26104 2.24419
1.26733 2.36039
1.27362 2.47735
1.27991 2.59496
1.2862 2.71312
1.29249 2.83173
1.29878 2.95066
1.30507 3.06982
1.31136 3.18909
1.31764 3.30835
1.32393 3.4275
1.33022 3.54641
1.33651 3.66498
1.3428 3.78308
1.34909 3.9006
1.35538 4.01741
1.36167 4.13342
1.36796 4.24848
1.37425 4.3625
1.38054 4.47534
1.38683 4.5869
1.39312 4.69705
1.39941 4.80568
1.4057 4.91268
1.41199 5.01792
1.41828 5.1213
1.42457 5.2227
1.43086 5.32202
1.43714 5.41913
1.44343 5.51394
1.44972 5.60634
1.45601 5.69621
1.4623 5.78347
1.46859 5.868
1.47488 5.94971
1.48117 6.02851
1.48746 6.1043
1.49375 6.17698
1.50004 6.24648
1.50633 6.31271
1.51262 6.37557
1.51891 6.43501
1.5252 6.49094
1.53149 6.54328
1.53778 6.59197
1.54407 6.63695
1.55036 6.67816
1.55665 6.71553
1.56293 6.74901
1.56922 6.77856
1.57551 6.80413
1.5818 6.82568
1.58809 6.84317
1.59438 6.85658
1.60067 6.86586
1.60696 6.87101
1.61325 6.87201
1.61954 6.86883
1.62583 6.86148
1.63212 6.84994
1.63841 6.83422
1.6447 6.81433
1.65099 6.79027
1.65728 6.76207
1.66357 6.72973
1.66986 6.6933
1.67615 6.65279
1.68243 6.60825
1.68872 6.55971
1.69501 6.50722
1.7013 6.45084
1.70759 6.39061
1.71388 6.3266
1.72017 6.25886
1.72646 6.18749
1.73275 6.11253
1.73904 6.03408
1.74533 5.95223
1.75162 5.86704
1.75791 5.77863
1.7642 5.68709
1.77049 5.59251
1.77678 5.495
1.78307 5.39468
1.78936 5.29165
1.79565 5.18603
1.80193 5.07794
1.80822 4.96751
1.81451 4.85486
1.8208 4.74012
1.82709 4.62342
1.83338 4.5049
1.83967 4.38471
1.84596 4.26297
1.85225 4.13983
1.85854 4.01545
1.86483 3.88995
1.87112 3.7635
1.87741 3.63624
1.8837 3.50832
1.88999 3.3799
1.89628 3.25113
1.90257 3.12215
1.90886 2.99314
1.91515 2.86423
1.92143 2.73559
1.92772 2.60736
1.93401 2.4797
1.9403 2.35276
1.94659 2.2267
1.95288 2.10165
1.95917 1.97778
1.96546 1.85521
1.97175 1.73411
1.97804 1.61461
1.98433 1.49684
1.99062 1.38096
1.99691 1.26708
2.0032 1.15533
2.00949 1.04586
2.01578 0.938767
2.02207 0.834184
2.02836 0.732221
2.03465 0.632989
2.04093 0.536594
2.04722 0.443135
2.05351 0.352708
2.0598 0.265405
2.06609 0.181309
2.07238 0.1005
2.07867 0.0230527
2.08496 -0.0509663
2.09125 -0.121495
2.09754 -0.188478
2.10383 -0.251866
2.11012 -0.311616
2.11641 -0.367693
2.1227 -0.420067
2.12899 -0.468715
2.13528 -0.513622
2.14157 -0.554779
2.14786 -0.592185
2.15415 -0.625843
2.16043 -0.655768
2.16672 -0.681977
2.17301 -0.704497
2.1793 -0.723361
2.18559 -0.738611
2.19188 -0.750293
2.19817 -0.758461
2.20446 -0.763177
2.21075 -0.764507
2.21704 -0.762528
2.22333 -0.757318
2.22962 -0.748966
2.23591 -0.737565
2.2422 -0.723213
2.24849 -0.706017
2.25478 -0.686087
2.26107 -0.663539
2.26736 -0.638494
2.27365 -0.611078
2.27993 -0.581422
2.28622 -0.549661
2.29251 -0.515934
2.2988 -0.480384
2.30509 -0.443156
2.31138 -0.4044
2.31767 -0.364267
2.32396 -0.322911
2.33025 -0.280488
2.33654 -0.237155
2.34283 -0.19307
2.34912 -0.148393
2.35541 -0.103281
2.3617 -0.0578944
2.36799 -0.0123905
2.37428 0.0330738
2.38057 0.0783433
2.38686 0.123265
2.39315 0.167689
2.39943 0.211468
2.40572 0.254458
2.41201 0.29652
2.4183 0.337519
2.42459 0.377325
2.43088 0.415815
2.43717 0.452869
2.44346 0.488377
2.44975 0.522234
2.45604 0.554343
2.46233 0.584615
2.46862 0.612969
2.47491 0.639334
2.4812 0.663648
2.48749 0.685857
2.49378 0.705919
2.50007 0.723801
2.50636 0.739482
2.51265 0.752951
2.51893 0.764209
2.52522 0.773269
2.53151 0.780156
2.5378 0.784905
2.54409 0.787565
2.55038 0.788198
2.55667 0.786877
2.56296 0.783688
2.56925 0.778731
2.57554 0.772116
2.58183 0.763966
2.58812 0.754419
2.59441 0.743623
2.6007 0.731737
2.60699 0.718933
2.61328 0.705396
2.61957 0.691319
2.62586 0.676907
2.63215 0.662375
2.63843 0.647948
2.64472 0.63386
2.65101 0.620351
2.6573 0.607672
2.66359 0.596079
2.66988 0.585832
2.67617 0.5772
2.68246 0.570453
2.68875 0.565864
2.69504 0.563711
2.70133 0.564269
2.70762 0.567814
2.71391 0.574622
2.7202 0.584961
2.72649 0.599101
2.73278 0.617301
2.73907 0.639814
2.74536 0.666887
2.75165 0.698752
2.75793 0.735632
2.76422 0.777736
2.77051 0.825257
2.7768 0.878372
2.78309 0.937238
2.78938 1.00199
2.79567 1.07275
2.80196 1.14961
2.80825 1.23263
2.81454 1.32186
2.82083 1.4173
2.82712 1.51895
2.83341 1.62675
2.8397 1.74061
2.84599 1.86044
2.85228 1.98607
2.85857 2.11732
2.86486 2.25397
2.87115 2.39577
2.87743 2.54242
2.88372 2.69358
2.89001 2.84889
2.8963 3.00794
2.90259 3.17028
2.90888 3.33543
2.91517 3.50289
2.92146 3.67211
2.92775 3.84251
2.93404 4.01349
2.94033 4.18443
2.94662 4.35467
2.95291 4.52355
2.9592 4.69039
2.96549 4.85453
2.97178 5.01527
2.97807 5.17194
2.98436 5.3239
2.99065 5.4705
2.99693 5.61115
3.00322 5.74531
3.00951 5.87247
3.0158 5.99222
3.02209 6.10422
3.02838 6.20823
3.03467 6.30414
3.04096 6.39196
3.04725 6.47188
3.05354 6.54425
3.05983 6.60962
3.06612 6.66878
3.07241 6.72279
3.0787 6.77295
3.08499 6.82093
3.09128 6.8687
3.09757 6.91867
3.10386 6.97365
3.11015 7.0369
3.11643 7.11223
3.12272 7.204
3.12901 7.31718
3.1353 7.45739
3.14159 7.63101
