-2 3 3 0.86459 0.86459
-1.996 2.98473 2.83528 0.878401 0.892424
-1.992 2.97091 2.67764 0.892462 0.920625
-1.988 2.95853 2.52689 0.906774 0.949164
-1.984 2.9476 2.38288 0.92134 0.978013
-1.98 2.93811 2.24544 0.936159 1.00715
-1.976 2.93005 2.11441 0.951232 1.03653
-1.972 2.9234 1.98963 0.96656 1.06615
-1.968 2.91816 1.87093 0.982144 1.09598
-1.964 2.91431 1.75818 0.997984 1.12598
-1.96 2.91182 1.65121 1.01408 1.15614
-1.956 2.91069 1.54987 1.03043 1.18643
-1.952 2.9109 1.45403 1.04704 1.21682
-1.948 2.91241 1.36353 1.0639 1.24731
-1.944 2.91521 1.27823 1.08102 1.27785
-1.94 2.91927 1.19799 1.09839 1.30844
-1.936 2.92456 1.12268 1.11601 1.33905
-1.932 2.93106 1.05216 1.13388 1.36966
-1.928 2.93872 0.986294 1.15201 1.40025
-1.924 2.94752 0.924956 1.17038 1.4308
-1.92 2.95743 0.868017 1.18899 1.46129
-1.916 2.96841 0.815349 1.20785 1.4917
-1.912 2.98041 0.766829 1.22695 1.52202
-1.908 2.99341 0.722335 1.24628 1.55223
-1.904 3.00736 0.681747 1.26585 1.5823
-1.9 3.02221 0.644947 1.28564 1.61223
-1.896 3.03794 0.611821 1.30567 1.642
-1.892 3.05449 0.582254 1.32591 1.67159
-1.888 3.07182 0.556134 1.34637 1.70099
-1.884 3.08988 0.533353 1.36704 1.73017
-1.88 3.10862 0.513803 1.38792 1.75914
-1.876 3.128 0.497379 1.409 1.78787
-1.872 3.14797 0.483976 1.43027 1.81635
-1.868 3.16848 0.473493 1.45174 1.84456
-1.864 3.18948 0.46583 1.47338 1.8725
-1.86 3.21091 0.460889 1.4952 1.90016
-1.856 3.23273 0.458575 1.51718 1.92751
-1.852 3.25488 0.458792 1.53932 1.95455
-1.848 3.27731 0.461449 1.56162 1.98127
-1.844 3.29997 0.466455 1.58405 2.00766
-1.84 3.32281 0.47372 1.60662 2.0337
-1.836 3.34577 0.483158 1.62932 2.05939
-1.832 3.36879 0.494682 1.65212 2.08472
-1.828 3.39183 0.50821 1.67504 2.10967
-1.824 3.41483 0.52366 1.69804 2.13425
-1.82 3.43773 0.540949 1.72113 2.15844
-1.816 3.46049 0.560001 1.74429 2.18222
-1.812 3.48305 0.580737 1.76751 2.20561
-1.808 3.50536 0.603082 1.79077 2.22858
-1.804 3.52737 0.626962 1.81407 2.25113
-1.8 3.54902 0.652304 1.8374 2.27326
-1.796 3.57026 0.679038 1.86074 2.29495
-1.792 3.59104 0.707093 1.88407 2.31621
-1.788 3.61132 0.736403 1.90738 2.33702
-1.784 3.63104 0.766899 1.93067 2.35737
-1.78 3.65015 0.798518 1.95391 2.37728
-1.776 3.66862 0.831195 1.97709 2.39672
-1.772 3.68638 0.864869 2.0002 2.4157
-1.768 3.7034 0.899479 2.02321 2.43421
-1.764 3.71963 0.934964 2.04613 2.45224
-1.76 3.73502 0.971268 2.06892 2.4698
-1.756 3.74955 1.00833 2.09158 2.48687
-1.752 3.76316 1.0461 2.11409 2.50346
-1.748 3.77581 1.08452 2.13643 2.51957
-1.744 3.78748 1.12355 2.15858 2.53518
-1.74 3.79811 1.16311 2.18054 2.5503
-1.736 3.80769 1.20318 2.20228 2.56493
-1.732 3.81616 1.24369 2.22379 2.57906
-1.728 3.82351 1.28461 2.24504 2.59269
-1.724 3.8297 1.32587 2.26604 2.60582
-1.72 3.83471 1.36745 2.28675 2.61844
-1.716 3.8385 1.40928 2.30716 2.63057
-1.712 3.84105 1.45134 2.32725 2.64219
-1.708 3.84234 1.49358 2.34701 2.65331
-1.704 3.84235 1.53595 2.36643 2.66392
-1.7 3.84106 1.57842 2.38547 2.67403
-1.696 3.83844 1.62095 2.40414 2.68363
-1.692 3.8345 1.6635 2.42241 2.69273
-1.688 3.8292 1.70604 2.44026 2.70132
-1.684 3.82254 1.74852 2.45768 2.70941
-1.68 3.81451 1.79092 2.47466 2.717
-1.676 3.80511 1.8332 2.49118 2.72408
-1.672 3.79432 1.87533 2.50722 2.73066
-1.668 3.78215 1.91727 2.52277 2.73674
-1.664 3.76858 1.959 2.53782 2.74233
-1.66 3.75363 2.00049 2.55235 2.74741
-1.656 3.73729 2.0417 2.56634 2.75201
-1.652 3.71957 2.08261 2.57979 2.7561
-1.648 3.70047 2.1232 2.59269 2.75971
-1.644 3.68 2.16343 2.60501 2.76283
-1.64 3.65818 2.20328 2.61674 2.76546
-1.636 3.63502 2.24274 2.62789 2.76761
-1.632 3.61052 2.28176 2.63843 2.76927
-1.628 3.58471 2.32034 2.64835 2.77046
-1.624 3.55761 2.35844 2.65764 2.77118
-1.62 3.52923 2.39605 2.66631 2.77142
-1.616 3.49959 2.43315 2.67433 2.77119
-1.612 3.46873 2.46972 2.68169 2.77049
-1.608 3.43666 2.50574 2.6884 2.76934
-1.604 3.40341 2.54119 2.69445 2.76772
-1.6 3.36902 2.57606 2.69982 2.76565
-1.596 3.3335 2.61032 2.70451 2.76313
-1.592 3.29691 2.64397 2.70853 2.76016
-1.588 3.25926 2.67698 2.71186 2.75675
-1.584 3.22059 2.70935 2.71449 2.7529
-1.58 3.18095 2.74106 2.71644 2.74861
-1.576 3.14036 2.77209 2.71769 2.74389
-1.572 3.09888 2.80244 2.71825 2.73875
-1.568 3.05653 2.83209 2.71811 2.73319
-1.564 3.01336 2.86103 2.71728 2.72721
-1.56 2.96943 2.88925 2.71575 2.72082
-1.556 2.92476 2.91674 2.71353 2.71402
-1.552 2.87941 2.9435 2.71061 2.70682
-1.548 2.83342 2.96951 2.70701 2.69922
-1.544 2.78684 2.99476 2.70273 2.69123
-1.54 2.73972 3.01925 2.69776 2.68285
-1.536 2.69212 3.04297 2.69212 2.67409
-1.532 2.64407 3.06591 2.68581 2.66495
-1.528 2.59563 3.08808 2.67884 2.65544
-1.524 2.54685 3.10945 2.67121 2.64556
-1.52 2.49778 3.13003 2.66293 2.63533
-1.516 2.44848 3.14982 2.65402 2.62474
-1.512 2.399 3.16881 2.64447 2.6138
-1.508 2.34939 3.18699 2.6343 2.60251
-1.504 2.29971 3.20436 2.62352 2.59089
-1.5 2.25 3.22093 2.61214 2.57893
-1.496 2.20033 3.23668 2.60017 2.56665
-1.492 2.15074 3.25162 2.58762 2.55405
-1.488 2.10129 3.26575 2.57451 2.54113
-1.484 2.05203 3.27906 2.56084 2.5279
-1.48 2.00302 3.29156 2.54663 2.51437
-1.476 1.95431 3.30324 2.53189 2.50054
-1.472 1.90594 3.31411 2.51664 2.48642
-1.468 1.85798 3.32416 2.50089 2.47201
-1.464 1.81048 3.3334 2.48466 2.45732
-1.46 1.76348 3.34183 2.46796 2.44236
-1.456 1.71703 3.34945 2.4508 2.42713
-1.452 1.67119 3.35627 2.4332 2.41165
-1.448 1.626 3.36228 2.41518 2.3959
-1.444 1.58151 3.36748 2.39675 2.37991
-1.44 1.53777 3.37189 2.37793 2.36367
-1.436 1.49483 3.37551 2.35874 2.3472
-1.432 1.45272 3.37833 2.33919 2.3305
-1.428 1.41149 3.38037 2.31929 2.31357
-1.424 1.37119 3.38163 2.29907 2.29642
-1.42 1.33185 3.38211 2.27854 2.27907
-1.416 1.29352 3.38181 2.25771 2.2615
-1.412 1.25623 3.38076 2.23661 2.24374
-1.408 1.22002 3.37893 2.21525 2.22578
-1.404 1.18493 3.37636 2.19365 2.20764
-1.4 1.15098 3.37303 2.17182 2.18931
-1.396 1.11822 3.36897 2.14978 2.17082
-1.392 1.08667 3.36416 2.12755 2.15215
-1.388 1.05636 3.35863 2.10514 2.13332
-1.384 1.02732 3.35237 2.08257 2.11433
-1.38 0.999573 3.3454 2.05986 2.0952
-1.376 0.973144 3.33772 2.03702 2.07592
-1.372 0.948055 3.32934 2.01406 2.0565
-1.368 0.924326 3.32027 1.991 2.03695
-1.364 0.901974 3.31051 1.96787 2.01728
-1.36 0.881017 3.30008 1.94466 1.99749
-1.356 0.861468 3.28897 1.9214 1.97758
-1.352 0.84334 3.27721 1.8981 1.95757
-1.348 0.826643 3.2648 1.87478 1.93746
-1.344 0.811385 3.25174 1.85144 1.91725
-1.34 0.797573 3.23806 1.82811 1.89695
-1.336 0.785212 3.22374 1.80479 1.87657
-1.332 0.774303 3.20882 1.7815 1.85612
-1.328 0.764847 3.19328 1.75825 1.83559
-1.324 0.756842 3.17715 1.73506 1.815
-1.32 0.750285 3.16044 1.71193 1.79434
-1.316 0.74517 3.14314 1.68887 1.77364
-1.312 0.741489 3.12528 1.6659 1.75289
-1.308 0.739232 3.10686 1.64303 1.73209
-1.304 0.738388 3.0879 1.62027 1.71126
-1.3 0.738943 3.0684 1.59762 1.6904
-1.296 0.740882 3.04837 1.57511 1.66952
-1.292 0.744187 3.02782 1.55272 1.64861
-1.288 0.748838 3.00677 1.53049 1.6277
-1.284 0.754815 2.98522 1.50841 1.60677
-1.28 0.762093 2.96319 1.48649 1.58585
-1.276 0.770649 2.94068 1.46474 1.56492
-1.272 0.780456 2.91771 1.44317 1.54401
-1.268 0.791485 2.89428 1.42178 1.52311
-1.264 0.803706 2.87041 1.40058 1.50223
-1.26 0.817087 2.84611 1.37958 1.48137
-1.256 0.831595 2.82139 1.35879 1.46054
-1.252 0.847195 2.79625 1.3382 1.43975
-1.248 0.863851 2.77072 1.31782 1.419
-1.244 0.881524 2.74479 1.29767 1.3983
-1.24 0.900176 2.71849 1.27773 1.37764
-1.236 0.919766 2.69182 1.25803 1.35704
-1.232 0.940251 2.6648 1.23855 1.33651
-1.228 0.96159 2.63742 1.21931 1.31603
-1.224 0.983736 2.60972 1.20031 1.29563
-1.22 1.00665 2.58169 1.18155 1.2753
-1.216 1.03027 2.55335 1.16303 1.25506
-1.212 1.05457 2.5247 1.14476 1.2349
-1.208 1.07948 2.49576 1.12674 1.21482
-1.204 1.10497 2.46655 1.10896 1.19485
-1.2 1.13098 2.43706 1.09144 1.17497
-1.196 1.15746 2.40732 1.07417 1.15519
-1.192 1.18437 2.37733 1.05716 1.13552
-1.188 1.21163 2.3471 1.0404 1.11596
-1.184 1.23922 2.31665 1.02389 1.09652
-1.18 1.26707 2.28598 1.00764 1.0772
-1.176 1.29512 2.2551 0.991646 1.05801
-1.172 1.32334 2.22403 0.975908 1.03894
-1.168 1.35166 2.19278 0.960426 1.02001
-1.164 1.38003 2.16136 0.9452 1.00121
-1.16 1.40839 2.12977 0.930228 0.98256
-1.156 1.4367 2.09803 0.91551 0.96405
-1.152 1.46489 2.06616 0.901046 0.945689
-1.148 1.49293 2.03415 0.886833 0.927481
-1.144 1.52074 2.00201 0.872872 0.90943
-1.14 1.54829 1.96977 0.85916 0.891538
-1.136 1.57552 1.93743 0.845697 0.873811
-1.132 1.60237 1.905 0.83248 0.85625
-1.128 1.6288 1.87249 0.819508 0.83886
-1.124 1.65475 1.83991 0.80678 0.821645
-1.12 1.68018 1.80727 0.794293 0.804607
-1.116 1.70504 1.77458 0.782045 0.78775
-1.112 1.72927 1.74185 0.770035 0.771078
-1.108 1.75284 1.70908 0.75826 0.754592
-1.104 1.77569 1.6763 0.746717 0.738297
-1.1 1.79779 1.64351 0.735406 0.722196
-1.096 1.81908 1.61071 0.724323 0.706291
-1.092 1.83952 1.57792 0.713465 0.690586
-1.088 1.85908 1.54515 0.702831 0.675082
-1.084 1.87771 1.5124 0.692419 0.659784
-1.08 1.89537 1.47969 0.682224 0.644694
-1.076 1.91203 1.44702 0.672246 0.629814
-1.072 1.92765 1.4144 0.662481 0.615148
-1.068 1.94219 1.38185 0.652926 0.600697
-1.064 1.95563 1.34936 0.64358 0.586464
-1.06 1.96793 1.31696 0.634438 0.572452
-1.056 1.97906 1.28464 0.6255 0.558663
-1.052 1.989 1.25242 0.616762 0.545098
-1.048 1.99771 1.2203 0.608221 0.531762
-1.044 2.00518 1.18829 0.599874 0.518654
-1.04 2.01138 1.15641 0.59172 0.505779
-1.036 2.01629 1.12465 0.583754 0.493137
-1.032 2.01989 1.09303 0.575976 0.480731
-1.028 2.02217 1.06155 0.568381 0.468562
-1.024 2.0231 1.03023 0.560967 0.456633
-1.02 2.02269 0.999062 0.553733 0.444945
-1.016 2.02091 0.968063 0.546674 0.433499
-1.012 2.01776 0.937237 0.539788 0.422298
-1.008 2.01322 0.906593 0.533074 0.411343
-1.004 2.00731 0.876137 0.526528 0.400636
-1 2 0.845876 0.520147 0.390178
-0.996 1.99131 0.815817 0.51393 0.37997
-0.992 1.98122 0.785967 0.507874 0.370014
-0.988 1.96976 0.756332 0.501976 0.360311
-0.984 1.95691 0.726919 0.496234 0.350862
-0.98 1.94269 0.697735 0.490646 0.341668
-0.976 1.9271 0.668785 0.485209 0.332731
-0.972 1.91017 0.640076 0.479921 0.324051
-0.968 1.89189 0.611613 0.47478 0.315629
-0.964 1.87229 0.583403 0.469784 0.307467
-0.96 1.85138 0.555452 0.464931 0.299565
-0.956 1.82918 0.527764 0.460217 0.291923
-0.952 1.80571 0.500346 0.455642 0.284543
-0.948 1.781 0.473203 0.451203 0.277425
-0.944 1.75506 0.446341 0.446899 0.27057
-0.94 1.72793 0.419763 0.442727 0.263978
-0.936 1.69963 0.393476 0.438685 0.25765
-0.932 1.67019 0.367485 0.434772 0.251586
-0.928 1.63965 0.341793 0.430985 0.245786
-0.924 1.60803 0.316407 0.427324 0.240251
-0.92 1.57537 0.291329 0.423786 0.234981
-0.916 1.54171 0.266566 0.42037 0.229975
-0.912 1.50708 0.24212 0.417074 0.225235
-0.908 1.47152 0.217996 0.413896 0.220761
-0.904 1.43508 0.194199 0.410835 0.216551
-0.9 1.39779 0.170732 0.40789 0.212606
-0.896 1.35969 0.147598 0.405059 0.208927
-0.892 1.32084 0.124802 0.40234 0.205512
-0.888 1.28127 0.102348 0.399733 0.202362
-0.884 1.24104 0.0802372 0.397236 0.199476
-0.88 1.20018 0.0584746 0.394848 0.196854
-0.876 1.15875 0.0370629 0.392568 0.194495
-0.872 1.1168 0.0160051 0.390394 0.1924
-0.868 1.07437 -0.00469586 0.388326 0.190567
-0.864 1.03152 -0.0250372 0.386362 0.188996
-0.86 0.98829 -0.0450162 0.384502 0.187686
-0.856 0.944743 -0.0646303 0.382745 0.186637
-0.852 0.900927 -0.0838772 0.381089 0.185847
-0.848 0.856894 -0.102754 0.379534 0.185317
-0.844 0.812698 -0.12126 0.378079 0.185045
-0.84 0.768391 -0.139392 0.376724 0.185031
-0.836 0.724026 -0.157148 0.375467 0.185273
-0.832 0.679658 -0.174526 0.374308 0.18577
-0.828 0.63534 -0.191526 0.373247 0.186522
-0.824 0.591125 -0.208144 0.372282 0.187527
-0.82 0.547067 -0.22438 0.371414 0.188784
-0.816 0.503219 -0.240233 0.370642 0.190293
-0.812 0.459634 -0.2557 0.369966 0.192051
-0.808 0.416365 -0.270782 0.369385 0.194058
-0.804 0.373464 -0.285477 0.368899 0.196312
-0.8 0.330983 -0.299784 0.368507 0.198811
-0.796 0.288973 -0.313702 0.36821 0.201555
-0.792 0.247485 -0.327232 0.368008 0.204542
-0.788 0.206568 -0.340371 0.367899 0.207771
-0.784 0.166273 -0.35312 0.367885 0.211239
-0.78 0.126646 -0.365479 0.367965 0.214945
-0.776 0.0877365 -0.377447 0.368139 0.218889
-0.772 0.0495897 -0.389024 0.368408 0.223067
-0.768 0.0122513 -0.400211 0.368771 0.227478
-0.764 -0.0242343 -0.411007 0.369229 0.232121
-0.76 -0.059824 -0.421412 0.369781 0.236993
-0.756 -0.0944759 -0.431428 0.370429 0.242093
-0.752 -0.128149 -0.441054 0.371172 0.247419
-0.748 -0.160805 -0.45029 0.372011 0.252969
-0.744 -0.192405 -0.459139 0.372946 0.258741
-0.74 -0.222913 -0.467599 0.373978 0.264733
-0.736 -0.252294 -0.475673 0.375108 0.270943
-0.732 -0.280515 -0.483362 0.376335 0.277369
-0.728 -0.307544 -0.490665 0.377661 0.284008
-0.724 -0.333351 -0.497585 0.379086 0.290859
-0.72 -0.357907 -0.504122 0.38061 0.29792
-0.716 -0.381185 -0.510279 0.382236 0.305187
-0.712 -0.403162 -0.516055 0.383963 0.31266
-0.708 -0.423813 -0.521454 0.385792 0.320335
-0.704 -0.443118 -0.526477 0.387724 0.328211
-0.7 -0.461057 -0.531125 0.389761 0.336284
-0.696 -0.477612 -0.5354 0.391903 0.344553
-0.692 -0.492768 -0.539304 0.394151 0.353015
-0.688 -0.506511 -0.54284 0.396506 0.361668
-0.684 -0.51883 -0.546008 0.39897 0.370509
-0.68 -0.529715 -0.548812 0.401544 0.379536
-0.676 -0.539158 -0.551254 0.404229 0.388745
-0.672 -0.547153 -0.553336 0.407026 0.398136
-0.668 -0.553697 -0.55506 0.409937 0.407704
-0.664 -0.558788 -0.556429 0.412962 0.417447
-0.66 -0.562427 -0.557446 0.416105 0.427364
-0.656 -0.564615 -0.558112 0.419365 0.43745
-0.652 -0.565357 -0.558432 0.422745 0.447703
-0.648 -0.56466 -0.558408 0.426247 0.458122
-0.644 -0.562532 -0.558042 0.429871 0.468701
-0.64 -0.558983 -0.557339 0.433619 0.47944
-0.636 -0.554026 -0.556299 0.437494 0.490335
-0.632 -0.547674 -0.554928 0.441497 0.501384
-0.628 -0.539945 -0.553228 0.445629 0.512583
-0.624 -0.530856 -0.551202 0.449894 0.52393
-0.62 -0.520427 -0.548854 0.454292 0.535421
-0.616 -0.50868 -0.546188 0.458826 0.547055
-0.612 -0.49564 -0.543205 0.463498 0.558827
-0.608 -0.48133 -0.539911 0.468309 0.570736
-0.604 -0.46578 -0.536309 0.473262 0.582777
-0.6 -0.449017 -0.532402 0.478359 0.594949
-0.596 -0.431072 -0.528194 0.483602 0.607248
-0.592 -0.411979 -0.523689 0.488994 0.61967
-0.588 -0.391769 -0.518891 0.494536 0.632214
-0.584 -0.37048 -0.513804 0.500232 0.644876
-0.58 -0.348147 -0.508431 0.506082 0.657653
-0.576 -0.32481 -0.502777 0.512091 0.670541
-0.572 -0.300507 -0.496846 0.518259 0.683539
-0.568 -0.275281 -0.490641 0.52459 0.696642
-0.564 -0.249173 -0.484168 0.531086 0.709847
-0.56 -0.222227 -0.477429 0.53775 0.723152
-0.556 -0.194487 -0.470431 0.544584 0.736553
-0.552 -0.166 -0.463176 0.55159 0.750048
-0.548 -0.136812 -0.455669 0.558772 0.763632
-0.544 -0.10697 -0.447915 0.566131 0.777304
-0.54 -0.0765246 -0.439918 0.573671 0.791058
-0.536 -0.0455235 -0.431682 0.581394 0.804894
-0.532 -0.0140176 -0.423212 0.589303 0.818807
-0.528 0.0179425 -0.414513 0.5974 0.832793
-0.524 0.0503052 -0.40559 0.605689 0.846851
-0.52 0.0830187 -0.396446 0.614171 0.860977
-0.516 0.11603 -0.387086 0.62285 0.875167
-0.512 0.149288 -0.377516 0.631728 0.889418
-0.508 0.182737 -0.36774 0.640807 0.903727
-0.504 0.216326 -0.357762 0.650092 0.918091
-0.5 0.25 -0.347588 0.659583 0.932507
-0.496 0.283706 -0.337223 0.669285 0.946971
-0.492 0.317391 -0.32667 0.679199 0.96148
-0.488 0.351 -0.315936 0.689328 0.976032
-0.484 0.384482 -0.305025 0.699675 0.990622
-0.48 0.417781 -0.293941 0.710242 1.00525
-0.476 0.450847 -0.282691 0.721032 1.0199
-0.472 0.483626 -0.271278 0.732047 1.03459
-0.468 0.516066 -0.259708 0.743289 1.0493
-0.464 0.548116 -0.247986 0.754762 1.06404
-0.46 0.579725 -0.236117 0.766467 1.07879
-0.456 0.610842 -0.224106 0.778406 1.09356
-0.452 0.64142 -0.211957 0.790582 1.10835
-0.448 0.671408 -0.199677 0.802997 1.12314
-0.444 0.700759 -0.187269 0.815653 1.13794
-0.44 0.729427 -0.17474 0.828551 1.15274
-0.436 0.757365 -0.162093 0.841694 1.16755
-0.432 0.784529 -0.149336 0.855083 1.18235
-0.428 0.810875 -0.136471 0.86872 1.19714
-0.424 0.836362 -0.123505 0.882606 1.21193
-0.42 0.860947 -0.110442 0.896742 1.2267
-0.416 0.884592 -0.0972885 0.911131 1.24146
-0.412 0.907257 -0.0840484 0.925772 1.2562
-0.408 0.928907 -0.0707273 0.940668 1.27091
-0.404 0.949504 -0.0573301 0.955818 1.2856
-0.4 0.969017 -0.043862 0.971223 1.30027
-0.396 0.987412 -0.0303281 0.986883 1.3149
-0.392 1.00466 -0.0167335 1.0028 1.3295
-0.388 1.02073 -0.00308326 1.01897 1.34406
-0.384 1.03559 0.0106176 1.0354 1.35858
-0.38 1.04923 0.0243639 1.05209 1.37305
-0.376 1.06161 0.0381507 1.06902 1.38748
-0.372 1.07271 0.0519729 1.08622 1.40186
-0.368 1.08252 0.0658255 1.10366 1.41619
-0.364 1.09102 0.0797035 1.12136 1.43046
-0.36 1.09818 0.0936018 1.13931 1.44468
-0.356 1.104 0.107516 1.15751 1.45883
-0.352 1.10847 0.12144 1.17595 1.47292
-0.348 1.11157 0.135369 1.19464 1.48694
-0.344 1.11329 0.1493 1.21357 1.5009
-0.34 1.11363 0.163226 1.23274 1.51477
-0.336 1.11258 0.177142 1.25214 1.52858
-0.332 1.11015 0.191045 1.27178 1.5423
-0.328 1.10632 0.204929 1.29165 1.55595
-0.324 1.10111 0.218789 1.31174 1.56951
-0.32 1.09451 0.23262 1.33204 1.58298
-0.316 1.08654 0.246418 1.35257 1.59636
-0.312 1.0772 0.260179 1.3733 1.60965
-0.308 1.0665 0.273896 1.39424 1.62285
-0.304 1.05444 0.287567 1.41538 1.63594
-0.3 1.04106 0.301185 1.43671 1.64894
-0.296 1.02635 0.314747 1.45823 1.66183
-0.292 1.01034 0.328248 1.47993 1.67462
-0.288 0.99305 0.341683 1.5018 1.6873
-0.284 0.974497 0.355048 1.52383 1.69987
-0.28 0.954707 0.368338 1.54602 1.71233
-0.276 0.933703 0.38155 1.56836 1.72467
-0.272 0.911512 0.394678 1.59083 1.73689
-0.268 0.888163 0.407719 1.61344 1.74899
-0.264 0.863686 0.420667 1.63617 1.76097
-0.26 0.838113 0.433519 1.65901 1.77282
-0.256 0.811477 0.446271 1.68195 1.78454
-0.252 0.783813 0.458919 1.70498 1.79614
-0.248 0.755157 0.471457 1.72809 1.8076
-0.244 0.725548 0.483883 1.75127 1.81893
-0.24 0.695024 0.496192 1.7745 1.83011
-0.236 0.663626 0.50838 1.79778 1.84116
-0.232 0.631397 0.520443 1.82109 1.85207
-0.228 0.598378 0.532378 1.84442 1.86284
-0.224 0.564616 0.544181 1.86776 1.87346
-0.22 0.530154 0.555847 1.89109 1.88393
-0.216 0.495039 0.567373 1.91439 1.89425
-0.212 0.45932 0.578756 1.93767 1.90441
-0.208 0.423043 0.589991 1.96089 1.91443
-0.204 0.386259 0.601076 1.98405 1.92429
-0.2 0.349017 0.612006 2.00713 1.93399
-0.196 0.311368 0.622778 2.03012 1.94353
-0.192 0.273363 0.63339 2.053 1.95291
-0.188 0.235054 0.643836 2.07575 1.96212
-0.184 0.196493 0.654115 2.09837 1.97117
-0.18 0.157733 0.664223 2.12083 1.98005
-0.176 0.118827 0.674157 2.14311 1.98876
-0.172 0.0798283 0.683913 2.16521 1.99731
-0.168 0.04079 0.693489 2.1871 2.00567
-0.164 0.0017659 0.702882 2.20878 2.01387
-0.16 -0.0371905 0.712088 2.23021 2.02189
-0.156 -0.0760257 0.721105 2.25139 2.02973
-0.152 -0.114686 0.72993 2.2723 2.0374
-0.148 -0.153119 0.738561 2.29292 2.04488
-0.144 -0.191271 0.746994 2.31324 2.05218
-0.14 -0.22909 0.755227 2.33323 2.0593
-0.136 -0.266523 0.763258 2.35289 2.06623
-0.132 -0.30352 0.771083 2.3722 2.07298
-0.128 -0.340028 0.778701 2.39113 2.07954
-0.124 -0.375998 0.78611 2.40968 2.08592
-0.12 -0.411379 0.793306 2.42782 2.0921
-0.116 -0.446124 0.800288 2.44555 2.09809
-0.112 -0.480183 0.807054 2.46284 2.10389
-0.108 -0.513511 0.813601 2.47968 2.1095
-0.104 -0.54606 0.819928 2.49606 2.11491
-0.1 -0.577785 0.826032 2.51195 2.12013
-0.096 -0.608644 0.831912 2.52736 2.12515
-0.092 -0.638592 0.837566 2.54225 2.12997
-0.088 -0.667589 0.842992 2.55662 2.13459
-0.084 -0.695594 0.848188 2.57045 2.13902
-0.08 -0.722569 0.853154 2.58373 2.14324
-0.076 -0.748475 0.857887 2.59645 2.14727
-0.072 -0.773278 0.862386 2.6086 2.15109
-0.068 -0.796943 0.866649 2.62016 2.15471
-0.064 -0.819437 0.870676 2.63112 2.15813
-0.06 -0.840728 0.874465 2.64148 2.16134
-0.056 -0.860787 0.878015 2.65121 2.16435
-0.052 -0.879587 0.881325 2.66032 2.16716
-0.048 -0.897101 0.884394 2.66879 2.16975
-0.044 -0.913305 0.887221 2.67661 2.17215
-0.04 -0.928176 0.889804 2.68378 2.17433
-0.036 -0.941695 0.892144 2.69029 2.17631
-0.032 -0.953841 0.89424 2.69613 2.17808
-0.028 -0.964598 0.89609 2.7013 2.17965
-0.024 -0.973951 0.897695 2.70579 2.181
-0.02 -0.981887 0.899054 2.7096 2.18215
-0.016 -0.988396 0.900167 2.71272 2.18309
-0.012 -0.993467 0.901032 2.71515 2.18382
-0.008 -0.997095 0.901651 2.71689 2.18434
-0.004 -0.999273 0.902022 2.71793 2.18466
0 -1 0.902145 2.71828 2.18476
0.004 -0.999273 0.902022 2.71793 2.18466
0.008 -0.997095 0.901651 2.71689 2.18434
0.012 -0.993467 0.901032 2.71515 2.18382
0.016 -0.988396 0.900167 2.71272 2.18309
0.02 -0.981887 0.899054 2.7096 2.18215
0.024 -0.973951 0.897695 2.70579 2.181
0.028 -0.964598 0.89609 2.7013 2.17965
0.032 -0.953841 0.89424 2.69613 2.17808
0.036 -0.941695 0.892144 2.69029 2.17631
0.04 -0.928176 0.889804 2.68378 2.17433
0.044 -0.913305 0.887221 2.67661 2.17215
0.048 -0.897101 0.884394 2.66879 2.16975
0.052 -0.879587 0.881325 2.66032 2.16716
0.056 -0.860787 0.878015 2.65121 2.16435
0.06 -0.840728 0.874465 2.64148 2.16134
0.064 -0.819437 0.870676 2.63112 2.15813
0.068 -0.796943 0.866649 2.62016 2.15471
0.072 -0.773278 0.862386 2.6086 2.15109
0.076 -0.748475 0.857887 2.59645 2.14727
0.08 -0.722569 0.853154 2.58373 2.14324
0.084 -0.695594 0.848188 2.57045 2.13902
0.088 -0.667589 0.842992 2.55662 2.13459
0.092 -0.638592 0.837566 2.54225 2.12997
0.096 -0.608644 0.831912 2.52736 2.12515
0.1 -0.577785 0.826032 2.51195 2.12013
0.104 -0.54606 0.819928 2.49606 2.11491
0.108 -0.513511 0.813601 2.47968 2.1095
0.112 -0.480183 0.807054 2.46284 2.10389
0.116 -0.446124 0.800288 2.44555 2.09809
0.12 -0.411379 0.793306 2.42782 2.0921
0.124 -0.375998 0.78611 2.40968 2.08592
0.128 -0.340028 0.778701 2.39113 2.07954
0.132 -0.30352 0.771083 2.3722 2.07298
0.136 -0.266523 0.763258 2.35289 2.06623
0.14 -0.22909 0.755227 2.33323 2.0593
0.144 -0.191271 0.746994 2.31324 2.05218
0.148 -0.153119 0.738561 2.29292 2.04488
0.152 -0.114686 0.72993 2.2723 2.0374
0.156 -0.0760257 0.721105 2.25139 2.02973
0.16 -0.0371905 0.712088 2.23021 2.02189
0.164 0.0017659 0.702882 2.20878 2.01387
0.168 0.04079 0.693489 2.1871 2.00567
0.172 0.0798283 0.683913 2.16521 1.99731
0.176 0.118827 0.674157 2.14311 1.98876
0.18 0.157733 0.664223 2.12083 1.98005
0.184 0.196493 0.654115 2.09837 1.97117
0.188 0.235054 0.643836 2.07575 1.96212
0.192 0.273363 0.63339 2.053 1.95291
0.196 0.311368 0.622778 2.03012 1.94353
0.2 0.349017 0.612006 2.00713 1.93399
0.204 0.386259 0.601076 1.98405 1.92429
0.208 0.423043 0.589991 1.96089 1.91443
0.212 0.45932 0.578756 1.93767 1.90441
0.216 0.495039 0.567373 1.91439 1.89425
0.22 0.530154 0.555847 1.89109 1.88393
0.224 0.564616 0.544181 1.86776 1.87346
0.228 0.598378 0.532378 1.84442 1.86284
0.232 0.631397 0.520443 1.82109 1.85207
0.236 0.663626 0.50838 1.79778 1.84116
0.24 0.695024 0.496192 1.7745 1.83011
0.244 0.725548 0.483883 1.75127 1.81893
0.248 0.755157 0.471457 1.72809 1.8076
0.252 0.783813 0.458919 1.70498 1.79614
0.256 0.811477 0.446271 1.68195 1.78454
0.26 0.838113 0.433519 1.65901 1.77282
0.264 0.863686 0.420667 1.63617 1.76097
0.268 0.888163 0.407719 1.61344 1.74899
0.272 0.911512 0.394678 1.59083 1.73689
0.276 0.933703 0.38155 1.56836 1.72467
0.28 0.954707 0.368338 1.54602 1.71233
0.284 0.974497 0.355048 1.52383 1.69987
0.288 0.99305 0.341683 1.5018 1.6873
0.292 1.01034 0.328248 1.47993 1.67462
0.296 1.02635 0.314747 1.45823 1.66183
0.3 1.04106 0.301185 1.43671 1.64894
0.304 1.05444 0.287567 1.41538 1.63594
0.308 1.0665 0.273896 1.39424 1.62285
0.312 1.0772 0.260179 1.3733 1.60965
0.316 1.08654 0.246418 1.35257 1.59636
0.32 1.09451 0.23262 1.33204 1.58298
0.324 1.10111 0.218789 1.31174 1.56951
0.328 1.10632 0.204929 1.29165 1.55595
0.332 1.11015 0.191045 1.27178 1.5423
0.336 1.11258 0.177142 1.25214 1.52858
0.34 1.11363 0.163226 1.23274 1.51477
0.344 1.11329 0.1493 1.21357 1.5009
0.348 1.11157 0.135369 1.19464 1.48694
0.352 1.10847 0.12144 1.17595 1.47292
0.356 1.104 0.107516 1.15751 1.45883
0.36 1.09818 0.0936018 1.13931 1.44468
0.364 1.09102 0.0797035 1.12136 1.43046
0.368 1.08252 0.0658255 1.10366 1.41619
0.372 1.07271 0.0519729 1.08622 1.40186
0.376 1.06161 0.0381507 1.06902 1.38748
0.38 1.04923 0.0243639 1.05209 1.37305
0.384 1.03559 0.0106176 1.0354 1.35858
0.388 1.02073 -0.00308326 1.01897 1.34406
0.392 1.00466 -0.0167335 1.0028 1.3295
0.396 0.987412 -0.0303281 0.986883 1.3149
0.4 0.969017 -0.043862 0.971223 1.30027
0.404 0.949504 -0.0573301 0.955818 1.2856
0.408 0.928907 -0.0707273 0.940668 1.27091
0.412 0.907257 -0.0840484 0.925772 1.2562
0.416 0.884592 -0.0972885 0.911131 1.24146
0.42 0.860947 -0.110442 0.896742 1.2267
0.424 0.836362 -0.123505 0.882606 1.21193
0.428 0.810875 -0.136471 0.86872 1.19714
0.432 0.784529 -0.149336 0.855083 1.18235
0.436 0.757365 -0.162093 0.841694 1.16755
0.44 0.729427 -0.17474 0.828551 1.15274
0.444 0.700759 -0.187269 0.815653 1.13794
0.448 0.671408 -0.199677 0.802997 1.12314
0.452 0.64142 -0.211957 0.790582 1.10835
0.456 0.610842 -0.224106 0.778406 1.09356
0.46 0.579725 -0.236117 0.766467 1.07879
0.464 0.548116 -0.247986 0.754762 1.06404
0.468 0.516066 -0.259708 0.743289 1.0493
0.472 0.483626 -0.271278 0.732047 1.03459
0.476 0.450847 -0.282691 0.721032 1.0199
0.48 0.417781 -0.293941 0.710242 1.00525
0.484 0.384482 -0.305025 0.699675 0.990622
0.488 0.351 -0.315936 0.689328 0.976032
0.492 0.317391 -0.32667 0.679199 0.96148
0.496 0.283706 -0.337223 0.669285 0.946971
0.5 0.25 -0.347588 0.659583 0.932507
0.504 0.216326 -0.357762 0.650092 0.918091
0.508 0.182737 -0.36774 0.640807 0.903727
0.512 0.149288 -0.377516 0.631728 0.889418
0.516 0.11603 -0.387086 0.62285 0.875167
0.52 0.0830187 -0.396446 0.614171 0.860977
0.524 0.0503052 -0.40559 0.605689 0.846851
0.528 0.0179425 -0.414513 0.5974 0.832793
0.532 -0.0140176 -0.423212 0.589303 0.818807
0.536 -0.0455235 -0.431682 0.581394 0.804894
0.54 -0.0765246 -0.439918 0.573671 0.791058
0.544 -0.10697 -0.447915 0.566131 0.777304
0.548 -0.136812 -0.455669 0.558772 0.763632
0.552 -0.166 -0.463176 0.55159 0.750048
0.556 -0.194487 -0.470431 0.544584 0.736553
0.56 -0.222227 -0.477429 0.53775 0.723152
0.564 -0.249173 -0.484168 0.531086 0.709847
0.568 -0.275281 -0.490641 0.52459 0.696642
0.572 -0.300507 -0.496846 0.518259 0.683539
0.576 -0.32481 -0.502777 0.512091 0.670541
0.58 -0.348147 -0.508431 0.506082 0.657653
0.584 -0.37048 -0.513804 0.500232 0.644876
0.588 -0.391769 -0.518891 0.494536 0.632214
0.592 -0.411979 -0.523689 0.488994 0.61967
0.596 -0.431072 -0.528194 0.483602 0.607248
0.6 -0.449017 -0.532402 0.478359 0.594949
0.604 -0.46578 -0.536309 0.473262 0.582777
0.608 -0.48133 -0.539911 0.468309 0.570736
0.612 -0.49564 -0.543205 0.463498 0.558827
0.616 -0.50868 -0.546188 0.458826 0.547055
0.62 -0.520427 -0.548854 0.454292 0.535421
0.624 -0.530856 -0.551202 0.449894 0.52393
0.628 -0.539945 -0.553228 0.445629 0.512583
0.632 -0.547674 -0.554928 0.441497 0.501384
0.636 -0.554026 -0.556299 0.437494 0.490335
0.64 -0.558983 -0.557339 0.433619 0.47944
0.644 -0.562532 -0.558042 0.429871 0.468701
0.648 -0.56466 -0.558408 0.426247 0.458122
0.652 -0.565357 -0.558432 0.422745 0.447703
0.656 -0.564615 -0.558112 0.419365 0.43745
0.66 -0.562427 -0.557446 0.416105 0.427364
0.664 -0.558788 -0.556429 0.412962 0.417447
0.668 -0.553697 -0.55506 0.409937 0.407704
0.672 -0.547153 -0.553336 0.407026 0.398136
0.676 -0.539158 -0.551254 0.404229 0.388745
0.68 -0.529715 -0.548812 0.401544 0.379536
0.684 -0.51883 -0.546008 0.39897 0.370509
0.688 -0.506511 -0.54284 0.396506 0.361668
0.692 -0.492768 -0.539304 0.394151 0.353015
0.696 -0.477612 -0.5354 0.391903 0.344553
0.7 -0.461057 -0.531125 0.389761 0.336284
0.704 -0.443118 -0.526477 0.387724 0.328211
0.708 -0.423813 -0.521454 0.385792 0.320335
0.712 -0.403162 -0.516055 0.383963 0.31266
0.716 -0.381185 -0.510279 0.382236 0.305187
0.72 -0.357907 -0.504122 0.38061 0.29792
0.724 -0.333351 -0.497585 0.379086 0.290859
0.728 -0.307544 -0.490665 0.377661 0.284008
0.732 -0.280515 -0.483362 0.376335 0.277369
0.736 -0.252294 -0.475673 0.375108 0.270943
0.74 -0.222913 -0.467599 0.373978 0.264733
0.744 -0.192405 -0.459139 0.372946 0.258741
0.748 -0.160805 -0.45029 0.372011 0.252969
0.752 -0.128149 -0.441054 0.371172 0.247419
0.756 -0.0944759 -0.431428 0.370429 0.242093
0.76 -0.059824 -0.421412 0.369781 0.236993
0.764 -0.0242343 -0.411007 0.369229 0.232121
0.768 0.0122513 -0.400211 0.368771 0.227478
0.772 0.0495897 -0.389024 0.368408 0.223067
0.776 0.0877365 -0.377447 0.368139 0.218889
0.78 0.126646 -0.365479 0.367965 0.214945
0.784 0.166273 -0.35312 0.367885 0.211239
0.788 0.206568 -0.340371 0.367899 0.207771
0.792 0.247485 -0.327232 0.368008 0.204542
0.796 0.288973 -0.313702 0.36821 0.201555
0.8 0.330983 -0.299784 0.368507 0.198811
0.804 0.373464 -0.285477 0.368899 0.196312
0.808 0.416365 -0.270782 0.369385 0.194058
0.812 0.459634 -0.2557 0.369966 0.192051
0.816 0.503219 -0.240233 0.370642 0.190293
0.82 0.547067 -0.22438 0.371414 0.188784
0.824 0.591125 -0.208144 0.372282 0.187527
0.828 0.63534 -0.191526 0.373247 0.186522
0.832 0.679658 -0.174526 0.374308 0.18577
0.836 0.724026 -0.157148 0.375467 0.185273
0.84 0.768391 -0.139392 0.376724 0.185031
0.844 0.812698 -0.12126 0.378079 0.185045
0.848 0.856894 -0.102754 0.379534 0.185317
0.852 0.900927 -0.0838772 0.381089 0.185847
0.856 0.944743 -0.0646303 0.382745 0.186637
0.86 0.98829 -0.0450162 0.384502 0.187686
0.864 1.03152 -0.0250372 0.386362 0.188996
0.868 1.07437 -0.00469586 0.388326 0.190567
0.872 1.1168 0.0160051 0.390394 0.1924
0.876 1.15875 0.0370629 0.392568 0.194495
0.88 1.20018 0.0584746 0.394848 0.196854
0.884 1.24104 0.0802372 0.397236 0.199476
0.888 1.28127 0.102348 0.399733 0.202362
0.892 1.32084 0.124802 0.40234 0.205512
0.896 1.35969 0.147598 0.405059 0.208927
0.9 1.39779 0.170732 0.40789 0.212606
0.904 1.43508 0.194199 0.410835 0.216551
0.908 1.47152 0.217996 0.413896 0.220761
0.912 1.50708 0.24212 0.417074 0.225235
0.916 1.54171 0.266566 0.42037 0.229975
0.92 1.57537 0.291329 0.423786 0.234981
0.924 1.60803 0.316407 0.427324 0.240251
0.928 1.63965 0.341793 0.430985 0.245786
0.932 1.67019 0.367485 0.434772 0.251586
0.936 1.69963 0.393476 0.438685 0.25765
0.94 1.72793 0.419763 0.442727 0.263978
0.944 1.75506 0.446341 0.446899 0.27057
0.948 1.781 0.473203 0.451203 0.277425
0.952 1.80571 0.500346 0.455642 0.284543
0.956 1.82918 0.527764 0.460217 0.291923
0.96 1.85138 0.555452 0.464931 0.299565
0.964 1.87229 0.583403 0.469784 0.307467
0.968 1.89189 0.611613 0.47478 0.315629
0.972 1.91017 0.640076 0.479921 0.324051
0.976 1.9271 0.668785 0.485209 0.332731
0.98 1.94269 0.697735 0.490646 0.341668
0.984 1.95691 0.726919 0.496234 0.350862
0.988 1.96976 0.756332 0.501976 0.360311
0.992 1.98122 0.785967 0.507874 0.370014
0.996 1.99131 0.815817 0.51393 0.37997
1 2 0.845876 0.520147 0.390178
1.004 2.00731 0.876137 0.526528 0.400636
1.008 2.01322 0.906593 0.533074 0.411343
1.012 2.01776 0.937237 0.539788 0.422298
1.016 2.02091 0.968063 0.546674 0.433499
1.02 2.02269 0.999062 0.553733 0.444945
1.024 2.0231 1.03023 0.560967 0.456633
1.028 2.02217 1.06155 0.568381 0.468562
1.032 2.01989 1.09303 0.575976 0.480731
1.036 2.01629 1.12465 0.583754 0.493137
1.04 2.01138 1.15641 0.59172 0.505779
1.044 2.00518 1.18829 0.599874 0.518654
1.048 1.99771 1.2203 0.608221 0.531762
1.052 1.989 1.25242 0.616762 0.545098
1.056 1.97906 1.28464 0.6255 0.558663
1.06 1.96793 1.31696 0.634438 0.572452
1.064 1.95563 1.34936 0.64358 0.586464
1.068 1.94219 1.38185 0.652926 0.600697
1.072 1.92765 1.4144 0.662481 0.615148
1.076 1.91203 1.44702 0.672246 0.629814
1.08 1.89537 1.47969 0.682224 0.644694
1.084 1.87771 1.5124 0.692419 0.659784
1.088 1.85908 1.54515 0.702831 0.675082
1.092 1.83952 1.57792 0.713465 0.690586
1.096 1.81908 1.61071 0.724323 0.706291
1.1 1.79779 1.64351 0.735406 0.722196
1.104 1.77569 1.6763 0.746717 0.738297
1.108 1.75284 1.70908 0.75826 0.754592
1.112 1.72927 1.74185 0.770035 0.771078
1.116 1.70504 1.77458 0.782045 0.78775
1.12 1.68018 1.80727 0.794293 0.804607
1.124 1.65475 1.83991 0.80678 0.821645
1.128 1.6288 1.87249 0.819508 0.83886
1.132 1.60237 1.905 0.83248 0.85625
1.136 1.57552 1.93743 0.845697 0.873811
1.14 1.54829 1.96977 0.85916 0.891538
1.144 1.52074 2.00201 0.872872 0.90943
1.148 1.49293 2.03415 0.886833 0.927481
1.152 1.46489 2.06616 0.901046 0.945689
1.156 1.4367 2.09803 0.91551 0.96405
1.16 1.40839 2.12977 0.930228 0.98256
1.164 1.38003 2.16136 0.9452 1.00121
1.168 1.35166 2.19278 0.960426 1.02001
1.172 1.32334 2.22403 0.975908 1.03894
1.176 1.29512 2.2551 0.991646 1.05801
1.18 1.26707 2.28598 1.00764 1.0772
1.184 1.23922 2.31665 1.02389 1.09652
1.188 1.21163 2.3471 1.0404 1.11596
1.192 1.18437 2.37733 1.05716 1.13552
1.196 1.15746 2.40732 1.07417 1.15519
1.2 1.13098 2.43706 1.09144 1.17497
1.204 1.10497 2.46655 1.10896 1.19485
1.208 1.07948 2.49576 1.12674 1.21482
1.212 1.05457 2.5247 1.14476 1.2349
1.216 1.03027 2.55335 1.16303 1.25506
1.22 1.00665 2.58169 1.18155 1.2753
1.224 0.983736 2.60972 1.20031 1.29563
1.228 0.96159 2.63742 1.21931 1.31603
1.232 0.940251 2.6648 1.23855 1.33651
1.236 0.919766 2.69182 1.25803 1.35704
1.24 0.900176 2.71849 1.27773 1.37764
1.244 0.881524 2.74479 1.29767 1.3983
1.248 0.863851 2.77072 1.31782 1.419
1.252 0.847195 2.79625 1.3382 1.43975
1.256 0.831595 2.82139 1.35879 1.46054
1.26 0.817087 2.84611 1.37958 1.48137
1.264 0.803706 2.87041 1.40058 1.50223
1.268 0.791485 2.89428 1.42178 1.52311
1.272 0.780456 2.91771 1.44317 1.54401
1.276 0.770649 2.94068 1.46474 1.56492
1.28 0.762093 2.96319 1.48649 1.58585
1.284 0.754815 2.98522 1.50841 1.60677
1.288 0.748838 3.00677 1.53049 1.6277
1.292 0.744187 3.02782 1.55272 1.64861
1.296 0.740882 3.04837 1.57511 1.66952
1.3 0.738943 3.0684 1.59762 1.6904
1.304 0.738388 3.0879 1.62027 1.71126
1.308 0.739232 3.10686 1.64303 1.73209
1.312 0.741489 3.12528 1.6659 1.75289
1.316 0.74517 3.14314 1.68887 1.77364
1.32 0.750285 3.16044 1.71193 1.79434
1.324 0.756842 3.17715 1.73506 1.815
1.328 0.764847 3.19328 1.75825 1.83559
1.332 0.774303 3.20882 1.7815 1.85612
1.336 0.785212 3.22374 1.80479 1.87657
1.34 0.797573 3.23806 1.82811 1.89695
1.344 0.811385 3.25174 1.85144 1.91725
1.348 0.826643 3.2648 1.87478 1.93746
1.352 0.84334 3.27721 1.8981 1.95757
1.356 0.861468 3.28897 1.9214 1.97758
1.36 0.881017 3.30008 1.94466 1.99749
1.364 0.901974 3.31051 1.96787 2.01728
1.368 0.924326 3.32027 1.991 2.03695
1.372 0.948055 3.32934 2.01406 2.0565
1.376 0.973144 3.33772 2.03702 2.07592
1.38 0.999573 3.3454 2.05986 2.0952
1.384 1.02732 3.35237 2.08257 2.11433
1.388 1.05636 3.35863 2.10514 2.13332
1.392 1.08667 3.36416 2.12755 2.15215
1.396 1.11822 3.36897 2.14978 2.17082
1.4 1.15098 3.37303 2.17182 2.18931
1.404 1.18493 3.37636 2.19365 2.20764
1.408 1.22002 3.37893 2.21525 2.22578
1.412 1.25623 3.38076 2.23661 2.24374
1.416 1.29352 3.38181 2.25771 2.2615
1.42 1.33185 3.38211 2.27854 2.27907
1.424 1.37119 3.38163 2.29907 2.29642
1.428 1.41149 3.38037 2.31929 2.31357
1.432 1.45272 3.37833 2.33919 2.3305
1.436 1.49483 3.37551 2.35874 2.3472
1.44 1.53777 3.37189 2.37793 2.36367
1.444 1.58151 3.36748 2.39675 2.37991
1.448 1.626 3.36228 2.41518 2.3959
1.452 1.67119 3.35627 2.4332 2.41165
1.456 1.71703 3.34945 2.4508 2.42713
1.46 1.76348 3.34183 2.46796 2.44236
1.464 1.81048 3.3334 2.48466 2.45732
1.468 1.85798 3.32416 2.50089 2.47201
1.472 1.90594 3.31411 2.51664 2.48642
1.476 1.95431 3.30324 2.53189 2.50054
1.48 2.00302 3.29156 2.54663 2.51437
1.484 2.05203 3.27906 2.56084 2.5279
1.488 2.10129 3.26575 2.57451 2.54113
1.492 2.15074 3.25162 2.58762 2.55405
1.496 2.20033 3.23668 2.60017 2.56665
1.5 2.25 3.22093 2.61214 2.57893
1.504 2.29971 3.20436 2.62352 2.59089
1.508 2.34939 3.18699 2.6343 2.60251
1.512 2.399 3.16881 2.64447 2.6138
1.516 2.44848 3.14982 2.65402 2.62474
1.52 2.49778 3.13003 2.66293 2.63533
1.524 2.54685 3.10945 2.67121 2.64556
1.528 2.59563 3.08808 2.67884 2.65544
1.532 2.64407 3.06591 2.68581 2.66495
1.536 2.69212 3.04297 2.69212 2.67409
1.54 2.73972 3.01925 2.69776 2.68285
1.544 2.78684 2.99476 2.70273 2.69123
1.548 2.83342 2.96951 2.70701 2.69922
1.552 2.87941 2.9435 2.71061 2.70682
1.556 2.92476 2.91674 2.71353 2.71402
1.56 2.96943 2.88925 2.71575 2.72082
1.564 3.01336 2.86103 2.71728 2.72721
1.568 3.05653 2.83209 2.71811 2.73319
1.572 3.09888 2.80244 2.71825 2.73875
1.576 3.14036 2.77209 2.71769 2.74389
1.58 3.18095 2.74106 2.71644 2.74861
1.584 3.22059 2.70935 2.71449 2.7529
1.588 3.25926 2.67698 2.71186 2.75675
1.592 3.29691 2.64397 2.70853 2.76016
1.596 3.3335 2.61032 2.70451 2.76313
1.6 3.36902 2.57606 2.69982 2.76565
1.604 3.40341 2.54119 2.69445 2.76772
1.608 3.43666 2.50574 2.6884 2.76934
1.612 3.46873 2.46972 2.68169 2.77049
1.616 3.49959 2.43315 2.67433 2.77119
1.62 3.52923 2.39605 2.66631 2.77142
1.624 3.55761 2.35844 2.65764 2.77118
1.628 3.58471 2.32034 2.64835 2.77046
1.632 3.61052 2.28176 2.63843 2.76927
1.636 3.63502 2.24274 2.62789 2.76761
1.64 3.65818 2.20328 2.61674 2.76546
1.644 3.68 2.16343 2.60501 2.76283
1.648 3.70047 2.1232 2.59269 2.75971
1.652 3.71957 2.08261 2.57979 2.7561
1.656 3.73729 2.0417 2.56634 2.75201
1.66 3.75363 2.00049 2.55235 2.74741
1.664 3.76858 1.959 2.53782 2.74233
1.668 3.78215 1.91727 2.52277 2.73674
1.672 3.79432 1.87533 2.50722 2.73066
1.676 3.80511 1.8332 2.49118 2.72408
1.68 3.81451 1.79092 2.47466 2.717
1.684 3.82254 1.74852 2.45768 2.70941
1.688 3.8292 1.70604 2.44026 2.70132
1.692 3.8345 1.6635 2.42241 2.69273
1.696 3.83844 1.62095 2.40414 2.68363
1.7 3.84106 1.57842 2.38547 2.67403
1.704 3.84235 1.53595 2.36643 2.66392
1.708 3.84234 1.49358 2.34701 2.65331
1.712 3.84105 1.45134 2.32725 2.64219
1.716 3.8385 1.40928 2.30716 2.63057
1.72 3.83471 1.36745 2.28675 2.61844
1.724 3.8297 1.32587 2.26604 2.60582
1.728 3.82351 1.28461 2.24504 2.59269
1.732 3.81616 1.24369 2.22379 2.57906
1.736 3.80769 1.20318 2.20228 2.56493
1.74 3.79811 1.16311 2.18054 2.5503
1.744 3.78748 1.12355 2.15858 2.53518
1.748 3.77581 1.08452 2.13643 2.51957
1.752 3.76316 1.0461 2.11409 2.50346
1.756 3.74955 1.00833 2.09158 2.48687
1.76 3.73502 0.971268 2.06892 2.4698
1.764 3.71963 0.934964 2.04613 2.45224
1.768 3.7034 0.899479 2.02321 2.43421
1.772 3.68638 0.864869 2.0002 2.4157
1.776 3.66862 0.831195 1.97709 2.39672
1.78 3.65015 0.798518 1.95391 2.37728
1.784 3.63104 0.766899 1.93067 2.35737
1.788 3.61132 0.736403 1.90738 2.33702
1.792 3.59104 0.707093 1.88407 2.31621
1.796 3.57026 0.679038 1.86074 2.29495
1.8 3.54902 0.652304 1.8374 2.27326
1.804 3.52737 0.626962 1.81407 2.25113
1.808 3.50536 0.603082 1.79077 2.22858
1.812 3.48305 0.580737 1.76751 2.20561
1.816 3.46049 0.560001 1.74429 2.18222
1.82 3.43773 0.540949 1.72113 2.15844
1.824 3.41483 0.52366 1.69804 2.13425
1.828 3.39183 0.50821 1.67504 2.10967
1.832 3.36879 0.494682 1.65212 2.08472
1.836 3.34577 0.483158 1.62932 2.05939
1.84 3.32281 0.47372 1.60662 2.0337
1.844 3.29997 0.466455 1.58405 2.00766
1.848 3.27731 0.461449 1.56162 1.98127
1.852 3.25488 0.458792 1.53932 1.95455
1.856 3.23273 0.458575 1.51718 1.92751
1.86 3.21091 0.460889 1.4952 1.90016
1.864 3.18948 0.46583 1.47338 1.8725
1.868 3.16848 0.473493 1.45174 1.84456
1.872 3.14797 0.483976 1.43027 1.81635
1.876 3.128 0.497379 1.409 1.78787
1.88 3.10862 0.513803 1.38792 1.75914
1.884 3.08988 0.533353 1.36704 1.73017
1.888 3.07182 0.556134 1.34637 1.70099
1.892 3.05449 0.582254 1.32591 1.67159
1.896 3.03794 0.611821 1.30567 1.642
1.9 3.02221 0.644947 1.28564 1.61223
1.904 3.00736 0.681747 1.26585 1.5823
1.908 2.99341 0.722335 1.24628 1.55223
1.912 2.98041 0.766829 1.22695 1.52202
1.916 2.96841 0.815349 1.20785 1.4917
1.92 2.95743 0.868017 1.18899 1.46129
1.924 2.94752 0.924956 1.17038 1.4308
1.928 2.93872 0.986294 1.15201 1.40025
1.932 2.93106 1.05216 1.13388 1.36966
1.936 2.92456 1.12268 1.11601 1.33905
1.94 2.91927 1.19799 1.09839 1.30844
1.944 2.91521 1.27823 1.08102 1.27785
1.948 2.91241 1.36353 1.0639 1.24731
1.952 2.9109 1.45403 1.04704 1.21682
1.956 2.91069 1.54987 1.03043 1.18643
1.96 2.91182 1.65121 1.01408 1.15614
1.964 2.91431 1.75818 0.997984 1.12598
1.968 2.91816 1.87093 0.982144 1.09598
1.972 2.9234 1.98963 0.96656 1.06615
1.976 2.93005 2.11441 0.951232 1.03653
1.98 2.93811 2.24544 0.936159 1.00715
1.984 2.9476 2.38288 0.92134 0.978013
1.988 2.95853 2.52689 0.906774 0.949164
1.992 2.97091 2.67764 0.892462 0.920625
1.996 2.98473 2.83528 0.878401 0.892424
