-2 3 0.86459
-1.71429 3.83974 2.31581
-1.42857 1.41733 2.32215
-1.14286 1.52864 0.868929
-0.857143 0.957215 0.383236
-0.571429 -0.296959 0.519154
-0.285714 0.982602 1.51437
0 -1 2.71828
0.285714 0.982602 1.51437
0.571429 -0.296959 0.519154
0.857143 0.957215 0.383236
1.14286 1.52864 0.868929
1.42857 1.41733 2.32215
1.71429 3.83974 2.31581
2 3 0.86459
-2 3 0.86459
-1.71429 3.83974 2.31581
-1.42857 1.41733 2.32215
-1.14286 1.52864 0.868929
-0.857143 0.957215 0.383236
-0.571429 -0.296959 0.519154
-0.285714 0.982602 1.51437
0 -1 2.71828
0.285714 0.982602 1.51437
0.571429 -0.296959 0.519154
0.857143 0.957215 0.383236
1.14286 1.52864 0.868929
1.42857 1.41733 2.32215
1.71429 3.83974 2.31581
2 3 0.86459
-2 3 0.86459
-1.71429 3.83974 2.31581
-1.42857 1.41733 2.32215
-1.14286 1.52864 0.868929
-0.857143 0.957215 0.383236
-0.571429 -0.296959 0.519154
-0.285714 0.982602 1.51437
0 -1 2.71828
0.285714 0.982602 1.51437
0.571429 -0.296959 0.519154
0.857143 0.957215 0.383236
1.14286 1.52864 0.868929
1.42857 1.41733 2.32215
1.71429 3.83974 2.31581
2 3 0.86459
-2 3 0.86459
-1.71429 3.83974 2.31581
-1.42857 1.41733 2.32215
-1.14286 1.52864 0.868929
-0.857143 0.957215 0.383236
-0.571429 -0.296959 0.519154
-0.285714 0.982602 1.51437
0 -1 2.71828
0.285714 0.982602 1.51437
0.571429 -0.296959 0.519154
0.857143 0.957215 0.383236
1.14286 1.52864 0.868929
1.42857 1.41733 2.32215
1.71429 3.83974 2.31581
2 3 0.86459
-2 3 0.86459
-1.71429 3.83974 2.31581
-1.42857 1.41733 2.32215
-1.14286 1.52864 0.868929
-0.857143 0.957215 0.383236
-0.571429 -0.296959 0.519154
-0.285714 0.982602 1.51437
0 -1 2.71828
0.285714 0.982602 1.51437
0.571429 -0.296959 0.519154
0.857143 0.957215 0.383236
1.14286 1.52864 0.868929
1.42857 1.41733 2.32215
1.71429 3.83974 2.31581
2 3 0.86459
