-2 3 0.86459
-1.9799 2.93789 0.936534
-1.9598 2.91173 1.01489
-1.9397 2.91963 1.09971
-1.9196 2.95849 1.19088
-1.8995 3.02414 1.28815
-1.8794 3.1115 1.39109
-1.8593 3.21472 1.49905
-1.8392 3.32742 1.61118
-1.8191 3.44289 1.72636
-1.79899 3.55439 1.84326
-1.77889 3.65532 1.96032
-1.75879 3.7395 2.07577
-1.73869 3.80136 2.18766
-1.71859 3.83618 2.29396
-1.69849 3.84023 2.39255
-1.67839 3.8109 2.48136
-1.65829 3.74682 2.55839
-1.63819 3.64787 2.62186
-1.61809 3.51523 2.67022
-1.59799 3.35131 2.70226
-1.57789 3.15965 2.71719
-1.55779 2.94482 2.71461
-1.53769 2.71227 2.69458
-1.51759 2.46808 2.65763
-1.49749 2.21879 2.60469
-1.47739 1.97116 2.53706
-1.45729 1.7319 2.45637
-1.43719 1.50747 2.36447
-1.41709 1.30382 2.26339
-1.39698 1.12618 2.15523
-1.37688 0.978873 2.04208
-1.35678 0.865188 1.92596
-1.33668 0.787221 1.80877
-1.31658 0.745826 1.69223
-1.29648 0.740576 1.57781
-1.27638 0.769778 1.46681
-1.25628 0.830538 1.36024
-1.23618 0.91886 1.25891
-1.21608 1.02979 1.1634
-1.19598 1.1576 1.07409
-1.17588 1.29597 0.991168
-1.15578 1.43826 0.914704
-1.13568 1.57769 0.844625
-1.11558 1.70762 0.780767
-1.09548 1.8218 0.722891
-1.07538 1.91453 0.670711
-1.05528 1.98095 0.623905
-1.03518 2.01714 0.582137
-1.01508 2.0203 0.545067
-0.994975 1.98885 0.512363
-0.974874 1.92247 0.483706
-0.954774 1.82212 0.4588
-0.934673 1.68999 0.437373
-0.914573 1.52946 0.41918
-0.894472 1.34494 0.404007
-0.874372 1.14173 0.39167
-0.854271 0.925838 0.382017
-0.834171 0.703734 0.374925
-0.81407 0.482157 0.370304
-0.79397 0.267848 0.368096
-0.773869 0.0673192 0.368271
-0.753769 -0.113382 0.370832
-0.733668 -0.268888 0.375811
-0.713568 -0.394705 0.383274
-0.693467 -0.487371 0.393314
-0.673367 -0.544584 0.406057
-0.653266 -0.565278 0.421662
-0.633166 -0.549669 0.440317
-0.613065 -0.499238 0.46224
-0.592965 -0.416687 0.48768
-0.572864 -0.305838 0.516913
-0.552764 -0.171495 0.550239
-0.532663 -0.019275 0.587978
-0.512563 0.144595 0.630466
-0.492462 0.3135 0.678042
-0.472362 0.480674 0.731041
-0.452261 0.63944 0.78978
-0.432161 0.783452 0.85454
-0.41206 0.906923 0.92555
-0.39196 1.00483 1.00296
-0.371859 1.07308 1.08683
-0.351759 1.10869 1.17707
-0.331658 1.10987 1.27347
-0.311558 1.07608 1.37561
-0.291457 1.00807 1.48288
-0.271357 0.907835 1.59446
-0.251256 0.778559 1.70927
-0.231156 0.624492 1.82601
-0.211055 0.4508 1.94316
-0.190955 0.26338 2.05896
-0.170854 0.0686482 2.1715
-0.150754 -0.126687 2.27876
-0.130653 -0.315868 2.37861
-0.110553 -0.492328 2.46899
-0.0904523 -0.649927 2.54787
-0.0703518 -0.783169 2.61344
-0.0502513 -0.887404 2.6641
-0.0301508 -0.958987 2.69861
-0.0100503 -0.995416 2.71609
0.0100503 -0.995416 2.71609
0.0301508 -0.958987 2.69861
0.0502513 -0.887404 2.6641
0.0703518 -0.783169 2.61344
0.0904523 -0.649927 2.54787
0.110553 -0.492328 2.46899
0.130653 -0.315868 2.37861
0.150754 -0.126687 2.27876
0.170854 0.0686482 2.1715
0.190955 0.26338 2.05896
0.211055 0.4508 1.94316
0.231156 0.624492 1.82601
0.251256 0.778559 1.70927
0.271357 0.907835 1.59446
0.291457 1.00807 1.48288
0.311558 1.07608 1.37561
0.331658 1.10987 1.27347
0.351759 1.10869 1.17707
0.371859 1.07308 1.08683
0.39196 1.00483 1.00296
0.41206 0.906923 0.92555
0.432161 0.783452 0.85454
0.452261 0.63944 0.78978
0.472362 0.480674 0.731041
0.492462 0.3135 0.678042
0.512563 0.144595 0.630466
0.532663 -0.019275 0.587978
0.552764 -0.171495 0.550239
0.572864 -0.305838 0.516913
0.592965 -0.416687 0.48768
0.613065 -0.499238 0.46224
0.633166 -0.549669 0.440317
0.653266 -0.565278 0.421662
0.673367 -0.544584 0.406057
0.693467 -0.487371 0.393314
0.713568 -0.394705 0.383274
0.733668 -0.268888 0.375811
0.753769 -0.113382 0.370832
0.773869 0.0673192 0.368271
0.79397 0.267848 0.368096
0.81407 0.482157 0.370304
0.834171 0.703734 0.374925
0.854271 0.925838 0.382017
0.874372 1.14173 0.39167
0.894472 1.34494 0.404007
0.914573 1.52946 0.41918
0.934673 1.68999 0.437373
0.954774 1.82212 0.4588
0.974874 1.92247 0.483706
0.994975 1.98885 0.512363
1.01508 2.0203 0.545067
1.03518 2.01714 0.582137
1.05528 1.98095 0.623905
1.07538 1.91453 0.670711
1.09548 1.8218 0.722891
1.11558 1.70762 0.780767
1.13568 1.57769 0.844625
1.15578 1.43826 0.914704
1.17588 1.29597 0.991168
1.19598 1.1576 1.07409
1.21608 1.02979 1.1634
1.23618 0.91886 1.25891
1.25628 0.830538 1.36024
1.27638 0.769778 1.46681
1.29648 0.740576 1.57781
1.31658 0.745826 1.69223
1.33668 0.787221 1.80877
1.35678 0.865188 1.92596
1.37688 0.978873 2.04208
1.39698 1.12618 2.15523
1.41709 1.30382 2.26339
1.43719 1.50747 2.36447
1.45729 1.7319 2.45637
1.47739 1.97116 2.53706
1.49749 2.21879 2.60469
1.51759 2.46808 2.65763
1.53769 2.71227 2.69458
1.55779 2.94482 2.71461
1.57789 3.15965 2.71719
1.59799 3.35131 2.70226
1.61809 3.51523 2.67022
1.63819 3.64787 2.62186
1.65829 3.74682 2.55839
1.67839 3.8109 2.48136
1.69849 3.84023 2.39255
1.71859 3.83618 2.29396
1.73869 3.80136 2.18766
1.75879 3.7395 2.07577
1.77889 3.65532 1.96032
1.79899 3.55439 1.84326
1.8191 3.44289 1.72636
1.8392 3.32742 1.61118
1.8593 3.21472 1.49905
1.8794 3.1115 1.39109
1.8995 3.02414 1.28815
1.9196 2.95849 1.19088
1.9397 2.91963 1.09971
1.9598 2.91173 1.01489
1.9799 2.93789 0.936534
2 3 0.86459
-2 3 0.86459
-1.9799 2.93789 0.936534
-1.9598 2.91173 1.01489
-1.9397 2.91963 1.09971
-1.9196 2.95849 1.19088
-1.8995 3.02414 1.28815
-1.8794 3.1115 1.39109
-1.8593 3.21472 1.49905
-1.8392 3.32742 1.61118
-1.8191 3.44289 1.72636
-1.79899 3.55439 1.84326
-1.77889 3.65532 1.96032
-1.75879 3.7395 2.07577
-1.73869 3.80136 2.18766
-1.71859 3.83618 2.29396
-1.69849 3.84023 2.39255
-1.67839 3.8109 2.48136
-1.65829 3.74682 2.55839
-1.63819 3.64787 2.62186
-1.61809 3.51523 2.67022
-1.59799 3.35131 2.70226
-1.57789 3.15965 2.71719
-1.55779 2.94482 2.71461
-1.53769 2.71227 2.69458
-1.51759 2.46808 2.65763
-1.49749 2.21879 2.60469
-1.47739 1.97116 2.53706
-1.45729 1.7319 2.45637
-1.43719 1.50747 2.36447
-1.41709 1.30382 2.26339
-1.39698 1.12618 2.15523
-1.37688 0.978873 2.04208
-1.35678 0.865188 1.92596
-1.33668 0.787221 1.80877
-1.31658 0.745826 1.69223
-1.29648 0.740576 1.57781
-1.27638 0.769778 1.46681
-1.25628 0.830538 1.36024
-1.23618 0.91886 1.25891
-1.21608 1.02979 1.1634
-1.19598 1.1576 1.07409
-1.17588 1.29597 0.991168
-1.15578 1.43826 0.914704
-1.13568 1.57769 0.844625
-1.11558 1.70762 0.780767
-1.09548 1.8218 0.722891
-1.07538 1.91453 0.670711
-1.05528 1.98095 0.623905
-1.03518 2.01714 0.582137
-1.01508 2.0203 0.545067
-0.994975 1.98885 0.512363
-0.974874 1.92247 0.483706
-0.954774 1.82212 0.4588
-0.934673 1.68999 0.437373
-0.914573 1.52946 0.41918
-0.894472 1.34494 0.404007
-0.874372 1.14173 0.39167
-0.854271 0.925838 0.382017
-0.834171 0.703734 0.374925
-0.81407 0.482157 0.370304
-0.79397 0.267848 0.368096
-0.773869 0.0673192 0.368271
-0.753769 -0.113382 0.370832
-0.733668 -0.268888 0.375811
-0.713568 -0.394705 0.383274
-0.693467 -0.487371 0.393314
-0.673367 -0.544584 0.406057
-0.653266 -0.565278 0.421662
-0.633166 -0.549669 0.440317
-0.613065 -0.499238 0.46224
-0.592965 -0.416687 0.48768
-0.572864 -0.305838 0.516913
-0.552764 -0.171495 0.550239
-0.532663 -0.019275 0.587978
-0.512563 0.144595 0.630466
-0.492462 0.3135 0.678042
-0.472362 0.480674 0.731041
-0.452261 0.63944 0.78978
-0.432161 0.783452 0.85454
-0.41206 0.906923 0.92555
-0.39196 1.00483 1.00296
-0.371859 1.07308 1.08683
-0.351759 1.10869 1.17707
-0.331658 1.10987 1.27347
-0.311558 1.07608 1.37561
-0.291457 1.00807 1.48288
-0.271357 0.907835 1.59446
-0.251256 0.778559 1.70927
-0.231156 0.624492 1.82601
-0.211055 0.4508 1.94316
-0.190955 0.26338 2.05896
-0.170854 0.0686482 2.1715
-0.150754 -0.126687 2.27876
-0.130653 -0.315868 2.37861
-0.110553 -0.492328 2.46899
-0.0904523 -0.649927 2.54787
-0.0703518 -0.783169 2.61344
-0.0502513 -0.887404 2.6641
-0.0301508 -0.958987 2.69861
-0.0100503 -0.995416 2.71609
0.0100503 -0.995416 2.71609
0.0301508 -0.958987 2.69861
0.0502513 -0.887404 2.6641
0.0703518 -0.783169 2.61344
0.0904523 -0.649927 2.54787
0.110553 -0.492328 2.46899
0.130653 -0.315868 2.37861
0.150754 -0.126687 2.27876
0.170854 0.0686482 2.1715
0.190955 0.26338 2.05896
0.211055 0.4508 1.94316
0.231156 0.624492 1.82601
0.251256 0.778559 1.70927
0.271357 0.907835 1.59446
0.291457 1.00807 1.48288
0.311558 1.07608 1.37561
0.331658 1.10987 1.27347
0.351759 1.10869 1.17707
0.371859 1.07308 1.08683
0.39196 1.00483 1.00296
0.41206 0.906923 0.92555
0.432161 0.783452 0.85454
0.452261 0.63944 0.78978
0.472362 0.480674 0.731041
0.492462 0.3135 0.678042
0.512563 0.144595 0.630466
0.532663 -0.019275 0.587978
0.552764 -0.171495 0.550239
0.572864 -0.305838 0.516913
0.592965 -0.416687 0.48768
0.613065 -0.499238 0.46224
0.633166 -0.549669 0.440317
0.653266 -0.565278 0.421662
0.673367 -0.544584 0.406057
0.693467 -0.487371 0.393314
0.713568 -0.394705 0.383274
0.733668 -0.268888 0.375811
0.753769 -0.113382 0.370832
0.773869 0.0673192 0.368271
0.79397 0.267848 0.368096
0.81407 0.482157 0.370304
0.834171 0.703734 0.374925
0.854271 0.925838 0.382017
0.874372 1.14173 0.39167
0.894472 1.34494 0.404007
0.914573 1.52946 0.41918
0.934673 1.68999 0.437373
0.954774 1.82212 0.4588
0.974874 1.92247 0.483706
0.994975 1.98885 0.512363
1.01508 2.0203 0.545067
1.03518 2.01714 0.582137
1.05528 1.98095 0.623905
1.07538 1.91453 0.670711
1.09548 1.8218 0.722891
1.11558 1.70762 0.780767
1.13568 1.57769 0.844625
1.15578 1.43826 0.914704
1.17588 1.29597 0.991168
1.19598 1.1576 1.07409
1.21608 1.02979 1.1634
1.23618 0.91886 1.25891
1.25628 0.830538 1.36024
1.27638 0.769778 1.46681
1.29648 0.740576 1.57781
1.31658 0.745826 1.69223
1.33668 0.787221 1.80877
1.35678 0.865188 1.92596
1.37688 0.978873 2.04208
1.39698 1.12618 2.15523
1.41709 1.30382 2.26339
1.43719 1.50747 2.36447
1.45729 1.7319 2.45637
1.47739 1.97116 2.53706
1.49749 2.21879 2.60469
1.51759 2.46808 2.65763
1.53769 2.71227 2.69458
1.55779 2.94482 2.71461
1.57789 3.15965 2.71719
1.59799 3.35131 2.70226
1.61809 3.51523 2.67022
1.63819 3.64787 2.62186
1.65829 3.74682 2.55839
1.67839 3.8109 2.48136
1.69849 3.84023 2.39255
1.71859 3.83618 2.29396
1.73869 3.80136 2.18766
1.75879 3.7395 2.07577
1.77889 3.65532 1.96032
1.79899 3.55439 1.84326
1.8191 3.44289 1.72636
1.8392 3.32742 1.61118
1.8593 3.21472 1.49905
1.8794 3.1115 1.39109
1.8995 3.02414 1.28815
1.9196 2.95849 1.19088
1.9397 2.91963 1.09971
1.9598 2.91173 1.01489
1.9799 2.93789 0.936534
2 3 0.86459
