-2 3 0.86459
-1.80952 3.4969 1.7819
-1.61905 3.52228 2.66828
-1.42857 1.41733 2.32215
-1.2381 0.90939 1.26832
-1.04762 1.99847 0.607417
-0.857143 0.957215 0.383236
-0.666667 -0.555556 0.410932
-0.47619 0.449278 0.720513
-0.285714 0.982602 1.51437
-0.0952381 -0.61442 2.53023
0.0952381 -0.61442 2.53023
0.285714 0.982602 1.51437
0.47619 0.449278 0.720513
0.666667 -0.555556 0.410932
0.857143 0.957215 0.383236
1.04762 1.99847 0.607417
1.2381 0.90939 1.26832
1.42857 1.41733 2.32215
1.61905 3.52228 2.66828
1.80952 3.4969 1.7819
2 3 0.86459
