-2 3 0.86459
-1.81818 3.4481 1.73165
-1.63636 3.63718 2.6269
-1.45455 1.70029 2.44445
-1.27273 0.778581 1.44708
-1.09091 1.84494 0.710543
-0.909091 1.48131 0.414751
-0.727273 -0.312328 0.377912
-0.545455 -0.117894 0.563434
-0.363636 1.09172 1.12298
-0.181818 0.175373 2.11064
0 -1 2.71828
0.181818 0.175373 2.11064
0.363636 1.09172 1.12298
0.545455 -0.117894 0.563434
0.727273 -0.312328 0.377912
0.909091 1.48131 0.414751
1.09091 1.84494 0.710543
1.27273 0.778581 1.44708
1.45455 1.70029 2.44445
1.63636 3.63718 2.6269
1.81818 3.4481 1.73165
2 3 0.86459
