-2 3 0.86459
-1.82609 3.40284 1.68603
-1.65217 3.72036 2.57922
-1.47826 1.9818 2.54028
-1.30435 0.738406 1.62224
-1.13043 1.61276 0.827375
-0.956522 1.83215 0.460824
-0.782609 0.152411 0.367902
-0.608696 -0.483909 0.467462
-0.434783 0.765716 0.845743
-0.26087 0.843764 1.65403
-0.0869565 -0.674992 2.56028
0.0869565 -0.674992 2.56028
0.26087 0.843764 1.65403
0.434783 0.765716 0.845743
0.608696 -0.483909 0.467462
0.782609 0.152411 0.367902
0.956522 1.83215 0.460824
1.13043 1.61276 0.827375
1.30435 0.738406 1.62224
1.47826 1.9818 2.54028
1.65217 3.72036 2.57922
1.82609 3.40284 1.68603
2 3 0.86459
