-2 3 0.86459
-1.83333 3.36111 1.64451
-1.66667 3.77778 2.52785
-1.5 2.25 2.61214
-1.33333 0.777778 1.78926
-1.16667 1.36111 0.955322
-1 2 0.520147
-0.833333 0.694444 0.374683
-0.666667 -0.555556 0.410932
-0.5 0.25 0.659583
-0.333333 1.11111 1.26521
-0.166667 0.0277778 2.19435
0 -1 2.71828
0.166667 0.0277778 2.19435
0.333333 1.11111 1.26521
0.5 0.25 0.659583
0.666667 -0.555556 0.410932
0.833333 0.694444 0.374683
1 2 0.520147
1.16667 1.36111 0.955322
1.33333 0.777778 1.78926
1.5 2.25 2.61214
1.66667 3.77778 2.52785
1.83333 3.36111 1.64451
2 3 0.86459
-2 3 0.86459
-1.83333 3.36111 1.64451
-1.66667 3.77778 2.52785
-1.5 2.25 2.61214
-1.33333 0.777778 1.78926
-1.16667 1.36111 0.955322
-1 2 0.520147
-0.833333 0.694444 0.374683
-0.666667 -0.555556 0.410932
-0.5 0.25 0.659583
-0.333333 1.11111 1.26521
-0.166667 0.0277778 2.19435
0 -1 2.71828
0.166667 0.0277778 2.19435
0.333333 1.11111 1.26521
0.5 0.25 0.659583
0.666667 -0.555556 0.410932
0.833333 0.694444 0.374683
1 2 0.520147
1.16667 1.36111 0.955322
1.33333 0.777778 1.78926
1.5 2.25 2.61214
1.66667 3.77778 2.52785
1.83333 3.36111 1.64451
2 3 0.86459
-2 3 0.86459
-1.83333 3.36111 1.64451
-1.66667 3.77778 2.52785
-1.5 2.25 2.61214
-1.33333 0.777778 1.78926
-1.16667 1.36111 0.955322
-1 2 0.520147
-0.833333 0.694444 0.374683
-0.666667 -0.555556 0.410932
-0.5 0.25 0.659583
-0.333333 1.11111 1.26521
-0.166667 0.0277778 2.19435
0 -1 2.71828
0.166667 0.0277778 2.19435
0.333333 1.11111 1.26521
0.5 0.25 0.659583
0.666667 -0.555556 0.410932
0.833333 0.694444 0.374683
1 2 0.520147
1.16667 1.36111 0.955322
1.33333 0.777778 1.78926
1.5 2.25 2.61214
1.66667 3.77778 2.52785
1.83333 3.36111 1.64451
2 3 0.86459
-2 3 0.86459
-1.83333 3.36111 1.64451
-1.66667 3.77778 2.52785
-1.5 2.25 2.61214
-1.33333 0.777778 1.78926
-1.16667 1.36111 0.955322
-1 2 0.520147
-0.833333 0.694444 0.374683
-0.666667 -0.555556 0.410932
-0.5 0.25 0.659583
-0.333333 1.11111 1.26521
-0.166667 0.0277778 2.19435
0 -1 2.71828
0.166667 0.0277778 2.19435
0.333333 1.11111 1.26521
0.5 0.25 0.659583
0.666667 -0.555556 0.410932
0.833333 0.694444 0.374683
1 2 0.520147
1.16667 1.36111 0.955322
1.33333 0.777778 1.78926
1.5 2.25 2.61214
1.66667 3.77778 2.52785
1.83333 3.36111 1.64451
2 3 0.86459
