-2 3 0.86459
-1.84 3.32281 1.60662
-1.68 3.81451 2.47466
-1.52 2.49778 2.66293
-1.36 0.881017 1.94466
-1.2 1.13098 1.09144
-1.04 2.01138 0.59172
-0.88 1.20018 0.394848
-0.72 -0.357907 0.38061
-0.56 -0.222227 0.53775
-0.4 0.969017 0.971223
-0.24 0.695024 1.7745
-0.08 -0.722569 2.58373
0.08 -0.722569 2.58373
0.24 0.695024 1.7745
0.4 0.969017 0.971223
0.56 -0.222227 0.53775
0.72 -0.357907 0.38061
0.88 1.20018 0.394848
1.04 2.01138 0.59172
1.2 1.13098 1.09144
1.36 0.881017 1.94466
1.52 2.49778 2.66293
1.68 3.81451 2.47466
1.84 3.32281 1.60662
2 3 0.86459
