-2 3 0.86459
-1.84615 3.28775 1.57196
-1.69231 3.83485 2.42102
-1.53846 2.72147 2.69567
-1.38462 1.0317 2.08606
-1.23077 0.946728 1.23261
-1.07692 1.90827 0.674529
-0.923077 1.60058 0.426497
-0.769231 0.0236512 0.368649
-0.615385 -0.506758 0.459536
-0.461538 0.567623 0.761937
-0.307692 1.06562 1.39586
-0.153846 -0.096868 2.26268
0 -1 2.71828
0.153846 -0.096868 2.26268
0.307692 1.06562 1.39586
0.461538 0.567623 0.761937
0.615385 -0.506758 0.459536
0.769231 0.0236512 0.368649
0.923077 1.60058 0.426497
1.07692 1.90827 0.674529
1.23077 0.946728 1.23261
1.38462 1.0317 2.08606
1.53846 2.72147 2.69567
1.69231 3.83485 2.42102
1.84615 3.28775 1.57196
2 3 0.86459
