-2 3 0.86459
-1.85185 3.25571 1.54015
-1.7037 3.8423 2.36785
-1.55556 2.91975 2.71324
-1.40741 1.21475 2.21207
-1.25926 0.819689 1.37572
-1.11111 1.73457 0.767398
-0.962963 1.86699 0.468512
-0.814815 0.490275 0.370432
-0.666667 -0.555556 0.410932
-0.518519 0.0952133 0.617362
-0.37037 1.07687 1.0933
-0.222222 0.549383 1.87813
-0.0740741 -0.760557 2.60237
0.0740741 -0.760557 2.60237
0.222222 0.549383 1.87813
0.37037 1.07687 1.0933
0.518519 0.0952133 0.617362
0.666667 -0.555556 0.410932
0.814815 0.490275 0.370432
0.962963 1.86699 0.468512
1.11111 1.73457 0.767398
1.25926 0.819689 1.37572
1.40741 1.21475 2.21207
1.55556 2.91975 2.71324
1.7037 3.8423 2.36785
1.85185 3.25571 1.54015
2 3 0.86459
