-2 3 0.86459
-1.85714 3.22646 1.51088
-1.71429 3.83974 2.31581
-1.57143 3.09288 2.71827
-1.42857 1.41733 2.32215
-1.28571 0.752092 1.51785
-1.14286 1.52864 0.868929
-1 2 0.520147
-0.857143 0.957215 0.383236
-0.714286 -0.390765 0.382963
-0.571429 -0.296959 0.519154
-0.428571 0.807163 0.866756
-0.285714 0.982602 1.51437
-0.142857 -0.202113 2.31898
0 -1 2.71828
0.142857 -0.202113 2.31898
0.285714 0.982602 1.51437
0.428571 0.807163 0.866756
0.571429 -0.296959 0.519154
0.714286 -0.390765 0.382963
0.857143 0.957215 0.383236
1 2 0.520147
1.14286 1.52864 0.868929
1.28571 0.752092 1.51785
1.42857 1.41733 2.32215
1.57143 3.09288 2.71827
1.71429 3.83974 2.31581
1.85714 3.22646 1.51088
2 3 0.86459
