-2 3 0.86459
-1.86207 3.19977 1.48389
-1.72414 3.82951 2.26532
-1.58621 3.24205 2.71312
-1.44828 1.62909 2.41644
-1.31034 0.740383 1.65643
-1.17241 1.32042 0.977525
-1.03448 2.01781 0.580782
-0.896552 1.36499 0.405442
-0.758621 -0.0718809 0.369994
-0.62069 -0.52232 0.453524
-0.482759 0.394838 0.702931
-0.344828 1.11304 1.20963
-0.206897 0.412944 1.96729
-0.0689655 -0.791337 2.61742
0.0689655 -0.791337 2.61742
0.206897 0.412944 1.96729
0.344828 1.11304 1.20963
0.482759 0.394838 0.702931
0.62069 -0.52232 0.453524
0.758621 -0.0718809 0.369994
0.896552 1.36499 0.405442
1.03448 2.01781 0.580782
1.17241 1.32042 0.977525
1.31034 0.740383 1.65643
1.44828 1.62909 2.41644
1.58621 3.24205 2.71312
1.72414 3.82951 2.26532
1.86207 3.19977 1.48389
2 3 0.86459
