-2 3 0.86459
-1.86667 3.17543 1.45893
-1.73333 3.81346 2.21664
-1.6 3.36902 2.69982
-1.46667 1.84209 2.49553
-1.33333 0.777778 1.78926
-1.2 1.13098 1.09144
-1.06667 1.94679 0.649788
-0.933333 1.68013 0.436062
-0.8 0.330983 0.368507
-0.666667 -0.555556 0.410932
-0.533333 -0.0245725 0.586646
-0.4 0.969017 0.971223
-0.266667 0.880128 1.621
-0.133333 -0.291239 2.3658
0 -1 2.71828
0.133333 -0.291239 2.3658
0.266667 0.880128 1.621
0.4 0.969017 0.971223
0.533333 -0.0245725 0.586646
0.666667 -0.555556 0.410932
0.8 0.330983 0.368507
0.933333 1.68013 0.436062
1.06667 1.94679 0.649788
1.2 1.13098 1.09144
1.33333 0.777778 1.78926
1.46667 1.84209 2.49553
1.6 3.36902 2.69982
1.73333 3.81346 2.21664
1.86667 3.17543 1.45893
2 3 0.86459
