-2 3 0.86459
-1.91837 2.96178 1.19666
-1.83673 3.34154 1.62514
-1.7551 3.75268 2.09664
-1.67347 3.79845 2.50139
-1.59184 3.29539 2.70868
-1.5102 2.37674 2.63998
-1.42857 1.41733 2.32215
-1.34694 0.822454 1.86859
-1.26531 0.799586 1.40748
-1.18367 1.24148 1.02255
-1.10204 1.78661 0.741148
-1.02041 2.02279 0.554463
-0.938776 1.71939 0.441476
-0.857143 0.957215 0.383236
-0.77551 0.0830235 0.368167
-0.693878 -0.485829 0.393082
-0.612245 -0.496475 0.463208
-0.530612 -0.00297823 0.592091
-0.44898 0.664121 0.799935
-0.367347 1.084 1.10654
-0.285714 0.982602 1.51437
-0.204082 0.387014 1.98358
-0.122449 -0.38979 2.41676
-0.0408163 -0.925251 2.68237
0.0408163 -0.925251 2.68237
0.122449 -0.38979 2.41676
0.204082 0.387014 1.98358
0.285714 0.982602 1.51437
0.367347 1.084 1.10654
0.44898 0.664121 0.799935
0.530612 -0.00297823 0.592091
0.612245 -0.496475 0.463208
0.693878 -0.485829 0.393082
0.77551 0.0830235 0.368167
0.857143 0.957215 0.383236
0.938776 1.71939 0.441476
1.02041 2.02279 0.554463
1.10204 1.78661 0.741148
1.18367 1.24148 1.02255
1.26531 0.799586 1.40748
1.34694 0.822454 1.86859
1.42857 1.41733 2.32215
1.5102 2.37674 2.63998
1.59184 3.29539 2.70868
1.67347 3.79845 2.50139
1.7551 3.75268 2.09664
1.83673 3.34154 1.62514
1.91837 2.96178 1.19666
2 3 0.86459
-2 3 0.86459
-1.91837 2.96178 1.19666
-1.83673 3.34154 1.62514
-1.7551 3.75268 2.09664
-1.67347 3.79845 2.50139
-1.59184 3.29539 2.70868
-1.5102 2.37674 2.63998
-1.42857 1.41733 2.32215
-1.34694 0.822454 1.86859
-1.26531 0.799586 1.40748
-1.18367 1.24148 1.02255
-1.10204 1.78661 0.741148
-1.02041 2.02279 0.554463
-0.938776 1.71939 0.441476
-0.857143 0.957215 0.383236
-0.77551 0.0830235 0.368167
-0.693878 -0.485829 0.393082
-0.612245 -0.496475 0.463208
-0.530612 -0.00297823 0.592091
-0.44898 0.664121 0.799935
-0.367347 1.084 1.10654
-0.285714 0.982602 1.51437
-0.204082 0.387014 1.98358
-0.122449 -0.38979 2.41676
-0.0408163 -0.925251 2.68237
0.0408163 -0.925251 2.68237
0.122449 -0.38979 2.41676
0.204082 0.387014 1.98358
0.285714 0.982602 1.51437
0.367347 1.084 1.10654
0.44898 0.664121 0.799935
0.530612 -0.00297823 0.592091
0.612245 -0.496475 0.463208
0.693878 -0.485829 0.393082
0.77551 0.0830235 0.368167
0.857143 0.957215 0.383236
0.938776 1.71939 0.441476
1.02041 2.02279 0.554463
1.10204 1.78661 0.741148
1.18367 1.24148 1.02255
1.26531 0.799586 1.40748
1.34694 0.822454 1.86859
1.42857 1.41733 2.32215
1.5102 2.37674 2.63998
1.59184 3.29539 2.70868
1.67347 3.79845 2.50139
1.7551 3.75268 2.09664
1.83673 3.34154 1.62514
1.91837 2.96178 1.19666
2 3 0.86459
-2 3 0.86459
-1.91837 2.96178 1.19666
-1.83673 3.34154 1.62514
-1.7551 3.75268 2.09664
-1.67347 3.79845 2.50139
-1.59184 3.29539 2.70868
-1.5102 2.37674 2.63998
-1.42857 1.41733 2.32215
-1.34694 0.822454 1.86859
-1.26531 0.799586 1.40748
-1.18367 1.24148 1.02255
-1.10204 1.78661 0.741148
-1.02041 2.02279 0.554463
-0.938776 1.71939 0.441476
-0.857143 0.957215 0.383236
-0.77551 0.0830235 0.368167
-0.693878 -0.485829 0.393082
-0.612245 -0.496475 0.463208
-0.530612 -0.00297823 0.592091
-0.44898 0.664121 0.799935
-0.367347 1.084 1.10654
-0.285714 0.982602 1.51437
-0.204082 0.387014 1.98358
-0.122449 -0.38979 2.41676
-0.0408163 -0.925251 2.68237
0.0408163 -0.925251 2.68237
0.122449 -0.38979 2.41676
0.204082 0.387014 1.98358
0.285714 0.982602 1.51437
0.367347 1.084 1.10654
0.44898 0.664121 0.799935
0.530612 -0.00297823 0.592091
0.612245 -0.496475 0.463208
0.693878 -0.485829 0.393082
0.77551 0.0830235 0.368167
0.857143 0.957215 0.383236
0.938776 1.71939 0.441476
1.02041 2.02279 0.554463
1.10204 1.78661 0.741148
1.18367 1.24148 1.02255
1.26531 0.799586 1.40748
1.34694 0.822454 1.86859
1.42857 1.41733 2.32215
1.5102 2.37674 2.63998
1.59184 3.29539 2.70868
1.67347 3.79845 2.50139
1.7551 3.75268 2.09664
1.83673 3.34154 1.62514
1.91837 2.96178 1.19666
2 3 0.86459
