-2 3 3.22857 0.86459 0.666337
-1.996 2.98473 3.21715 0.878401 0.669783
-1.992 2.97091 3.20576 0.892462 0.673223
-1.988 2.95853 3.19439 0.906774 0.676655
-1.984 2.9476 3.18304 0.92134 0.680081
-1.98 2.93811 3.17171 0.936159 0.683499
-1.976 2.93005 3.16041 0.951232 0.686911
-1.972 2.9234 3.14913 0.96656 0.690316
-1.968 2.91816 3.13787 0.982144 0.693714
-1.964 2.91431 3.12664 0.997984 0.697105
-1.96 2.91182 3.11543 1.01408 0.700489
-1.956 2.91069 3.10424 1.03043 0.703867
-1.952 2.9109 3.09307 1.04704 0.707237
-1.948 2.91241 3.08193 1.0639 0.7106
-1.944 2.91521 3.07081 1.08102 0.713957
-1.94 2.91927 3.05971 1.09839 0.717307
-1.936 2.92456 3.04864 1.11601 0.720649
-1.932 2.93106 3.03759 1.13388 0.723985
-1.928 2.93872 3.02656 1.15201 0.727314
-1.924 2.94752 3.01555 1.17038 0.730636
-1.92 2.95743 3.00457 1.18899 0.733951
-1.916 2.96841 2.99361 1.20785 0.73726
-1.912 2.98041 2.98267 1.22695 0.740561
-1.908 2.99341 2.97176 1.24628 0.743856
-1.904 3.00736 2.96087 1.26585 0.747143
-1.9 3.02221 2.95 1.28564 0.750424
-1.896 3.03794 2.93915 1.30567 0.753698
-1.892 3.05449 2.92833 1.32591 0.756964
-1.888 3.07182 2.91753 1.34637 0.760224
-1.884 3.08988 2.90675 1.36704 0.763478
-1.88 3.10862 2.896 1.38792 0.766724
-1.876 3.128 2.88527 1.409 0.769963
-1.872 3.14797 2.87456 1.43027 0.773195
-1.868 3.16848 2.86387 1.45174 0.776421
-1.864 3.18948 2.85321 1.47338 0.779639
-1.86 3.21091 2.84257 1.4952 0.782851
-1.856 3.23273 2.83195 1.51718 0.786056
-1.852 3.25488 2.82136 1.53932 0.789254
-1.848 3.27731 2.81079 1.56162 0.792445
-1.844 3.29997 2.80024 1.58405 0.795629
-1.84 3.32281 2.78971 1.60662 0.798806
-1.836 3.34577 2.77921 1.62932 0.801976
-1.832 3.36879 2.76873 1.65212 0.80514
-1.828 3.39183 2.75827 1.67504 0.808296
-1.824 3.41483 2.74784 1.69804 0.811446
-1.82 3.43773 2.73743 1.72113 0.814588
-1.816 3.46049 2.72704 1.74429 0.817724
-1.812 3.48305 2.71667 1.76751 0.820853
-1.808 3.50536 2.70633 1.79077 0.823975
-1.804 3.52737 2.69601 1.81407 0.82709
-1.8 3.54902 2.68571 1.8374 0.830198
-1.796 3.57026 2.67544 1.86074 0.8333
-1.792 3.59104 2.66519 1.88407 0.836394
-1.788 3.61132 2.65496 1.90738 0.839482
-1.784 3.63104 2.64475 1.93067 0.842562
-1.78 3.65015 2.63457 1.95391 0.845636
-1.776 3.66862 2.62441 1.97709 0.848703
-1.772 3.68638 2.61427 2.0002 0.851763
-1.768 3.7034 2.60416 2.02321 0.854816
-1.764 3.71963 2.59407 2.04613 0.857862
-1.76 3.73502 2.584 2.06892 0.860901
-1.756 3.74955 2.57395 2.09158 0.863933
-1.752 3.76316 2.56393 2.11409 0.866959
-1.748 3.77581 2.55393 2.13643 0.869977
-1.744 3.78748 2.54395 2.15858 0.872989
-1.74 3.79811 2.534 2.18054 0.875993
-1.736 3.80769 2.52407 2.20228 0.878991
-1.732 3.81616 2.51416 2.22379 0.881982
-1.728 3.82351 2.50427 2.24504 0.884966
-1.724 3.8297 2.49441 2.26604 0.887943
-1.72 3.83471 2.48457 2.28675 0.890913
-1.716 3.8385 2.47475 2.30716 0.893877
-1.712 3.84105 2.46496 2.32725 0.896833
-1.708 3.84234 2.45519 2.34701 0.899783
-1.704 3.84235 2.44544 2.36643 0.902725
-1.7 3.84106 2.43571 2.38547 0.905661
-1.696 3.83844 2.42601 2.40414 0.90859
-1.692 3.8345 2.41633 2.42241 0.911512
-1.688 3.8292 2.40667 2.44026 0.914427
-1.684 3.82254 2.39704 2.45768 0.917335
-1.68 3.81451 2.38743 2.47466 0.920236
-1.676 3.80511 2.37784 2.49118 0.92313
-1.672 3.79432 2.36827 2.50722 0.926018
-1.668 3.78215 2.35873 2.52277 0.928898
-1.664 3.76858 2.34921 2.53782 0.931772
-1.66 3.75363 2.33971 2.55235 0.934638
-1.656 3.73729 2.33024 2.56634 0.937498
-1.652 3.71957 2.32079 2.57979 0.940351
-1.648 3.70047 2.31136 2.59269 0.943197
-1.644 3.68 2.30195 2.60501 0.946036
-1.64 3.65818 2.29257 2.61674 0.948869
-1.636 3.63502 2.28321 2.62789 0.951694
-1.632 3.61052 2.27387 2.63843 0.954512
-1.628 3.58471 2.26456 2.64835 0.957324
-1.624 3.55761 2.25527 2.65764 0.960128
-1.62 3.52923 2.246 2.66631 0.962926
-1.616 3.49959 2.23675 2.67433 0.965717
-1.612 3.46873 2.22753 2.68169 0.968501
-1.608 3.43666 2.21833 2.6884 0.971278
-1.604 3.40341 2.20915 2.69445 0.974048
-1.6 3.36902 2.2 2.69982 0.976811
-1.596 3.3335 2.19087 2.70451 0.979568
-1.592 3.29691 2.18176 2.70853 0.982317
-1.588 3.25926 2.17267 2.71186 0.985059
-1.584 3.22059 2.16361 2.71449 0.987795
-1.58 3.18095 2.15457 2.71644 0.990524
-1.576 3.14036 2.14555 2.71769 0.993246
-1.572 3.09888 2.13656 2.71825 0.995961
-1.568 3.05653 2.12759 2.71811 0.998669
-1.564 3.01336 2.11864 2.71728 1.00137
-1.56 2.96943 2.10971 2.71575 1.00406
-1.556 2.92476 2.10081 2.71353 1.00675
-1.552 2.87941 2.09193 2.71061 1.00943
-1.548 2.83342 2.08307 2.70701 1.01211
-1.544 2.78684 2.07424 2.70273 1.01477
-1.54 2.73972 2.06543 2.69776 1.01743
-1.536 2.69212 2.05664 2.69212 1.02008
-1.532 2.64407 2.04787 2.68581 1.02273
-1.528 2.59563 2.03913 2.67884 1.02537
-1.524 2.54685 2.03041 2.67121 1.028
-1.52 2.49778 2.02171 2.66293 1.03063
-1.516 2.44848 2.01304 2.65402 1.03325
-1.512 2.399 2.00439 2.64447 1.03586
-1.508 2.34939 1.99576 2.6343 1.03846
-1.504 2.29971 1.98715 2.62352 1.04106
-1.5 2.25 1.97857 2.61214 1.04365
-1.496 2.20033 1.97001 2.60017 1.04623
-1.492 2.15074 1.96147 2.58762 1.04881
-1.488 2.10129 1.95296 2.57451 1.05138
-1.484 2.05203 1.94447 2.56084 1.05394
-1.48 2.00302 1.936 2.54663 1.0565
-1.476 1.95431 1.92755 2.53189 1.05905
-1.472 1.90594 1.91913 2.51664 1.06159
-1.468 1.85798 1.91073 2.50089 1.06413
-1.464 1.81048 1.90235 2.48466 1.06666
-1.46 1.76348 1.894 2.46796 1.06918
-1.456 1.71703 1.88567 2.4508 1.07169
-1.452 1.67119 1.87736 2.4332 1.0742
-1.448 1.626 1.86907 2.41518 1.0767
-1.444 1.58151 1.86081 2.39675 1.0792
-1.44 1.53777 1.85257 2.37793 1.08168
-1.436 1.49483 1.84435 2.35874 1.08416
-1.432 1.45272 1.83616 2.33919 1.08664
-1.428 1.41149 1.82799 2.31929 1.0891
-1.424 1.37119 1.81984 2.29907 1.09156
-1.42 1.33185 1.81171 2.27854 1.09402
-1.416 1.29352 1.80361 2.25771 1.09646
-1.412 1.25623 1.79553 2.23661 1.0989
-1.408 1.22002 1.78747 2.21525 1.10133
-1.404 1.18493 1.77944 2.19365 1.10376
-1.4 1.15098 1.77143 2.17182 1.10618
-1.396 1.11822 1.76344 2.14978 1.10859
-1.392 1.08667 1.75547 2.12755 1.11099
-1.388 1.05636 1.74753 2.10514 1.11339
-1.384 1.02732 1.73961 2.08257 1.11578
-1.38 0.999573 1.73171 2.05986 1.11816
-1.376 0.973144 1.72384 2.03702 1.12054
-1.372 0.948055 1.71599 2.01406 1.12291
-1.368 0.924326 1.70816 1.991 1.12527
-1.364 0.901974 1.70035 1.96787 1.12763
-1.36 0.881017 1.69257 1.94466 1.12998
-1.356 0.861468 1.68481 1.9214 1.13232
-1.352 0.84334 1.67707 1.8981 1.13466
-1.348 0.826643 1.66936 1.87478 1.13698
-1.344 0.811385 1.66167 1.85144 1.13931
-1.34 0.797573 1.654 1.82811 1.14162
-1.336 0.785212 1.64635 1.80479 1.14393
-1.332 0.774303 1.63873 1.7815 1.14623
-1.328 0.764847 1.63113 1.75825 1.14852
-1.324 0.756842 1.62355 1.73506 1.15081
-1.32 0.750285 1.616 1.71193 1.15309
-1.316 0.74517 1.60847 1.68887 1.15536
-1.312 0.741489 1.60096 1.6659 1.15763
-1.308 0.739232 1.59347 1.64303 1.15989
-1.304 0.738388 1.58601 1.62027 1.16214
-1.3 0.738943 1.57857 1.59762 1.16439
-1.296 0.740882 1.57115 1.57511 1.16663
-1.292 0.744187 1.56376 1.55272 1.16886
-1.288 0.748838 1.55639 1.53049 1.17109
-1.284 0.754815 1.54904 1.50841 1.1733
-1.28 0.762093 1.54171 1.48649 1.17551
-1.276 0.770649 1.53441 1.46474 1.17772
-1.272 0.780456 1.52713 1.44317 1.17992
-1.268 0.791485 1.51987 1.42178 1.18211
-1.264 0.803706 1.51264 1.40058 1.18429
-1.26 0.817087 1.50543 1.37958 1.18647
-1.256 0.831595 1.49824 1.35879 1.18864
-1.252 0.847195 1.49107 1.3382 1.1908
-1.248 0.863851 1.48393 1.31782 1.19296
-1.244 0.881524 1.47681 1.29767 1.19511
-1.24 0.900176 1.46971 1.27773 1.19725
-1.236 0.919766 1.46264 1.25803 1.19938
-1.232 0.940251 1.45559 1.23855 1.20151
-1.228 0.96159 1.44856 1.21931 1.20363
-1.224 0.983736 1.44155 1.20031 1.20575
-1.22 1.00665 1.43457 1.18155 1.20786
-1.216 1.03027 1.42761 1.16303 1.20996
-1.212 1.05457 1.42067 1.14476 1.21205
-1.208 1.07948 1.41376 1.12674 1.21414
-1.204 1.10497 1.40687 1.10896 1.21622
-1.2 1.13098 1.4 1.09144 1.21829
-1.196 1.15746 1.39315 1.07417 1.22036
-1.192 1.18437 1.38633 1.05716 1.22242
-1.188 1.21163 1.37953 1.0404 1.22447
-1.184 1.23922 1.37275 1.02389 1.22652
-1.18 1.26707 1.366 1.00764 1.22855
-1.176 1.29512 1.35927 0.991646 1.23059
-1.172 1.32334 1.35256 0.975908 1.23261
-1.168 1.35166 1.34587 0.960426 1.23463
-1.164 1.38003 1.33921 0.9452 1.23664
-1.16 1.40839 1.33257 0.930228 1.23864
-1.156 1.4367 1.32595 0.91551 1.24064
-1.152 1.46489 1.31936 0.901046 1.24263
-1.148 1.49293 1.31279 0.886833 1.24462
-1.144 1.52074 1.30624 0.872872 1.24659
-1.14 1.54829 1.29971 0.85916 1.24856
-1.136 1.57552 1.29321 0.845697 1.25053
-1.132 1.60237 1.28673 0.83248 1.25248
-1.128 1.6288 1.28027 0.819508 1.25443
-1.124 1.65475 1.27384 0.80678 1.25637
-1.12 1.68018 1.26743 0.794293 1.25831
-1.116 1.70504 1.26104 0.782045 1.26024
-1.112 1.72927 1.25467 0.770035 1.26216
-1.108 1.75284 1.24833 0.75826 1.26407
-1.104 1.77569 1.24201 0.746717 1.26598
-1.1 1.79779 1.23571 0.735406 1.26788
-1.096 1.81908 1.22944 0.724323 1.26977
-1.092 1.83952 1.22319 0.713465 1.27166
-1.088 1.85908 1.21696 0.702831 1.27354
-1.084 1.87771 1.21075 0.692419 1.27541
-1.08 1.89537 1.20457 0.682224 1.27728
-1.076 1.91203 1.19841 0.672246 1.27914
-1.072 1.92765 1.19227 0.662481 1.28099
-1.068 1.94219 1.18616 0.652926 1.28284
-1.064 1.95563 1.18007 0.64358 1.28468
-1.06 1.96793 1.174 0.634438 1.28651
-1.056 1.97906 1.16795 0.6255 1.28833
-1.052 1.989 1.16193 0.616762 1.29015
-1.048 1.99771 1.15593 0.608221 1.29196
-1.044 2.00518 1.14995 0.599874 1.29377
-1.04 2.01138 1.144 0.59172 1.29556
-1.036 2.01629 1.13807 0.583754 1.29736
-1.032 2.01989 1.13216 0.575976 1.29914
-1.028 2.02217 1.12627 0.568381 1.30092
-1.024 2.0231 1.12041 0.560967 1.30268
-1.02 2.02269 1.11457 0.553733 1.30445
-1.016 2.02091 1.10875 0.546674 1.3062
-1.012 2.01776 1.10296 0.539788 1.30795
-1.008 2.01322 1.09719 0.533074 1.30969
-1.004 2.00731 1.09144 0.526528 1.31143
-1 2 1.08571 0.520147 1.31316
-0.996 1.99131 1.08001 0.51393 1.31488
-0.992 1.98122 1.07433 0.507874 1.31659
-0.988 1.96976 1.06867 0.501976 1.3183
-0.984 1.95691 1.06304 0.496234 1.32
-0.98 1.94269 1.05743 0.490646 1.3217
-0.976 1.9271 1.05184 0.485209 1.32338
-0.972 1.91017 1.04627 0.479921 1.32506
-0.968 1.89189 1.04073 0.47478 1.32674
-0.964 1.87229 1.03521 0.469784 1.3284
-0.96 1.85138 1.02971 0.464931 1.33006
-0.956 1.82918 1.02424 0.460217 1.33171
-0.952 1.80571 1.01879 0.455642 1.33336
-0.948 1.781 1.01336 0.451203 1.335
-0.944 1.75506 1.00795 0.446899 1.33663
-0.94 1.72793 1.00257 0.442727 1.33825
-0.936 1.69963 0.997211 0.438685 1.33987
-0.932 1.67019 0.991874 0.434772 1.34148
-0.928 1.63965 0.98656 0.430985 1.34309
-0.924 1.60803 0.981269 0.427324 1.34469
-0.92 1.57537 0.976 0.423786 1.34628
-0.916 1.54171 0.970754 0.42037 1.34786
-0.912 1.50708 0.965531 0.417074 1.34944
-0.908 1.47152 0.960331 0.413896 1.351
-0.904 1.43508 0.955154 0.410835 1.35257
-0.9 1.39779 0.95 0.40789 1.35412
-0.896 1.35969 0.944869 0.405059 1.35567
-0.892 1.32084 0.93976 0.40234 1.35721
-0.888 1.28127 0.934674 0.399733 1.35875
-0.884 1.24104 0.929611 0.397236 1.36028
-0.88 1.20018 0.924571 0.394848 1.3618
-0.876 1.15875 0.919554 0.392568 1.36331
-0.872 1.1168 0.91456 0.390394 1.36482
-0.868 1.07437 0.909589 0.388326 1.36632
-0.864 1.03152 0.90464 0.386362 1.36782
-0.86 0.98829 0.899714 0.384502 1.3693
-0.856 0.944743 0.894811 0.382745 1.37078
-0.852 0.900927 0.889931 0.381089 1.37226
-0.848 0.856894 0.885074 0.379534 1.37372
-0.844 0.812698 0.88024 0.378079 1.37518
-0.84 0.768391 0.875429 0.376724 1.37663
-0.836 0.724026 0.87064 0.375467 1.37808
-0.832 0.679658 0.865874 0.374308 1.37952
-0.828 0.63534 0.861131 0.373247 1.38095
-0.824 0.591125 0.856411 0.372282 1.38237
-0.82 0.547067 0.851714 0.371414 1.38379
-0.816 0.503219 0.84704 0.370642 1.3852
-0.812 0.459634 0.842389 0.369966 1.38661
-0.808 0.416365 0.83776 0.369385 1.388
-0.804 0.373464 0.833154 0.368899 1.38939
-0.8 0.330983 0.828571 0.368507 1.39078
-0.796 0.288973 0.824011 0.36821 1.39215
-0.792 0.247485 0.819474 0.368008 1.39352
-0.788 0.206568 0.81496 0.367899 1.39489
-0.784 0.166273 0.810469 0.367885 1.39624
-0.78 0.126646 0.806 0.367965 1.39759
-0.776 0.0877365 0.801554 0.368139 1.39893
-0.772 0.0495897 0.797131 0.368408 1.40027
-0.768 0.0122513 0.792731 0.368771 1.4016
-0.764 -0.0242343 0.788354 0.369229 1.40292
-0.76 -0.059824 0.784 0.369781 1.40423
-0.756 -0.0944759 0.779669 0.370429 1.40554
-0.752 -0.128149 0.77536 0.371172 1.40684
-0.748 -0.160805 0.771074 0.372011 1.40813
-0.744 -0.192405 0.766811 0.372946 1.40942
-0.74 -0.222913 0.762571 0.373978 1.4107
-0.736 -0.252294 0.758354 0.375108 1.41197
-0.732 -0.280515 0.75416 0.376335 1.41324
-0.728 -0.307544 0.749989 0.377661 1.4145
-0.724 -0.333351 0.74584 0.379086 1.41575
-0.72 -0.357907 0.741714 0.38061 1.41699
-0.716 -0.381185 0.737611 0.382236 1.41823
-0.712 -0.403162 0.733531 0.383963 1.41946
-0.708 -0.423813 0.729474 0.385792 1.42069
-0.704 -0.443118 0.72544 0.387724 1.42191
-0.7 -0.461057 0.721429 0.389761 1.42312
-0.696 -0.477612 0.71744 0.391903 1.42432
-0.692 -0.492768 0.713474 0.394151 1.42552
-0.688 -0.506511 0.709531 0.396506 1.42671
-0.684 -0.51883 0.705611 0.39897 1.42789
-0.68 -0.529715 0.701714 0.401544 1.42907
-0.676 -0.539158 0.69784 0.404229 1.43024
-0.672 -0.547153 0.693989 0.407026 1.4314
-0.668 -0.553697 0.69016 0.409937 1.43256
-0.664 -0.558788 0.686354 0.412962 1.4337
-0.66 -0.562427 0.682571 0.416105 1.43485
-0.656 -0.564615 0.678811 0.419365 1.43598
-0.652 -0.565357 0.675074 0.422745 1.43711
-0.648 -0.56466 0.67136 0.426247 1.43823
-0.644 -0.562532 0.667669 0.429871 1.43935
-0.64 -0.558983 0.664 0.433619 1.44045
-0.636 -0.554026 0.660354 0.437494 1.44155
-0.632 -0.547674 0.656731 0.441497 1.44265
-0.628 -0.539945 0.653131 0.445629 1.44373
-0.624 -0.530856 0.649554 0.449894 1.44481
-0.62 -0.520427 0.646 0.454292 1.44589
-0.616 -0.50868 0.642469 0.458826 1.44695
-0.612 -0.49564 0.63896 0.463498 1.44801
-0.608 -0.48133 0.635474 0.468309 1.44906
-0.604 -0.46578 0.632011 0.473262 1.45011
-0.6 -0.449017 0.628571 0.478359 1.45115
-0.596 -0.431072 0.625154 0.483602 1.45218
-0.592 -0.411979 0.62176 0.488994 1.4532
-0.588 -0.391769 0.618389 0.494536 1.45422
-0.584 -0.37048 0.61504 0.500232 1.45523
-0.58 -0.348147 0.611714 0.506082 1.45624
-0.576 -0.32481 0.608411 0.512091 1.45723
-0.572 -0.300507 0.605131 0.518259 1.45822
-0.568 -0.275281 0.601874 0.52459 1.45921
-0.564 -0.249173 0.59864 0.531086 1.46018
-0.56 -0.222227 0.595429 0.53775 1.46115
-0.556 -0.194487 0.59224 0.544584 1.46211
-0.552 -0.166 0.589074 0.55159 1.46307
-0.548 -0.136812 0.585931 0.558772 1.46402
-0.544 -0.10697 0.582811 0.566131 1.46496
-0.54 -0.0765246 0.579714 0.573671 1.46589
-0.536 -0.0455235 0.57664 0.581394 1.46682
-0.532 -0.0140176 0.573589 0.589303 1.46774
-0.528 0.0179425 0.57056 0.5974 1.46866
-0.524 0.0503052 0.567554 0.605689 1.46956
-0.52 0.0830187 0.564571 0.614171 1.47047
-0.516 0.11603 0.561611 0.62285 1.47136
-0.512 0.149288 0.558674 0.631728 1.47225
-0.508 0.182737 0.55576 0.640807 1.47312
-0.504 0.216326 0.552869 0.650092 1.474
-0.5 0.25 0.55 0.659583 1.47486
-0.496 0.283706 0.547154 0.669285 1.47572
-0.492 0.317391 0.544331 0.679199 1.47657
-0.488 0.351 0.541531 0.689328 1.47742
-0.484 0.384482 0.538754 0.699675 1.47826
-0.48 0.417781 0.536 0.710242 1.47909
-0.476 0.450847 0.533269 0.721032 1.47991
-0.472 0.483626 0.53056 0.732047 1.48073
-0.468 0.516066 0.527874 0.743289 1.48154
-0.464 0.548116 0.525211 0.754762 1.48235
-0.46 0.579725 0.522571 0.766467 1.48314
-0.456 0.610842 0.519954 0.778406 1.48393
-0.452 0.64142 0.51736 0.790582 1.48472
-0.448 0.671408 0.514789 0.802997 1.48549
-0.444 0.700759 0.51224 0.815653 1.48626
-0.44 0.729427 0.509714 0.828551 1.48702
-0.436 0.757365 0.507211 0.841694 1.48778
-0.432 0.784529 0.504731 0.855083 1.48853
-0.428 0.810875 0.502274 0.86872 1.48927
-0.424 0.836362 0.49984 0.882606 1.49
-0.42 0.860947 0.497429 0.896742 1.49073
-0.416 0.884592 0.49504 0.911131 1.49145
-0.412 0.907257 0.492674 0.925772 1.49217
-0.408 0.928907 0.490331 0.940668 1.49287
-0.404 0.949504 0.488011 0.955818 1.49357
-0.4 0.969017 0.485714 0.971223 1.49427
-0.396 0.987412 0.48344 0.986883 1.49495
-0.392 1.00466 0.481189 1.0028 1.49563
-0.388 1.02073 0.47896 1.01897 1.49631
-0.384 1.03559 0.476754 1.0354 1.49697
-0.38 1.04923 0.474571 1.05209 1.49763
-0.376 1.06161 0.472411 1.06902 1.49828
-0.372 1.07271 0.470274 1.08622 1.49893
-0.368 1.08252 0.46816 1.10366 1.49957
-0.364 1.09102 0.466069 1.12136 1.5002
-0.36 1.09818 0.464 1.13931 1.50082
-0.356 1.104 0.461954 1.15751 1.50144
-0.352 1.10847 0.459931 1.17595 1.50205
-0.348 1.11157 0.457931 1.19464 1.50265
-0.344 1.11329 0.455954 1.21357 1.50325
-0.34 1.11363 0.454 1.23274 1.50384
-0.336 1.11258 0.452069 1.25214 1.50442
-0.332 1.11015 0.45016 1.27178 1.505
-0.328 1.10632 0.448274 1.29165 1.50557
-0.324 1.10111 0.446411 1.31174 1.50613
-0.32 1.09451 0.444571 1.33204 1.50669
-0.316 1.08654 0.442754 1.35257 1.50724
-0.312 1.0772 0.44096 1.3733 1.50778
-0.308 1.0665 0.439189 1.39424 1.50831
-0.304 1.05444 0.43744 1.41538 1.50884
-0.3 1.04106 0.435714 1.43671 1.50936
-0.296 1.02635 0.434011 1.45823 1.50987
-0.292 1.01034 0.432331 1.47993 1.51038
-0.288 0.99305 0.430674 1.5018 1.51088
-0.284 0.974497 0.42904 1.52383 1.51138
-0.28 0.954707 0.427429 1.54602 1.51186
-0.276 0.933703 0.42584 1.56836 1.51234
-0.272 0.911512 0.424274 1.59083 1.51281
-0.268 0.888163 0.422731 1.61344 1.51328
-0.264 0.863686 0.421211 1.63617 1.51374
-0.26 0.838113 0.419714 1.65901 1.51419
-0.256 0.811477 0.41824 1.68195 1.51464
-0.252 0.783813 0.416789 1.70498 1.51507
-0.248 0.755157 0.41536 1.72809 1.5155
-0.244 0.725548 0.413954 1.75127 1.51593
-0.24 0.695024 0.412571 1.7745 1.51635
-0.236 0.663626 0.411211 1.79778 1.51676
-0.232 0.631397 0.409874 1.82109 1.51716
-0.228 0.598378 0.40856 1.84442 1.51756
-0.224 0.564616 0.407269 1.86776 1.51795
-0.22 0.530154 0.406 1.89109 1.51833
-0.216 0.495039 0.404754 1.91439 1.51871
-0.212 0.45932 0.403531 1.93767 1.51907
-0.208 0.423043 0.402331 1.96089 1.51944
-0.204 0.386259 0.401154 1.98405 1.51979
-0.2 0.349017 0.4 2.00713 1.52014
-0.196 0.311368 0.398869 2.03012 1.52048
-0.192 0.273363 0.39776 2.053 1.52082
-0.188 0.235054 0.396674 2.07575 1.52114
-0.184 0.196493 0.395611 2.09837 1.52147
-0.18 0.157733 0.394571 2.12083 1.52178
-0.176 0.118827 0.393554 2.14311 1.52209
-0.172 0.0798283 0.39256 2.16521 1.52239
-0.168 0.04079 0.391589 2.1871 1.52268
-0.164 0.0017659 0.39064 2.20878 1.52297
-0.16 -0.0371905 0.389714 2.23021 1.52325
-0.156 -0.0760257 0.388811 2.25139 1.52352
-0.152 -0.114686 0.387931 2.2723 1.52378
-0.148 -0.153119 0.387074 2.29292 1.52404
-0.144 -0.191271 0.38624 2.31324 1.52429
-0.14 -0.22909 0.385429 2.33323 1.52454
-0.136 -0.266523 0.38464 2.35289 1.52478
-0.132 -0.30352 0.383874 2.3722 1.52501
-0.128 -0.340028 0.383131 2.39113 1.52523
-0.124 -0.375998 0.382411 2.40968 1.52545
-0.12 -0.411379 0.381714 2.42782 1.52566
-0.116 -0.446124 0.38104 2.44555 1.52586
-0.112 -0.480183 0.380389 2.46284 1.52606
-0.108 -0.513511 0.37976 2.47968 1.52625
-0.104 -0.54606 0.379154 2.49606 1.52643
-0.1 -0.577785 0.378571 2.51195 1.52661
-0.096 -0.608644 0.378011 2.52736 1.52678
-0.092 -0.638592 0.377474 2.54225 1.52694
-0.088 -0.667589 0.37696 2.55662 1.5271
-0.084 -0.695594 0.376469 2.57045 1.52724
-0.08 -0.722569 0.376 2.58373 1.52739
-0.076 -0.748475 0.375554 2.59645 1.52752
-0.072 -0.773278 0.375131 2.6086 1.52765
-0.068 -0.796943 0.374731 2.62016 1.52777
-0.064 -0.819437 0.374354 2.63112 1.52788
-0.06 -0.840728 0.374 2.64148 1.52799
-0.056 -0.860787 0.373669 2.65121 1.52809
-0.052 -0.879587 0.37336 2.66032 1.52818
-0.048 -0.897101 0.373074 2.66879 1.52827
-0.044 -0.913305 0.372811 2.67661 1.52835
-0.04 -0.928176 0.372571 2.68378 1.52842
-0.036 -0.941695 0.372354 2.69029 1.52849
-0.032 -0.953841 0.37216 2.69613 1.52854
-0.028 -0.964598 0.371989 2.7013 1.5286
-0.024 -0.973951 0.37184 2.70579 1.52864
-0.02 -0.981887 0.371714 2.7096 1.52868
-0.016 -0.988396 0.371611 2.71272 1.52871
-0.012 -0.993467 0.371531 2.71515 1.52873
-0.008 -0.997095 0.371474 2.71689 1.52875
-0.004 -0.999273 0.37144 2.71793 1.52876
0 -1 0.371429 2.71828 1.52877
0.004 -0.999273 0.37144 2.71793 1.52876
0.008 -0.997095 0.371474 2.71689 1.52875
0.012 -0.993467 0.371531 2.71515 1.52873
0.016 -0.988396 0.371611 2.71272 1.52871
0.02 -0.981887 0.371714 2.7096 1.52868
0.024 -0.973951 0.37184 2.70579 1.52864
0.028 -0.964598 0.371989 2.7013 1.5286
0.032 -0.953841 0.37216 2.69613 1.52854
0.036 -0.941695 0.372354 2.69029 1.52849
0.04 -0.928176 0.372571 2.68378 1.52842
0.044 -0.913305 0.372811 2.67661 1.52835
0.048 -0.897101 0.373074 2.66879 1.52827
0.052 -0.879587 0.37336 2.66032 1.52818
0.056 -0.860787 0.373669 2.65121 1.52809
0.06 -0.840728 0.374 2.64148 1.52799
0.064 -0.819437 0.374354 2.63112 1.52788
0.068 -0.796943 0.374731 2.62016 1.52777
0.072 -0.773278 0.375131 2.6086 1.52765
0.076 -0.748475 0.375554 2.59645 1.52752
0.08 -0.722569 0.376 2.58373 1.52739
0.084 -0.695594 0.376469 2.57045 1.52724
0.088 -0.667589 0.37696 2.55662 1.5271
0.092 -0.638592 0.377474 2.54225 1.52694
0.096 -0.608644 0.378011 2.52736 1.52678
0.1 -0.577785 0.378571 2.51195 1.52661
0.104 -0.54606 0.379154 2.49606 1.52643
0.108 -0.513511 0.37976 2.47968 1.52625
0.112 -0.480183 0.380389 2.46284 1.52606
0.116 -0.446124 0.38104 2.44555 1.52586
0.12 -0.411379 0.381714 2.42782 1.52566
0.124 -0.375998 0.382411 2.40968 1.52545
0.128 -0.340028 0.383131 2.39113 1.52523
0.132 -0.30352 0.383874 2.3722 1.52501
0.136 -0.266523 0.38464 2.35289 1.52478
0.14 -0.22909 0.385429 2.33323 1.52454
0.144 -0.191271 0.38624 2.31324 1.52429
0.148 -0.153119 0.387074 2.29292 1.52404
0.152 -0.114686 0.387931 2.2723 1.52378
0.156 -0.0760257 0.388811 2.25139 1.52352
0.16 -0.0371905 0.389714 2.23021 1.52325
0.164 0.0017659 0.39064 2.20878 1.52297
0.168 0.04079 0.391589 2.1871 1.52268
0.172 0.0798283 0.39256 2.16521 1.52239
0.176 0.118827 0.393554 2.14311 1.52209
0.18 0.157733 0.394571 2.12083 1.52178
0.184 0.196493 0.395611 2.09837 1.52147
0.188 0.235054 0.396674 2.07575 1.52114
0.192 0.273363 0.39776 2.053 1.52082
0.196 0.311368 0.398869 2.03012 1.52048
0.2 0.349017 0.4 2.00713 1.52014
0.204 0.386259 0.401154 1.98405 1.51979
0.208 0.423043 0.402331 1.96089 1.51944
0.212 0.45932 0.403531 1.93767 1.51907
0.216 0.495039 0.404754 1.91439 1.51871
0.22 0.530154 0.406 1.89109 1.51833
0.224 0.564616 0.407269 1.86776 1.51795
0.228 0.598378 0.40856 1.84442 1.51756
0.232 0.631397 0.409874 1.82109 1.51716
0.236 0.663626 0.411211 1.79778 1.51676
0.24 0.695024 0.412571 1.7745 1.51635
0.244 0.725548 0.413954 1.75127 1.51593
0.248 0.755157 0.41536 1.72809 1.5155
0.252 0.783813 0.416789 1.70498 1.51507
0.256 0.811477 0.41824 1.68195 1.51464
0.26 0.838113 0.419714 1.65901 1.51419
0.264 0.863686 0.421211 1.63617 1.51374
0.268 0.888163 0.422731 1.61344 1.51328
0.272 0.911512 0.424274 1.59083 1.51281
0.276 0.933703 0.42584 1.56836 1.51234
0.28 0.954707 0.427429 1.54602 1.51186
0.284 0.974497 0.42904 1.52383 1.51138
0.288 0.99305 0.430674 1.5018 1.51088
0.292 1.01034 0.432331 1.47993 1.51038
0.296 1.02635 0.434011 1.45823 1.50987
0.3 1.04106 0.435714 1.43671 1.50936
0.304 1.05444 0.43744 1.41538 1.50884
0.308 1.0665 0.439189 1.39424 1.50831
0.312 1.0772 0.44096 1.3733 1.50778
0.316 1.08654 0.442754 1.35257 1.50724
0.32 1.09451 0.444571 1.33204 1.50669
0.324 1.10111 0.446411 1.31174 1.50613
0.328 1.10632 0.448274 1.29165 1.50557
0.332 1.11015 0.45016 1.27178 1.505
0.336 1.11258 0.452069 1.25214 1.50442
0.34 1.11363 0.454 1.23274 1.50384
0.344 1.11329 0.455954 1.21357 1.50325
0.348 1.11157 0.457931 1.19464 1.50265
0.352 1.10847 0.459931 1.17595 1.50205
0.356 1.104 0.461954 1.15751 1.50144
0.36 1.09818 0.464 1.13931 1.50082
0.364 1.09102 0.466069 1.12136 1.5002
0.368 1.08252 0.46816 1.10366 1.49957
0.372 1.07271 0.470274 1.08622 1.49893
0.376 1.06161 0.472411 1.06902 1.49828
0.38 1.04923 0.474571 1.05209 1.49763
0.384 1.03559 0.476754 1.0354 1.49697
0.388 1.02073 0.47896 1.01897 1.49631
0.392 1.00466 0.481189 1.0028 1.49563
0.396 0.987412 0.48344 0.986883 1.49495
0.4 0.969017 0.485714 0.971223 1.49427
0.404 0.949504 0.488011 0.955818 1.49357
0.408 0.928907 0.490331 0.940668 1.49287
0.412 0.907257 0.492674 0.925772 1.49217
0.416 0.884592 0.49504 0.911131 1.49145
0.42 0.860947 0.497429 0.896742 1.49073
0.424 0.836362 0.49984 0.882606 1.49
0.428 0.810875 0.502274 0.86872 1.48927
0.432 0.784529 0.504731 0.855083 1.48853
0.436 0.757365 0.507211 0.841694 1.48778
0.44 0.729427 0.509714 0.828551 1.48702
0.444 0.700759 0.51224 0.815653 1.48626
0.448 0.671408 0.514789 0.802997 1.48549
0.452 0.64142 0.51736 0.790582 1.48472
0.456 0.610842 0.519954 0.778406 1.48393
0.46 0.579725 0.522571 0.766467 1.48314
0.464 0.548116 0.525211 0.754762 1.48235
0.468 0.516066 0.527874 0.743289 1.48154
0.472 0.483626 0.53056 0.732047 1.48073
0.476 0.450847 0.533269 0.721032 1.47991
0.48 0.417781 0.536 0.710242 1.47909
0.484 0.384482 0.538754 0.699675 1.47826
0.488 0.351 0.541531 0.689328 1.47742
0.492 0.317391 0.544331 0.679199 1.47657
0.496 0.283706 0.547154 0.669285 1.47572
0.5 0.25 0.55 0.659583 1.47486
0.504 0.216326 0.552869 0.650092 1.474
0.508 0.182737 0.55576 0.640807 1.47312
0.512 0.149288 0.558674 0.631728 1.47225
0.516 0.11603 0.561611 0.62285 1.47136
0.52 0.0830187 0.564571 0.614171 1.47047
0.524 0.0503052 0.567554 0.605689 1.46956
0.528 0.0179425 0.57056 0.5974 1.46866
0.532 -0.0140176 0.573589 0.589303 1.46774
0.536 -0.0455235 0.57664 0.581394 1.46682
0.54 -0.0765246 0.579714 0.573671 1.46589
0.544 -0.10697 0.582811 0.566131 1.46496
0.548 -0.136812 0.585931 0.558772 1.46402
0.552 -0.166 0.589074 0.55159 1.46307
0.556 -0.194487 0.59224 0.544584 1.46211
0.56 -0.222227 0.595429 0.53775 1.46115
0.564 -0.249173 0.59864 0.531086 1.46018
0.568 -0.275281 0.601874 0.52459 1.45921
0.572 -0.300507 0.605131 0.518259 1.45822
0.576 -0.32481 0.608411 0.512091 1.45723
0.58 -0.348147 0.611714 0.506082 1.45624
0.584 -0.37048 0.61504 0.500232 1.45523
0.588 -0.391769 0.618389 0.494536 1.45422
0.592 -0.411979 0.62176 0.488994 1.4532
0.596 -0.431072 0.625154 0.483602 1.45218
0.6 -0.449017 0.628571 0.478359 1.45115
0.604 -0.46578 0.632011 0.473262 1.45011
0.608 -0.48133 0.635474 0.468309 1.44906
0.612 -0.49564 0.63896 0.463498 1.44801
0.616 -0.50868 0.642469 0.458826 1.44695
0.62 -0.520427 0.646 0.454292 1.44589
0.624 -0.530856 0.649554 0.449894 1.44481
0.628 -0.539945 0.653131 0.445629 1.44373
0.632 -0.547674 0.656731 0.441497 1.44265
0.636 -0.554026 0.660354 0.437494 1.44155
0.64 -0.558983 0.664 0.433619 1.44045
0.644 -0.562532 0.667669 0.429871 1.43935
0.648 -0.56466 0.67136 0.426247 1.43823
0.652 -0.565357 0.675074 0.422745 1.43711
0.656 -0.564615 0.678811 0.419365 1.43598
0.66 -0.562427 0.682571 0.416105 1.43485
0.664 -0.558788 0.686354 0.412962 1.4337
0.668 -0.553697 0.69016 0.409937 1.43256
0.672 -0.547153 0.693989 0.407026 1.4314
0.676 -0.539158 0.69784 0.404229 1.43024
0.68 -0.529715 0.701714 0.401544 1.42907
0.684 -0.51883 0.705611 0.39897 1.42789
0.688 -0.506511 0.709531 0.396506 1.42671
0.692 -0.492768 0.713474 0.394151 1.42552
0.696 -0.477612 0.71744 0.391903 1.42432
0.7 -0.461057 0.721429 0.389761 1.42312
0.704 -0.443118 0.72544 0.387724 1.42191
0.708 -0.423813 0.729474 0.385792 1.42069
0.712 -0.403162 0.733531 0.383963 1.41946
0.716 -0.381185 0.737611 0.382236 1.41823
0.72 -0.357907 0.741714 0.38061 1.41699
0.724 -0.333351 0.74584 0.379086 1.41575
0.728 -0.307544 0.749989 0.377661 1.4145
0.732 -0.280515 0.75416 0.376335 1.41324
0.736 -0.252294 0.758354 0.375108 1.41197
0.74 -0.222913 0.762571 0.373978 1.4107
0.744 -0.192405 0.766811 0.372946 1.40942
0.748 -0.160805 0.771074 0.372011 1.40813
0.752 -0.128149 0.77536 0.371172 1.40684
0.756 -0.0944759 0.779669 0.370429 1.40554
0.76 -0.059824 0.784 0.369781 1.40423
0.764 -0.0242343 0.788354 0.369229 1.40292
0.768 0.0122513 0.792731 0.368771 1.4016
0.772 0.0495897 0.797131 0.368408 1.40027
0.776 0.0877365 0.801554 0.368139 1.39893
0.78 0.126646 0.806 0.367965 1.39759
0.784 0.166273 0.810469 0.367885 1.39624
0.788 0.206568 0.81496 0.367899 1.39489
0.792 0.247485 0.819474 0.368008 1.39352
0.796 0.288973 0.824011 0.36821 1.39215
0.8 0.330983 0.828571 0.368507 1.39078
0.804 0.373464 0.833154 0.368899 1.38939
0.808 0.416365 0.83776 0.369385 1.388
0.812 0.459634 0.842389 0.369966 1.38661
0.816 0.503219 0.84704 0.370642 1.3852
0.82 0.547067 0.851714 0.371414 1.38379
0.824 0.591125 0.856411 0.372282 1.38237
0.828 0.63534 0.861131 0.373247 1.38095
0.832 0.679658 0.865874 0.374308 1.37952
0.836 0.724026 0.87064 0.375467 1.37808
0.84 0.768391 0.875429 0.376724 1.37663
0.844 0.812698 0.88024 0.378079 1.37518
0.848 0.856894 0.885074 0.379534 1.37372
0.852 0.900927 0.889931 0.381089 1.37226
0.856 0.944743 0.894811 0.382745 1.37078
0.86 0.98829 0.899714 0.384502 1.3693
0.864 1.03152 0.90464 0.386362 1.36782
0.868 1.07437 0.909589 0.388326 1.36632
0.872 1.1168 0.91456 0.390394 1.36482
0.876 1.15875 0.919554 0.392568 1.36331
0.88 1.20018 0.924571 0.394848 1.3618
0.884 1.24104 0.929611 0.397236 1.36028
0.888 1.28127 0.934674 0.399733 1.35875
0.892 1.32084 0.93976 0.40234 1.35721
0.896 1.35969 0.944869 0.405059 1.35567
0.9 1.39779 0.95 0.40789 1.35412
0.904 1.43508 0.955154 0.410835 1.35257
0.908 1.47152 0.960331 0.413896 1.351
0.912 1.50708 0.965531 0.417074 1.34944
0.916 1.54171 0.970754 0.42037 1.34786
0.92 1.57537 0.976 0.423786 1.34628
0.924 1.60803 0.981269 0.427324 1.34469
0.928 1.63965 0.98656 0.430985 1.34309
0.932 1.67019 0.991874 0.434772 1.34148
0.936 1.69963 0.997211 0.438685 1.33987
0.94 1.72793 1.00257 0.442727 1.33825
0.944 1.75506 1.00795 0.446899 1.33663
0.948 1.781 1.01336 0.451203 1.335
0.952 1.80571 1.01879 0.455642 1.33336
0.956 1.82918 1.02424 0.460217 1.33171
0.96 1.85138 1.02971 0.464931 1.33006
0.964 1.87229 1.03521 0.469784 1.3284
0.968 1.89189 1.04073 0.47478 1.32674
0.972 1.91017 1.04627 0.479921 1.32506
0.976 1.9271 1.05184 0.485209 1.32338
0.98 1.94269 1.05743 0.490646 1.3217
0.984 1.95691 1.06304 0.496234 1.32
0.988 1.96976 1.06867 0.501976 1.3183
0.992 1.98122 1.07433 0.507874 1.31659
0.996 1.99131 1.08001 0.51393 1.31488
1 2 1.08571 0.520147 1.31316
1.004 2.00731 1.09144 0.526528 1.31143
1.008 2.01322 1.09719 0.533074 1.30969
1.012 2.01776 1.10296 0.539788 1.30795
1.016 2.02091 1.10875 0.546674 1.3062
1.02 2.02269 1.11457 0.553733 1.30445
1.024 2.0231 1.12041 0.560967 1.30268
1.028 2.02217 1.12627 0.568381 1.30092
1.032 2.01989 1.13216 0.575976 1.29914
1.036 2.01629 1.13807 0.583754 1.29736
1.04 2.01138 1.144 0.59172 1.29556
1.044 2.00518 1.14995 0.599874 1.29377
1.048 1.99771 1.15593 0.608221 1.29196
1.052 1.989 1.16193 0.616762 1.29015
1.056 1.97906 1.16795 0.6255 1.28833
1.06 1.96793 1.174 0.634438 1.28651
1.064 1.95563 1.18007 0.64358 1.28468
1.068 1.94219 1.18616 0.652926 1.28284
1.072 1.92765 1.19227 0.662481 1.28099
1.076 1.91203 1.19841 0.672246 1.27914
1.08 1.89537 1.20457 0.682224 1.27728
1.084 1.87771 1.21075 0.692419 1.27541
1.088 1.85908 1.21696 0.702831 1.27354
1.092 1.83952 1.22319 0.713465 1.27166
1.096 1.81908 1.22944 0.724323 1.26977
1.1 1.79779 1.23571 0.735406 1.26788
1.104 1.77569 1.24201 0.746717 1.26598
1.108 1.75284 1.24833 0.75826 1.26407
1.112 1.72927 1.25467 0.770035 1.26216
1.116 1.70504 1.26104 0.782045 1.26024
1.12 1.68018 1.26743 0.794293 1.25831
1.124 1.65475 1.27384 0.80678 1.25637
1.128 1.6288 1.28027 0.819508 1.25443
1.132 1.60237 1.28673 0.83248 1.25248
1.136 1.57552 1.29321 0.845697 1.25053
1.14 1.54829 1.29971 0.85916 1.24856
1.144 1.52074 1.30624 0.872872 1.24659
1.148 1.49293 1.31279 0.886833 1.24462
1.152 1.46489 1.31936 0.901046 1.24263
1.156 1.4367 1.32595 0.91551 1.24064
1.16 1.40839 1.33257 0.930228 1.23864
1.164 1.38003 1.33921 0.9452 1.23664
1.168 1.35166 1.34587 0.960426 1.23463
1.172 1.32334 1.35256 0.975908 1.23261
1.176 1.29512 1.35927 0.991646 1.23059
1.18 1.26707 1.366 1.00764 1.22855
1.184 1.23922 1.37275 1.02389 1.22652
1.188 1.21163 1.37953 1.0404 1.22447
1.192 1.18437 1.38633 1.05716 1.22242
1.196 1.15746 1.39315 1.07417 1.22036
1.2 1.13098 1.4 1.09144 1.21829
1.204 1.10497 1.40687 1.10896 1.21622
1.208 1.07948 1.41376 1.12674 1.21414
1.212 1.05457 1.42067 1.14476 1.21205
1.216 1.03027 1.42761 1.16303 1.20996
1.22 1.00665 1.43457 1.18155 1.20786
1.224 0.983736 1.44155 1.20031 1.20575
1.228 0.96159 1.44856 1.21931 1.20363
1.232 0.940251 1.45559 1.23855 1.20151
1.236 0.919766 1.46264 1.25803 1.19938
1.24 0.900176 1.46971 1.27773 1.19725
1.244 0.881524 1.47681 1.29767 1.19511
1.248 0.863851 1.48393 1.31782 1.19296
1.252 0.847195 1.49107 1.3382 1.1908
1.256 0.831595 1.49824 1.35879 1.18864
1.26 0.817087 1.50543 1.37958 1.18647
1.264 0.803706 1.51264 1.40058 1.18429
1.268 0.791485 1.51987 1.42178 1.18211
1.272 0.780456 1.52713 1.44317 1.17992
1.276 0.770649 1.53441 1.46474 1.17772
1.28 0.762093 1.54171 1.48649 1.17551
1.284 0.754815 1.54904 1.50841 1.1733
1.288 0.748838 1.55639 1.53049 1.17109
1.292 0.744187 1.56376 1.55272 1.16886
1.296 0.740882 1.57115 1.57511 1.16663
1.3 0.738943 1.57857 1.59762 1.16439
1.304 0.738388 1.58601 1.62027 1.16214
1.308 0.739232 1.59347 1.64303 1.15989
1.312 0.741489 1.60096 1.6659 1.15763
1.316 0.74517 1.60847 1.68887 1.15536
1.32 0.750285 1.616 1.71193 1.15309
1.324 0.756842 1.62355 1.73506 1.15081
1.328 0.764847 1.63113 1.75825 1.14852
1.332 0.774303 1.63873 1.7815 1.14623
1.336 0.785212 1.64635 1.80479 1.14393
1.34 0.797573 1.654 1.82811 1.14162
1.344 0.811385 1.66167 1.85144 1.13931
1.348 0.826643 1.66936 1.87478 1.13698
1.352 0.84334 1.67707 1.8981 1.13466
1.356 0.861468 1.68481 1.9214 1.13232
1.36 0.881017 1.69257 1.94466 1.12998
1.364 0.901974 1.70035 1.96787 1.12763
1.368 0.924326 1.70816 1.991 1.12527
1.372 0.948055 1.71599 2.01406 1.12291
1.376 0.973144 1.72384 2.03702 1.12054
1.38 0.999573 1.73171 2.05986 1.11816
1.384 1.02732 1.73961 2.08257 1.11578
1.388 1.05636 1.74753 2.10514 1.11339
1.392 1.08667 1.75547 2.12755 1.11099
1.396 1.11822 1.76344 2.14978 1.10859
1.4 1.15098 1.77143 2.17182 1.10618
1.404 1.18493 1.77944 2.19365 1.10376
1.408 1.22002 1.78747 2.21525 1.10133
1.412 1.25623 1.79553 2.23661 1.0989
1.416 1.29352 1.80361 2.25771 1.09646
1.42 1.33185 1.81171 2.27854 1.09402
1.424 1.37119 1.81984 2.29907 1.09156
1.428 1.41149 1.82799 2.31929 1.0891
1.432 1.45272 1.83616 2.33919 1.08664
1.436 1.49483 1.84435 2.35874 1.08416
1.44 1.53777 1.85257 2.37793 1.08168
1.444 1.58151 1.86081 2.39675 1.0792
1.448 1.626 1.86907 2.41518 1.0767
1.452 1.67119 1.87736 2.4332 1.0742
1.456 1.71703 1.88567 2.4508 1.07169
1.46 1.76348 1.894 2.46796 1.06918
1.464 1.81048 1.90235 2.48466 1.06666
1.468 1.85798 1.91073 2.50089 1.06413
1.472 1.90594 1.91913 2.51664 1.06159
1.476 1.95431 1.92755 2.53189 1.05905
1.48 2.00302 1.936 2.54663 1.0565
1.484 2.05203 1.94447 2.56084 1.05394
1.488 2.10129 1.95296 2.57451 1.05138
1.492 2.15074 1.96147 2.58762 1.04881
1.496 2.20033 1.97001 2.60017 1.04623
1.5 2.25 1.97857 2.61214 1.04365
1.504 2.29971 1.98715 2.62352 1.04106
1.508 2.34939 1.99576 2.6343 1.03846
1.512 2.399 2.00439 2.64447 1.03586
1.516 2.44848 2.01304 2.65402 1.03325
1.52 2.49778 2.02171 2.66293 1.03063
1.524 2.54685 2.03041 2.67121 1.028
1.528 2.59563 2.03913 2.67884 1.02537
1.532 2.64407 2.04787 2.68581 1.02273
1.536 2.69212 2.05664 2.69212 1.02008
1.54 2.73972 2.06543 2.69776 1.01743
1.544 2.78684 2.07424 2.70273 1.01477
1.548 2.83342 2.08307 2.70701 1.01211
1.552 2.87941 2.09193 2.71061 1.00943
1.556 2.92476 2.10081 2.71353 1.00675
1.56 2.96943 2.10971 2.71575 1.00406
1.564 3.01336 2.11864 2.71728 1.00137
1.568 3.05653 2.12759 2.71811 0.998669
1.572 3.09888 2.13656 2.71825 0.995961
1.576 3.14036 2.14555 2.71769 0.993246
1.58 3.18095 2.15457 2.71644 0.990524
1.584 3.22059 2.16361 2.71449 0.987795
1.588 3.25926 2.17267 2.71186 0.985059
1.592 3.29691 2.18176 2.70853 0.982317
1.596 3.3335 2.19087 2.70451 0.979568
1.6 3.36902 2.2 2.69982 0.976811
1.604 3.40341 2.20915 2.69445 0.974048
1.608 3.43666 2.21833 2.6884 0.971278
1.612 3.46873 2.22753 2.68169 0.968501
1.616 3.49959 2.23675 2.67433 0.965717
1.62 3.52923 2.246 2.66631 0.962926
1.624 3.55761 2.25527 2.65764 0.960128
1.628 3.58471 2.26456 2.64835 0.957324
1.632 3.61052 2.27387 2.63843 0.954512
1.636 3.63502 2.28321 2.62789 0.951694
1.64 3.65818 2.29257 2.61674 0.948869
1.644 3.68 2.30195 2.60501 0.946036
1.648 3.70047 2.31136 2.59269 0.943197
1.652 3.71957 2.32079 2.57979 0.940351
1.656 3.73729 2.33024 2.56634 0.937498
1.66 3.75363 2.33971 2.55235 0.934638
1.664 3.76858 2.34921 2.53782 0.931772
1.668 3.78215 2.35873 2.52277 0.928898
1.672 3.79432 2.36827 2.50722 0.926018
1.676 3.80511 2.37784 2.49118 0.92313
1.68 3.81451 2.38743 2.47466 0.920236
1.684 3.82254 2.39704 2.45768 0.917335
1.688 3.8292 2.40667 2.44026 0.914427
1.692 3.8345 2.41633 2.42241 0.911512
1.696 3.83844 2.42601 2.40414 0.90859
1.7 3.84106 2.43571 2.38547 0.905661
1.704 3.84235 2.44544 2.36643 0.902725
1.708 3.84234 2.45519 2.34701 0.899783
1.712 3.84105 2.46496 2.32725 0.896833
1.716 3.8385 2.47475 2.30716 0.893877
1.72 3.83471 2.48457 2.28675 0.890913
1.724 3.8297 2.49441 2.26604 0.887943
1.728 3.82351 2.50427 2.24504 0.884966
1.732 3.81616 2.51416 2.22379 0.881982
1.736 3.80769 2.52407 2.20228 0.878991
1.74 3.79811 2.534 2.18054 0.875993
1.744 3.78748 2.54395 2.15858 0.872989
1.748 3.77581 2.55393 2.13643 0.869977
1.752 3.76316 2.56393 2.11409 0.866959
1.756 3.74955 2.57395 2.09158 0.863933
1.76 3.73502 2.584 2.06892 0.860901
1.764 3.71963 2.59407 2.04613 0.857862
1.768 3.7034 2.60416 2.02321 0.854816
1.772 3.68638 2.61427 2.0002 0.851763
1.776 3.66862 2.62441 1.97709 0.848703
1.78 3.65015 2.63457 1.95391 0.845636
1.784 3.63104 2.64475 1.93067 0.842562
1.788 3.61132 2.65496 1.90738 0.839482
1.792 3.59104 2.66519 1.88407 0.836394
1.796 3.57026 2.67544 1.86074 0.8333
1.8 3.54902 2.68571 1.8374 0.830198
1.804 3.52737 2.69601 1.81407 0.82709
1.808 3.50536 2.70633 1.79077 0.823975
1.812 3.48305 2.71667 1.76751 0.820853
1.816 3.46049 2.72704 1.74429 0.817724
1.82 3.43773 2.73743 1.72113 0.814588
1.824 3.41483 2.74784 1.69804 0.811446
1.828 3.39183 2.75827 1.67504 0.808296
1.832 3.36879 2.76873 1.65212 0.80514
1.836 3.34577 2.77921 1.62932 0.801976
1.84 3.32281 2.78971 1.60662 0.798806
1.844 3.29997 2.80024 1.58405 0.795629
1.848 3.27731 2.81079 1.56162 0.792445
1.852 3.25488 2.82136 1.53932 0.789254
1.856 3.23273 2.83195 1.51718 0.786056
1.86 3.21091 2.84257 1.4952 0.782851
1.864 3.18948 2.85321 1.47338 0.779639
1.868 3.16848 2.86387 1.45174 0.776421
1.872 3.14797 2.87456 1.43027 0.773195
1.876 3.128 2.88527 1.409 0.769963
1.88 3.10862 2.896 1.38792 0.766724
1.884 3.08988 2.90675 1.36704 0.763478
1.888 3.07182 2.91753 1.34637 0.760224
1.892 3.05449 2.92833 1.32591 0.756964
1.896 3.03794 2.93915 1.30567 0.753698
1.9 3.02221 2.95 1.28564 0.750424
1.904 3.00736 2.96087 1.26585 0.747143
1.908 2.99341 2.97176 1.24628 0.743856
1.912 2.98041 2.98267 1.22695 0.740561
1.916 2.96841 2.99361 1.20785 0.73726
1.92 2.95743 3.00457 1.18899 0.733951
1.924 2.94752 3.01555 1.17038 0.730636
1.928 2.93872 3.02656 1.15201 0.727314
1.932 2.93106 3.03759 1.13388 0.723985
1.936 2.92456 3.04864 1.11601 0.720649
1.94 2.91927 3.05971 1.09839 0.717307
1.944 2.91521 3.07081 1.08102 0.713957
1.948 2.91241 3.08193 1.0639 0.7106
1.952 2.9109 3.09307 1.04704 0.707237
1.956 2.91069 3.10424 1.03043 0.703867
1.96 2.91182 3.11543 1.01408 0.700489
1.964 2.91431 3.12664 0.997984 0.697105
1.968 2.91816 3.13787 0.982144 0.693714
1.972 2.9234 3.14913 0.96656 0.690316
1.976 2.93005 3.16041 0.951232 0.686911
1.98 2.93811 3.17171 0.936159 0.683499
1.984 2.9476 3.18304 0.92134 0.680081
1.988 2.95853 3.19439 0.906774 0.676655
1.992 2.97091 3.20576 0.892462 0.673223
1.996 2.98473 3.21715 0.878401 0.669783
