-2 3 3 0.86459 0.86459
-1.996 2.98473 3.02647 0.878401 0.835175
-1.992 2.97091 3.05255 0.892462 0.806113
-1.988 2.95853 3.07823 0.906774 0.777403
-1.984 2.9476 3.10353 0.92134 0.749043
-1.98 2.93811 3.12844 0.936159 0.721031
-1.976 2.93005 3.15297 0.951232 0.693366
-1.972 2.9234 3.17711 0.96656 0.666045
-1.968 2.91816 3.20088 0.982144 0.639067
-1.964 2.91431 3.22426 0.997984 0.612431
-1.96 2.91182 3.24727 1.01408 0.586133
-1.956 2.91069 3.26991 1.03043 0.560174
-1.952 2.9109 3.29217 1.04704 0.53455
-1.948 2.91241 3.31406 1.0639 0.50926
-1.944 2.91521 3.33559 1.08102 0.484303
-1.94 2.91927 3.35674 1.09839 0.459677
-1.936 2.92456 3.37754 1.11601 0.435379
-1.932 2.93106 3.39797 1.13388 0.411409
-1.928 2.93872 3.41804 1.15201 0.387765
-1.924 2.94752 3.43775 1.17038 0.364444
-1.92 2.95743 3.4571 1.18899 0.341445
-1.916 2.96841 3.4761 1.20785 0.318767
-1.912 2.98041 3.49475 1.22695 0.296408
-1.908 2.99341 3.51305 1.24628 0.274365
-1.904 3.00736 3.531 1.26585 0.252638
-1.9 3.02221 3.5486 1.28564 0.231225
-1.896 3.03794 3.56586 1.30567 0.210123
-1.892 3.05449 3.58277 1.32591 0.189332
-1.888 3.07182 3.59935 1.34637 0.168849
-1.884 3.08988 3.61558 1.36704 0.148673
-1.88 3.10862 3.63148 1.38792 0.128803
-1.876 3.128 3.64704 1.409 0.109236
-1.872 3.14797 3.66227 1.43027 0.0899706
-1.868 3.16848 3.67717 1.45174 0.0710057
-1.864 3.18948 3.69174 1.47338 0.0523393
-1.86 3.21091 3.70598 1.4952 0.0339699
-1.856 3.23273 3.71989 1.51718 0.0158957
-1.852 3.25488 3.73349 1.53932 -0.00188494
-1.848 3.27731 3.74676 1.56162 -0.0193736
-1.844 3.29997 3.75971 1.58405 -0.036572
-1.84 3.32281 3.77234 1.60662 -0.0534817
-1.836 3.34577 3.78466 1.62932 -0.0701043
-1.832 3.36879 3.79666 1.65212 -0.0864416
-1.828 3.39183 3.80835 1.67504 -0.102495
-1.824 3.41483 3.81973 1.69804 -0.118266
-1.82 3.43773 3.8308 1.72113 -0.133757
-1.816 3.46049 3.84157 1.74429 -0.148969
-1.812 3.48305 3.85203 1.76751 -0.163904
-1.808 3.50536 3.86219 1.79077 -0.178563
-1.804 3.52737 3.87204 1.81407 -0.192948
-1.8 3.54902 3.8816 1.8374 -0.20706
-1.796 3.57026 3.89086 1.86074 -0.220902
-1.792 3.59104 3.89982 1.88407 -0.234474
-1.788 3.61132 3.90849 1.90738 -0.247778
-1.784 3.63104 3.91687 1.93067 -0.260817
-1.78 3.65015 3.92496 1.95391 -0.273591
-1.776 3.66862 3.93276 1.97709 -0.286102
-1.772 3.68638 3.94027 2.0002 -0.298352
-1.768 3.7034 3.9475 2.02321 -0.310342
-1.764 3.71963 3.95445 2.04613 -0.322074
-1.76 3.73502 3.96112 2.06892 -0.333549
-1.756 3.74955 3.9675 2.09158 -0.344769
-1.752 3.76316 3.97361 2.11409 -0.355736
-1.748 3.77581 3.97944 2.13643 -0.36645
-1.744 3.78748 3.985 2.15858 -0.376915
-1.74 3.79811 3.99029 2.18054 -0.38713
-1.736 3.80769 3.99531 2.20228 -0.397098
-1.732 3.81616 4.00006 2.22379 -0.406821
-1.728 3.82351 4.00454 2.24504 -0.416299
-1.724 3.8297 4.00876 2.26604 -0.425535
-1.72 3.83471 4.01271 2.28675 -0.434529
-1.716 3.8385 4.01641 2.30716 -0.443284
-1.712 3.84105 4.01984 2.32725 -0.451801
-1.708 3.84234 4.02302 2.34701 -0.460081
-1.704 3.84235 4.02593 2.36643 -0.468126
-1.7 3.84106 4.0286 2.38547 -0.475938
-1.696 3.83844 4.03101 2.40414 -0.483518
-1.692 3.8345 4.03317 2.42241 -0.490867
-1.688 3.8292 4.03509 2.44026 -0.497987
-1.684 3.82254 4.03675 2.45768 -0.50488
-1.68 3.81451 4.03817 2.47466 -0.511546
-1.676 3.80511 4.03935 2.49118 -0.517988
-1.672 3.79432 4.04028 2.50722 -0.524208
-1.668 3.78215 4.04097 2.52277 -0.530205
-1.664 3.76858 4.04143 2.53782 -0.535983
-1.66 3.75363 4.04165 2.55235 -0.541542
-1.656 3.73729 4.04163 2.56634 -0.546884
-1.652 3.71957 4.04138 2.57979 -0.55201
-1.648 3.70047 4.04089 2.59269 -0.556922
-1.644 3.68 4.04018 2.60501 -0.561622
-1.64 3.65818 4.03923 2.61674 -0.56611
-1.636 3.63502 4.03806 2.62789 -0.570388
-1.632 3.61052 4.03667 2.63843 -0.574459
-1.628 3.58471 4.03505 2.64835 -0.578322
-1.624 3.55761 4.03321 2.65764 -0.58198
-1.62 3.52923 4.03115 2.66631 -0.585434
-1.616 3.49959 4.02887 2.67433 -0.588685
-1.612 3.46873 4.02637 2.68169 -0.591736
-1.608 3.43666 4.02366 2.6884 -0.594587
-1.604 3.40341 4.02074 2.69445 -0.597239
-1.6 3.36902 4.0176 2.69982 -0.599695
-1.596 3.3335 4.01425 2.70451 -0.601955
-1.592 3.29691 4.0107 2.70853 -0.604022
-1.588 3.25926 4.00693 2.71186 -0.605895
-1.584 3.22059 4.00296 2.71449 -0.607578
-1.58 3.18095 3.99879 2.71644 -0.609071
-1.576 3.14036 3.99442 2.71769 -0.610376
-1.572 3.09888 3.98984 2.71825 -0.611494
-1.568 3.05653 3.98507 2.71811 -0.612426
-1.564 3.01336 3.98009 2.71728 -0.613174
-1.56 2.96943 3.97493 2.71575 -0.61374
-1.556 2.92476 3.96957 2.71353 -0.614124
-1.552 2.87941 3.96401 2.71061 -0.614328
-1.548 2.83342 3.95827 2.70701 -0.614353
-1.544 2.78684 3.95233 2.70273 -0.614202
-1.54 2.73972 3.94621 2.69776 -0.613874
-1.536 2.69212 3.9399 2.69212 -0.613372
-1.532 2.64407 3.93341 2.68581 -0.612697
-1.528 2.59563 3.92673 2.67884 -0.611851
-1.524 2.54685 3.91987 2.67121 -0.610834
-1.52 2.49778 3.91283 2.66293 -0.609648
-1.516 2.44848 3.90562 2.65402 -0.608294
-1.512 2.399 3.89823 2.64447 -0.606774
-1.508 2.34939 3.89066 2.6343 -0.605089
-1.504 2.29971 3.88291 2.62352 -0.60324
-1.5 2.25 3.875 2.61214 -0.601229
-1.496 2.20033 3.86691 2.60017 -0.599057
-1.492 2.15074 3.85866 2.58762 -0.596726
-1.488 2.10129 3.85024 2.57451 -0.594236
-1.484 2.05203 3.84165 2.56084 -0.591589
-1.48 2.00302 3.8329 2.54663 -0.588787
-1.476 1.95431 3.82398 2.53189 -0.58583
-1.472 1.90594 3.81491 2.51664 -0.58272
-1.468 1.85798 3.80567 2.50089 -0.579458
-1.464 1.81048 3.79627 2.48466 -0.576046
-1.46 1.76348 3.78672 2.46796 -0.572485
-1.456 1.71703 3.77701 2.4508 -0.568776
-1.452 1.67119 3.76715 2.4332 -0.564921
-1.448 1.626 3.75714 2.41518 -0.560921
-1.444 1.58151 3.74697 2.39675 -0.556776
-1.44 1.53777 3.73666 2.37793 -0.552489
-1.436 1.49483 3.72619 2.35874 -0.54806
-1.432 1.45272 3.71558 2.33919 -0.543492
-1.428 1.41149 3.70483 2.31929 -0.538784
-1.424 1.37119 3.69393 2.29907 -0.533939
-1.42 1.33185 3.68289 2.27854 -0.528958
-1.416 1.29352 3.67171 2.25771 -0.523841
-1.412 1.25623 3.66038 2.23661 -0.518591
-1.408 1.22002 3.64893 2.21525 -0.513209
-1.404 1.18493 3.63733 2.19365 -0.507695
-1.4 1.15098 3.6256 2.17182 -0.502051
-1.396 1.11822 3.61374 2.14978 -0.496278
-1.392 1.08667 3.60174 2.12755 -0.490378
-1.388 1.05636 3.58961 2.10514 -0.484352
-1.384 1.02732 3.57736 2.08257 -0.4782
-1.38 0.999573 3.56497 2.05986 -0.471925
-1.376 0.973144 3.55246 2.03702 -0.465527
-1.372 0.948055 3.53983 2.01406 -0.459008
-1.368 0.924326 3.52707 1.991 -0.452369
-1.364 0.901974 3.51419 1.96787 -0.44561
-1.36 0.881017 3.50119 1.94466 -0.438734
-1.356 0.861468 3.48807 1.9214 -0.431742
-1.352 0.84334 3.47483 1.8981 -0.424634
-1.348 0.826643 3.46147 1.87478 -0.417412
-1.344 0.811385 3.448 1.85144 -0.410078
-1.34 0.797573 3.43441 1.82811 -0.402631
-1.336 0.785212 3.42072 1.80479 -0.395074
-1.332 0.774303 3.40691 1.7815 -0.387408
-1.328 0.764847 3.39299 1.75825 -0.379633
-1.324 0.756842 3.37896 1.73506 -0.371752
-1.32 0.750285 3.36483 1.71193 -0.363765
-1.316 0.74517 3.35059 1.68887 -0.355673
-1.312 0.741489 3.33624 1.6659 -0.347478
-1.308 0.739232 3.3218 1.64303 -0.33918
-1.304 0.738388 3.30725 1.62027 -0.330782
-1.3 0.738943 3.2926 1.59762 -0.322283
-1.296 0.740882 3.27785 1.57511 -0.313686
-1.292 0.744187 3.26301 1.55272 -0.304991
-1.288 0.748838 3.24806 1.53049 -0.2962
-1.284 0.754815 3.23303 1.50841 -0.287313
-1.28 0.762093 3.2179 1.48649 -0.278332
-1.276 0.770649 3.20267 1.46474 -0.269258
-1.272 0.780456 3.18736 1.44317 -0.260092
-1.268 0.791485 3.17196 1.42178 -0.250836
-1.264 0.803706 3.15646 1.40058 -0.241489
-1.26 0.817087 3.14088 1.37958 -0.232055
-1.256 0.831595 3.12522 1.35879 -0.222532
-1.252 0.847195 3.10947 1.3382 -0.212924
-1.248 0.863851 3.09364 1.31782 -0.20323
-1.244 0.881524 3.07772 1.29767 -0.193452
-1.24 0.900176 3.06172 1.27773 -0.183591
-1.236 0.919766 3.04565 1.25803 -0.173649
-1.232 0.940251 3.02949 1.23855 -0.163625
-1.228 0.96159 3.01326 1.21931 -0.153522
-1.224 0.983736 2.99696 1.20031 -0.14334
-1.22 1.00665 2.98058 1.18155 -0.133081
-1.216 1.03027 2.96412 1.16303 -0.122746
-1.212 1.05457 2.9476 1.14476 -0.112335
-1.208 1.07948 2.931 1.12674 -0.10185
-1.204 1.10497 2.91433 1.10896 -0.0912914
-1.2 1.13098 2.8976 1.09144 -0.0806611
-1.196 1.15746 2.8808 1.07417 -0.0699597
-1.192 1.18437 2.86393 1.05716 -0.0591883
-1.188 1.21163 2.847 1.0404 -0.048348
-1.184 1.23922 2.83001 1.02389 -0.0374399
-1.18 1.26707 2.81295 1.00764 -0.026465
-1.176 1.29512 2.79583 0.991646 -0.0154243
-1.172 1.32334 2.77865 0.975908 -0.004319
-1.168 1.35166 2.76142 0.960426 0.00685001
-1.164 1.38003 2.74412 0.9452 0.0180816
-1.16 1.40839 2.72677 0.930228 0.0293748
-1.156 1.4367 2.70937 0.91551 0.0407286
-1.152 1.46489 2.69191 0.901046 0.0521418
-1.148 1.49293 2.6744 0.886833 0.0636136
-1.144 1.52074 2.65684 0.872872 0.0751428
-1.14 1.54829 2.63923 0.85916 0.0867285
-1.136 1.57552 2.62157 0.845697 0.0983696
-1.132 1.60237 2.60386 0.83248 0.110065
-1.128 1.6288 2.5861 0.819508 0.121814
-1.124 1.65475 2.5683 0.80678 0.133616
-1.12 1.68018 2.55045 0.794293 0.145468
-1.116 1.70504 2.53256 0.782045 0.157372
-1.112 1.72927 2.51463 0.770035 0.169324
-1.108 1.75284 2.49666 0.75826 0.181325
-1.104 1.77569 2.47865 0.746717 0.193374
-1.1 1.79779 2.4606 0.735406 0.205469
-1.096 1.81908 2.44251 0.724323 0.217609
-1.092 1.83952 2.42439 0.713465 0.229794
-1.088 1.85908 2.40623 0.702831 0.242023
-1.084 1.87771 2.38803 0.692419 0.254294
-1.08 1.89537 2.36981 0.682224 0.266607
-1.076 1.91203 2.35155 0.672246 0.27896
-1.072 1.92765 2.33326 0.662481 0.291353
-1.068 1.94219 2.31494 0.652926 0.303785
-1.064 1.95563 2.29659 0.64358 0.316255
-1.06 1.96793 2.27822 0.634438 0.328761
-1.056 1.97906 2.25981 0.6255 0.341304
-1.052 1.989 2.24139 0.616762 0.353881
-1.048 1.99771 2.22293 0.608221 0.366493
-1.044 2.00518 2.20446 0.599874 0.379137
-1.04 2.01138 2.18596 0.59172 0.391814
-1.036 2.01629 2.16744 0.583754 0.404522
-1.032 2.01989 2.1489 0.575976 0.41726
-1.028 2.02217 2.13035 0.568381 0.430027
-1.024 2.0231 2.11177 0.560967 0.442823
-1.02 2.02269 2.09318 0.553733 0.455647
-1.016 2.02091 2.07457 0.546674 0.468497
-1.012 2.01776 2.05595 0.539788 0.481373
-1.008 2.01322 2.03731 0.533074 0.494274
-1.004 2.00731 2.01866 0.526528 0.507199
-1 2 2 0.520147 0.520147
-0.996 1.99131 1.98133 0.51393 0.533117
-0.992 1.98122 1.96265 0.507874 0.546109
-0.988 1.96976 1.94396 0.501976 0.55912
-0.984 1.95691 1.92526 0.496234 0.572152
-0.98 1.94269 1.90655 0.490646 0.585202
-0.976 1.9271 1.88784 0.485209 0.59827
-0.972 1.91017 1.86913 0.479921 0.611354
-0.968 1.89189 1.85041 0.47478 0.624455
-0.964 1.87229 1.83169 0.469784 0.637571
-0.96 1.85138 1.81297 0.464931 0.650701
-0.956 1.82918 1.79425 0.460217 0.663845
-0.952 1.80571 1.77552 0.455642 0.677001
-0.948 1.781 1.7568 0.451203 0.690169
-0.944 1.75506 1.73808 0.446899 0.703349
-0.94 1.72793 1.71937 0.442727 0.716538
-0.936 1.69963 1.70066 0.438685 0.729736
-0.932 1.67019 1.68195 0.434772 0.742943
-0.928 1.63965 1.66325 0.430985 0.756157
-0.924 1.60803 1.64456 0.427324 0.769379
-0.92 1.57537 1.62587 0.423786 0.782606
-0.916 1.54171 1.6072 0.42037 0.795838
-0.912 1.50708 1.58853 0.417074 0.809075
-0.908 1.47152 1.56987 0.413896 0.822315
-0.904 1.43508 1.55123 0.410835 0.835557
-0.9 1.39779 1.5326 0.40789 0.848802
-0.896 1.35969 1.51398 0.405059 0.862048
-0.892 1.32084 1.49538 0.40234 0.875294
-0.888 1.28127 1.47679 0.399733 0.888539
-0.884 1.24104 1.45822 0.397236 0.901783
-0.88 1.20018 1.43967 0.394848 0.915026
-0.876 1.15875 1.42113 0.392568 0.928265
-0.872 1.1168 1.40262 0.390394 0.9415
-0.868 1.07437 1.38412 0.388326 0.954732
-0.864 1.03152 1.36565 0.386362 0.967958
-0.86 0.98829 1.34719 0.384502 0.981178
-0.856 0.944743 1.32876 0.382745 0.994391
-0.852 0.900927 1.31036 0.381089 1.0076
-0.848 0.856894 1.29197 0.379534 1.02079
-0.844 0.812698 1.27362 0.378079 1.03398
-0.84 0.768391 1.25529 0.376724 1.04716
-0.836 0.724026 1.23698 0.375467 1.06033
-0.832 0.679658 1.21871 0.374308 1.07349
-0.828 0.63534 1.20046 0.373247 1.08663
-0.824 0.591125 1.18224 0.372282 1.09976
-0.82 0.547067 1.16405 0.371414 1.11288
-0.816 0.503219 1.1459 0.370642 1.12599
-0.812 0.459634 1.12777 0.369966 1.13908
-0.808 0.416365 1.10968 0.369385 1.15215
-0.804 0.373464 1.09162 0.368899 1.16521
-0.8 0.330983 1.0736 0.368507 1.17825
-0.796 0.288973 1.05561 0.36821 1.19127
-0.792 0.247485 1.03766 0.368008 1.20428
-0.788 0.206568 1.01975 0.367899 1.21726
-0.784 0.166273 1.00187 0.367885 1.23023
-0.78 0.126646 0.984033 0.367965 1.24317
-0.776 0.0877365 0.966235 0.368139 1.2561
-0.772 0.0495897 0.948477 0.368408 1.269
-0.768 0.0122513 0.93076 0.368771 1.28188
-0.764 -0.0242343 0.913085 0.369229 1.29473
-0.76 -0.059824 0.895452 0.369781 1.30756
-0.756 -0.0944759 0.877863 0.370429 1.32037
-0.752 -0.128149 0.860318 0.371172 1.33315
-0.748 -0.160805 0.842818 0.372011 1.3459
-0.744 -0.192405 0.825364 0.372946 1.35863
-0.74 -0.222913 0.807956 0.373978 1.37133
-0.736 -0.252294 0.790596 0.375108 1.38401
-0.732 -0.280515 0.773283 0.376335 1.39665
-0.728 -0.307544 0.756019 0.377661 1.40927
-0.724 -0.333351 0.738805 0.379086 1.42185
-0.72 -0.357907 0.721641 0.38061 1.43441
-0.716 -0.381185 0.704528 0.382236 1.44693
-0.712 -0.403162 0.687467 0.383963 1.45942
-0.708 -0.423813 0.670458 0.385792 1.47188
-0.704 -0.443118 0.653502 0.387724 1.4843
-0.7 -0.461057 0.6366 0.389761 1.49669
-0.696 -0.477612 0.619753 0.391903 1.50905
-0.692 -0.492768 0.602961 0.394151 1.52137
-0.688 -0.506511 0.586225 0.396506 1.53366
-0.684 -0.51883 0.569546 0.39897 1.54591
-0.68 -0.529715 0.552924 0.401544 1.55812
-0.676 -0.539158 0.536361 0.404229 1.5703
-0.672 -0.547153 0.519856 0.407026 1.58244
-0.668 -0.553697 0.503411 0.409937 1.59453
-0.664 -0.558788 0.487026 0.412962 1.60659
-0.66 -0.562427 0.470702 0.416105 1.61861
-0.656 -0.564615 0.454439 0.419365 1.63059
-0.652 -0.565357 0.438239 0.422745 1.64253
-0.648 -0.56466 0.422102 0.426247 1.65443
-0.644 -0.562532 0.406028 0.429871 1.66628
-0.64 -0.558983 0.390019 0.433619 1.67809
-0.636 -0.554026 0.374074 0.437494 1.68986
-0.632 -0.547674 0.358195 0.441497 1.70158
-0.628 -0.539945 0.342382 0.445629 1.71326
-0.624 -0.530856 0.326636 0.449894 1.7249
-0.62 -0.520427 0.310958 0.454292 1.73649
-0.616 -0.50868 0.295347 0.458826 1.74803
-0.612 -0.49564 0.279806 0.463498 1.75953
-0.608 -0.48133 0.264334 0.468309 1.77097
-0.604 -0.46578 0.248932 0.473262 1.78237
-0.6 -0.449017 0.2336 0.478359 1.79373
-0.596 -0.431072 0.21834 0.483602 1.80503
-0.592 -0.411979 0.203151 0.488994 1.81629
-0.588 -0.391769 0.188035 0.494536 1.82749
-0.584 -0.37048 0.172993 0.500232 1.83864
-0.58 -0.348147 0.158023 0.506082 1.84975
-0.576 -0.32481 0.143128 0.512091 1.8608
-0.572 -0.300507 0.128308 0.518259 1.8718
-0.568 -0.275281 0.113564 0.52459 1.88274
-0.564 -0.249173 0.0988953 0.531086 1.89364
-0.56 -0.222227 0.0843034 0.53775 1.90448
-0.556 -0.194487 0.0697886 0.544584 1.91526
-0.552 -0.166 0.0553516 0.55159 1.926
-0.548 -0.136812 0.040993 0.558772 1.93667
-0.544 -0.10697 0.0267133 0.566131 1.94729
-0.54 -0.0765246 0.012513 0.573671 1.95786
-0.536 -0.0455235 -0.00160733 0.581394 1.96837
-0.532 -0.0140176 -0.0156471 0.589303 1.97882
-0.528 0.0179425 -0.0296057 0.5974 1.98921
-0.524 0.0503052 -0.0434827 0.605689 1.99955
-0.52 0.0830187 -0.0572774 0.614171 2.00983
-0.516 0.11603 -0.0709895 0.62285 2.02005
-0.512 0.149288 -0.0846183 0.631728 2.03021
-0.508 0.182737 -0.0981634 0.640807 2.04031
-0.504 0.216326 -0.111624 0.650092 2.05035
-0.5 0.25 -0.125 0.659583 2.06033
-0.496 0.283706 -0.138291 0.669285 2.07025
-0.492 0.317391 -0.151495 0.679199 2.0801
-0.488 0.351 -0.164614 0.689328 2.0899
-0.484 0.384482 -0.177645 0.699675 2.09963
-0.48 0.417781 -0.190589 0.710242 2.1093
-0.476 0.450847 -0.203446 0.721032 2.11891
-0.472 0.483626 -0.216214 0.732047 2.12845
-0.468 0.516066 -0.228893 0.743289 2.13793
-0.464 0.548116 -0.241483 0.754762 2.14734
-0.46 0.579725 -0.253983 0.766467 2.15669
-0.456 0.610842 -0.266393 0.778406 2.16598
-0.452 0.64142 -0.278712 0.790582 2.17519
-0.448 0.671408 -0.29094 0.802997 2.18435
-0.444 0.700759 -0.303076 0.815653 2.19343
-0.44 0.729427 -0.315121 0.828551 2.20245
-0.436 0.757365 -0.327072 0.841694 2.2114
-0.432 0.784529 -0.338931 0.855083 2.22028
-0.428 0.810875 -0.350696 0.86872 2.2291
-0.424 0.836362 -0.362368 0.882606 2.23785
-0.42 0.860947 -0.373945 0.896742 2.24652
-0.416 0.884592 -0.385427 0.911131 2.25513
-0.412 0.907257 -0.396814 0.925772 2.26367
-0.408 0.928907 -0.408106 0.940668 2.27214
-0.404 0.949504 -0.419301 0.955818 2.28054
-0.4 0.969017 -0.4304 0.971223 2.28887
-0.396 0.987412 -0.441402 0.986883 2.29712
-0.392 1.00466 -0.452307 1.0028 2.30531
-0.388 1.02073 -0.463114 1.01897 2.31342
-0.384 1.03559 -0.473824 1.0354 2.32146
-0.38 1.04923 -0.484434 1.05209 2.32943
-0.376 1.06161 -0.494946 1.06902 2.33733
-0.372 1.07271 -0.505359 1.08622 2.34515
-0.368 1.08252 -0.515672 1.10366 2.3529
-0.364 1.09102 -0.525885 1.12136 2.36057
-0.36 1.09818 -0.535997 1.13931 2.36818
-0.356 1.104 -0.546009 1.15751 2.3757
-0.352 1.10847 -0.55592 1.17595 2.38316
-0.348 1.11157 -0.565729 1.19464 2.39053
-0.344 1.11329 -0.575437 1.21357 2.39783
-0.34 1.11363 -0.585042 1.23274 2.40506
-0.336 1.11258 -0.594545 1.25214 2.41221
-0.332 1.11015 -0.603945 1.27178 2.41928
-0.328 1.10632 -0.613242 1.29165 2.42628
-0.324 1.10111 -0.622435 1.31174 2.4332
-0.32 1.09451 -0.631524 1.33204 2.44004
-0.316 1.08654 -0.640509 1.35257 2.44681
-0.312 1.0772 -0.649389 1.3733 2.4535
-0.308 1.0665 -0.658165 1.39424 2.46011
-0.304 1.05444 -0.666835 1.41538 2.46664
-0.3 1.04106 -0.6754 1.43671 2.47309
-0.296 1.02635 -0.683859 1.45823 2.47947
-0.292 1.01034 -0.692212 1.47993 2.48576
-0.288 0.99305 -0.700458 1.5018 2.49198
-0.284 0.974497 -0.708598 1.52383 2.49811
-0.28 0.954707 -0.716631 1.54602 2.50417
-0.276 0.933703 -0.724557 1.56836 2.51014
-0.272 0.911512 -0.732374 1.59083 2.51604
-0.268 0.888163 -0.740084 1.61344 2.52185
-0.264 0.863686 -0.747686 1.63617 2.52759
-0.26 0.838113 -0.75518 1.65901 2.53324
-0.256 0.811477 -0.762565 1.68195 2.53881
-0.252 0.783813 -0.769841 1.70498 2.5443
-0.248 0.755157 -0.777007 1.72809 2.54971
-0.244 0.725548 -0.784064 1.75127 2.55504
-0.24 0.695024 -0.791012 1.7745 2.56028
-0.236 0.663626 -0.797849 1.79778 2.56544
-0.232 0.631397 -0.804577 1.82109 2.57052
-0.228 0.598378 -0.811194 1.84442 2.57552
-0.224 0.564616 -0.8177 1.86776 2.58043
-0.22 0.530154 -0.824095 1.89109 2.58526
-0.216 0.495039 -0.830379 1.91439 2.59001
-0.212 0.45932 -0.836552 1.93767 2.59467
-0.208 0.423043 -0.842613 1.96089 2.59925
-0.204 0.386259 -0.848563 1.98405 2.60374
-0.2 0.349017 -0.8544 2.00713 2.60815
-0.196 0.311368 -0.860125 2.03012 2.61248
-0.192 0.273363 -0.865738 2.053 2.61672
-0.188 0.235054 -0.871238 2.07575 2.62088
-0.184 0.196493 -0.876625 2.09837 2.62495
-0.18 0.157733 -0.8819 2.12083 2.62893
-0.176 0.118827 -0.887061 2.14311 2.63284
-0.172 0.0798283 -0.892109 2.16521 2.63665
-0.168 0.04079 -0.897043 2.1871 2.64038
-0.164 0.0017659 -0.901864 2.20878 2.64403
-0.16 -0.0371905 -0.90657 2.23021 2.64759
-0.156 -0.0760257 -0.911163 2.25139 2.65106
-0.152 -0.114686 -0.915641 2.2723 2.65445
-0.148 -0.153119 -0.920005 2.29292 2.65775
-0.144 -0.191271 -0.924255 2.31324 2.66096
-0.14 -0.22909 -0.928389 2.33323 2.66409
-0.136 -0.266523 -0.932409 2.35289 2.66713
-0.132 -0.30352 -0.936314 2.3722 2.67008
-0.128 -0.340028 -0.940104 2.39113 2.67295
-0.124 -0.375998 -0.943779 2.40968 2.67573
-0.12 -0.411379 -0.947338 2.42782 2.67842
-0.116 -0.446124 -0.950782 2.44555 2.68103
-0.112 -0.480183 -0.95411 2.46284 2.68355
-0.108 -0.513511 -0.957323 2.47968 2.68598
-0.104 -0.54606 -0.960419 2.49606 2.68832
-0.1 -0.577785 -0.9634 2.51195 2.69058
-0.096 -0.608644 -0.966265 2.52736 2.69274
-0.092 -0.638592 -0.969013 2.54225 2.69482
-0.088 -0.667589 -0.971645 2.55662 2.69682
-0.084 -0.695594 -0.974161 2.57045 2.69872
-0.08 -0.722569 -0.976561 2.58373 2.70054
-0.076 -0.748475 -0.978844 2.59645 2.70226
-0.072 -0.773278 -0.98101 2.6086 2.7039
-0.068 -0.796943 -0.98306 2.62016 2.70546
-0.064 -0.819437 -0.984993 2.63112 2.70692
-0.06 -0.840728 -0.986809 2.64148 2.70829
-0.056 -0.860787 -0.988508 2.65121 2.70958
-0.052 -0.879587 -0.99009 2.66032 2.71078
-0.048 -0.897101 -0.991556 2.66879 2.71189
-0.044 -0.913305 -0.992904 2.67661 2.71291
-0.04 -0.928176 -0.994135 2.68378 2.71384
-0.036 -0.941695 -0.995249 2.69029 2.71468
-0.032 -0.953841 -0.996246 2.69613 2.71544
-0.028 -0.964598 -0.997126 2.7013 2.71611
-0.024 -0.973951 -0.997888 2.70579 2.71668
-0.02 -0.981887 -0.998533 2.7096 2.71717
-0.016 -0.988396 -0.999061 2.71272 2.71757
-0.012 -0.993467 -0.999472 2.71515 2.71788
-0.008 -0.997095 -0.999765 2.71689 2.7181
-0.004 -0.999273 -0.999941 2.71793 2.71824
0 -1 -1 2.71828 2.71828
0.004 -0.999273 -0.999941 2.71793 2.71824
0.008 -0.997095 -0.999765 2.71689 2.7181
0.012 -0.993467 -0.999472 2.71515 2.71788
0.016 -0.988396 -0.999061 2.71272 2.71757
0.02 -0.981887 -0.998533 2.7096 2.71717
0.024 -0.973951 -0.997888 2.70579 2.71668
0.028 -0.964598 -0.997126 2.7013 2.71611
0.032 -0.953841 -0.996246 2.69613 2.71544
0.036 -0.941695 -0.995249 2.69029 2.71468
0.04 -0.928176 -0.994135 2.68378 2.71384
0.044 -0.913305 -0.992904 2.67661 2.71291
0.048 -0.897101 -0.991556 2.66879 2.71189
0.052 -0.879587 -0.99009 2.66032 2.71078
0.056 -0.860787 -0.988508 2.65121 2.70958
0.06 -0.840728 -0.986809 2.64148 2.70829
0.064 -0.819437 -0.984993 2.63112 2.70692
0.068 -0.796943 -0.98306 2.62016 2.70546
0.072 -0.773278 -0.98101 2.6086 2.7039
0.076 -0.748475 -0.978844 2.59645 2.70226
0.08 -0.722569 -0.976561 2.58373 2.70054
0.084 -0.695594 -0.974161 2.57045 2.69872
0.088 -0.667589 -0.971645 2.55662 2.69682
0.092 -0.638592 -0.969013 2.54225 2.69482
0.096 -0.608644 -0.966265 2.52736 2.69274
0.1 -0.577785 -0.9634 2.51195 2.69058
0.104 -0.54606 -0.960419 2.49606 2.68832
0.108 -0.513511 -0.957323 2.47968 2.68598
0.112 -0.480183 -0.95411 2.46284 2.68355
0.116 -0.446124 -0.950782 2.44555 2.68103
0.12 -0.411379 -0.947338 2.42782 2.67842
0.124 -0.375998 -0.943779 2.40968 2.67573
0.128 -0.340028 -0.940104 2.39113 2.67295
0.132 -0.30352 -0.936314 2.3722 2.67008
0.136 -0.266523 -0.932409 2.35289 2.66713
0.14 -0.22909 -0.928389 2.33323 2.66409
0.144 -0.191271 -0.924255 2.31324 2.66096
0.148 -0.153119 -0.920005 2.29292 2.65775
0.152 -0.114686 -0.915641 2.2723 2.65445
0.156 -0.0760257 -0.911163 2.25139 2.65106
0.16 -0.0371905 -0.90657 2.23021 2.64759
0.164 0.0017659 -0.901864 2.20878 2.64403
0.168 0.04079 -0.897043 2.1871 2.64038
0.172 0.0798283 -0.892109 2.16521 2.63665
0.176 0.118827 -0.887061 2.14311 2.63284
0.18 0.157733 -0.8819 2.12083 2.62893
0.184 0.196493 -0.876625 2.09837 2.62495
0.188 0.235054 -0.871238 2.07575 2.62088
0.192 0.273363 -0.865738 2.053 2.61672
0.196 0.311368 -0.860125 2.03012 2.61248
0.2 0.349017 -0.8544 2.00713 2.60815
0.204 0.386259 -0.848563 1.98405 2.60374
0.208 0.423043 -0.842613 1.96089 2.59925
0.212 0.45932 -0.836552 1.93767 2.59467
0.216 0.495039 -0.830379 1.91439 2.59001
0.22 0.530154 -0.824095 1.89109 2.58526
0.224 0.564616 -0.8177 1.86776 2.58043
0.228 0.598378 -0.811194 1.84442 2.57552
0.232 0.631397 -0.804577 1.82109 2.57052
0.236 0.663626 -0.797849 1.79778 2.56544
0.24 0.695024 -0.791012 1.7745 2.56028
0.244 0.725548 -0.784064 1.75127 2.55504
0.248 0.755157 -0.777007 1.72809 2.54971
0.252 0.783813 -0.769841 1.70498 2.5443
0.256 0.811477 -0.762565 1.68195 2.53881
0.26 0.838113 -0.75518 1.65901 2.53324
0.264 0.863686 -0.747686 1.63617 2.52759
0.268 0.888163 -0.740084 1.61344 2.52185
0.272 0.911512 -0.732374 1.59083 2.51604
0.276 0.933703 -0.724557 1.56836 2.51014
0.28 0.954707 -0.716631 1.54602 2.50417
0.284 0.974497 -0.708598 1.52383 2.49811
0.288 0.99305 -0.700458 1.5018 2.49198
0.292 1.01034 -0.692212 1.47993 2.48576
0.296 1.02635 -0.683859 1.45823 2.47947
0.3 1.04106 -0.6754 1.43671 2.47309
0.304 1.05444 -0.666835 1.41538 2.46664
0.308 1.0665 -0.658165 1.39424 2.46011
0.312 1.0772 -0.649389 1.3733 2.4535
0.316 1.08654 -0.640509 1.35257 2.44681
0.32 1.09451 -0.631524 1.33204 2.44004
0.324 1.10111 -0.622435 1.31174 2.4332
0.328 1.10632 -0.613242 1.29165 2.42628
0.332 1.11015 -0.603945 1.27178 2.41928
0.336 1.11258 -0.594545 1.25214 2.41221
0.34 1.11363 -0.585042 1.23274 2.40506
0.344 1.11329 -0.575437 1.21357 2.39783
0.348 1.11157 -0.565729 1.19464 2.39053
0.352 1.10847 -0.55592 1.17595 2.38316
0.356 1.104 -0.546009 1.15751 2.3757
0.36 1.09818 -0.535997 1.13931 2.36818
0.364 1.09102 -0.525885 1.12136 2.36057
0.368 1.08252 -0.515672 1.10366 2.3529
0.372 1.07271 -0.505359 1.08622 2.34515
0.376 1.06161 -0.494946 1.06902 2.33733
0.38 1.04923 -0.484434 1.05209 2.32943
0.384 1.03559 -0.473824 1.0354 2.32146
0.388 1.02073 -0.463114 1.01897 2.31342
0.392 1.00466 -0.452307 1.0028 2.30531
0.396 0.987412 -0.441402 0.986883 2.29712
0.4 0.969017 -0.4304 0.971223 2.28887
0.404 0.949504 -0.419301 0.955818 2.28054
0.408 0.928907 -0.408106 0.940668 2.27214
0.412 0.907257 -0.396814 0.925772 2.26367
0.416 0.884592 -0.385427 0.911131 2.25513
0.42 0.860947 -0.373945 0.896742 2.24652
0.424 0.836362 -0.362368 0.882606 2.23785
0.428 0.810875 -0.350696 0.86872 2.2291
0.432 0.784529 -0.338931 0.855083 2.22028
0.436 0.757365 -0.327072 0.841694 2.2114
0.44 0.729427 -0.315121 0.828551 2.20245
0.444 0.700759 -0.303076 0.815653 2.19343
0.448 0.671408 -0.29094 0.802997 2.18435
0.452 0.64142 -0.278712 0.790582 2.17519
0.456 0.610842 -0.266393 0.778406 2.16598
0.46 0.579725 -0.253983 0.766467 2.15669
0.464 0.548116 -0.241483 0.754762 2.14734
0.468 0.516066 -0.228893 0.743289 2.13793
0.472 0.483626 -0.216214 0.732047 2.12845
0.476 0.450847 -0.203446 0.721032 2.11891
0.48 0.417781 -0.190589 0.710242 2.1093
0.484 0.384482 -0.177645 0.699675 2.09963
0.488 0.351 -0.164614 0.689328 2.0899
0.492 0.317391 -0.151495 0.679199 2.0801
0.496 0.283706 -0.138291 0.669285 2.07025
0.5 0.25 -0.125 0.659583 2.06033
0.504 0.216326 -0.111624 0.650092 2.05035
0.508 0.182737 -0.0981634 0.640807 2.04031
0.512 0.149288 -0.0846183 0.631728 2.03021
0.516 0.11603 -0.0709895 0.62285 2.02005
0.52 0.0830187 -0.0572774 0.614171 2.00983
0.524 0.0503052 -0.0434827 0.605689 1.99955
0.528 0.0179425 -0.0296057 0.5974 1.98921
0.532 -0.0140176 -0.0156471 0.589303 1.97882
0.536 -0.0455235 -0.00160733 0.581394 1.96837
0.54 -0.0765246 0.012513 0.573671 1.95786
0.544 -0.10697 0.0267133 0.566131 1.94729
0.548 -0.136812 0.040993 0.558772 1.93667
0.552 -0.166 0.0553516 0.55159 1.926
0.556 -0.194487 0.0697886 0.544584 1.91526
0.56 -0.222227 0.0843034 0.53775 1.90448
0.564 -0.249173 0.0988953 0.531086 1.89364
0.568 -0.275281 0.113564 0.52459 1.88274
0.572 -0.300507 0.128308 0.518259 1.8718
0.576 -0.32481 0.143128 0.512091 1.8608
0.58 -0.348147 0.158023 0.506082 1.84975
0.584 -0.37048 0.172993 0.500232 1.83864
0.588 -0.391769 0.188035 0.494536 1.82749
0.592 -0.411979 0.203151 0.488994 1.81629
0.596 -0.431072 0.21834 0.483602 1.80503
0.6 -0.449017 0.2336 0.478359 1.79373
0.604 -0.46578 0.248932 0.473262 1.78237
0.608 -0.48133 0.264334 0.468309 1.77097
0.612 -0.49564 0.279806 0.463498 1.75953
0.616 -0.50868 0.295347 0.458826 1.74803
0.62 -0.520427 0.310958 0.454292 1.73649
0.624 -0.530856 0.326636 0.449894 1.7249
0.628 -0.539945 0.342382 0.445629 1.71326
0.632 -0.547674 0.358195 0.441497 1.70158
0.636 -0.554026 0.374074 0.437494 1.68986
0.64 -0.558983 0.390019 0.433619 1.67809
0.644 -0.562532 0.406028 0.429871 1.66628
0.648 -0.56466 0.422102 0.426247 1.65443
0.652 -0.565357 0.438239 0.422745 1.64253
0.656 -0.564615 0.454439 0.419365 1.63059
0.66 -0.562427 0.470702 0.416105 1.61861
0.664 -0.558788 0.487026 0.412962 1.60659
0.668 -0.553697 0.503411 0.409937 1.59453
0.672 -0.547153 0.519856 0.407026 1.58244
0.676 -0.539158 0.536361 0.404229 1.5703
0.68 -0.529715 0.552924 0.401544 1.55812
0.684 -0.51883 0.569546 0.39897 1.54591
0.688 -0.506511 0.586225 0.396506 1.53366
0.692 -0.492768 0.602961 0.394151 1.52137
0.696 -0.477612 0.619753 0.391903 1.50905
0.7 -0.461057 0.6366 0.389761 1.49669
0.704 -0.443118 0.653502 0.387724 1.4843
0.708 -0.423813 0.670458 0.385792 1.47188
0.712 -0.403162 0.687467 0.383963 1.45942
0.716 -0.381185 0.704528 0.382236 1.44693
0.72 -0.357907 0.721641 0.38061 1.43441
0.724 -0.333351 0.738805 0.379086 1.42185
0.728 -0.307544 0.756019 0.377661 1.40927
0.732 -0.280515 0.773283 0.376335 1.39665
0.736 -0.252294 0.790596 0.375108 1.38401
0.74 -0.222913 0.807956 0.373978 1.37133
0.744 -0.192405 0.825364 0.372946 1.35863
0.748 -0.160805 0.842818 0.372011 1.3459
0.752 -0.128149 0.860318 0.371172 1.33315
0.756 -0.0944759 0.877863 0.370429 1.32037
0.76 -0.059824 0.895452 0.369781 1.30756
0.764 -0.0242343 0.913085 0.369229 1.29473
0.768 0.0122513 0.93076 0.368771 1.28188
0.772 0.0495897 0.948477 0.368408 1.269
0.776 0.0877365 0.966235 0.368139 1.2561
0.78 0.126646 0.984033 0.367965 1.24317
0.784 0.166273 1.00187 0.367885 1.23023
0.788 0.206568 1.01975 0.367899 1.21726
0.792 0.247485 1.03766 0.368008 1.20428
0.796 0.288973 1.05561 0.36821 1.19127
0.8 0.330983 1.0736 0.368507 1.17825
0.804 0.373464 1.09162 0.368899 1.16521
0.808 0.416365 1.10968 0.369385 1.15215
0.812 0.459634 1.12777 0.369966 1.13908
0.816 0.503219 1.1459 0.370642 1.12599
0.82 0.547067 1.16405 0.371414 1.11288
0.824 0.591125 1.18224 0.372282 1.09976
0.828 0.63534 1.20046 0.373247 1.08663
0.832 0.679658 1.21871 0.374308 1.07349
0.836 0.724026 1.23698 0.375467 1.06033
0.84 0.768391 1.25529 0.376724 1.04716
0.844 0.812698 1.27362 0.378079 1.03398
0.848 0.856894 1.29197 0.379534 1.02079
0.852 0.900927 1.31036 0.381089 1.0076
0.856 0.944743 1.32876 0.382745 0.994391
0.86 0.98829 1.34719 0.384502 0.981178
0.864 1.03152 1.36565 0.386362 0.967958
0.868 1.07437 1.38412 0.388326 0.954732
0.872 1.1168 1.40262 0.390394 0.9415
0.876 1.15875 1.42113 0.392568 0.928265
0.88 1.20018 1.43967 0.394848 0.915026
0.884 1.24104 1.45822 0.397236 0.901783
0.888 1.28127 1.47679 0.399733 0.888539
0.892 1.32084 1.49538 0.40234 0.875294
0.896 1.35969 1.51398 0.405059 0.862048
0.9 1.39779 1.5326 0.40789 0.848802
0.904 1.43508 1.55123 0.410835 0.835557
0.908 1.47152 1.56987 0.413896 0.822315
0.912 1.50708 1.58853 0.417074 0.809075
0.916 1.54171 1.6072 0.42037 0.795838
0.92 1.57537 1.62587 0.423786 0.782606
0.924 1.60803 1.64456 0.427324 0.769379
0.928 1.63965 1.66325 0.430985 0.756157
0.932 1.67019 1.68195 0.434772 0.742943
0.936 1.69963 1.70066 0.438685 0.729736
0.94 1.72793 1.71937 0.442727 0.716538
0.944 1.75506 1.73808 0.446899 0.703349
0.948 1.781 1.7568 0.451203 0.690169
0.952 1.80571 1.77552 0.455642 0.677001
0.956 1.82918 1.79425 0.460217 0.663845
0.96 1.85138 1.81297 0.464931 0.650701
0.964 1.87229 1.83169 0.469784 0.637571
0.968 1.89189 1.85041 0.47478 0.624455
0.972 1.91017 1.86913 0.479921 0.611354
0.976 1.9271 1.88784 0.485209 0.59827
0.98 1.94269 1.90655 0.490646 0.585202
0.984 1.95691 1.92526 0.496234 0.572152
0.988 1.96976 1.94396 0.501976 0.55912
0.992 1.98122 1.96265 0.507874 0.546109
0.996 1.99131 1.98133 0.51393 0.533117
1 2 2 0.520147 0.520147
1.004 2.00731 2.01866 0.526528 0.507199
1.008 2.01322 2.03731 0.533074 0.494274
1.012 2.01776 2.05595 0.539788 0.481373
1.016 2.02091 2.07457 0.546674 0.468497
1.02 2.02269 2.09318 0.553733 0.455647
1.024 2.0231 2.11177 0.560967 0.442823
1.028 2.02217 2.13035 0.568381 0.430027
1.032 2.01989 2.1489 0.575976 0.41726
1.036 2.01629 2.16744 0.583754 0.404522
1.04 2.01138 2.18596 0.59172 0.391814
1.044 2.00518 2.20446 0.599874 0.379137
1.048 1.99771 2.22293 0.608221 0.366493
1.052 1.989 2.24139 0.616762 0.353881
1.056 1.97906 2.25981 0.6255 0.341304
1.06 1.96793 2.27822 0.634438 0.328761
1.064 1.95563 2.29659 0.64358 0.316255
1.068 1.94219 2.31494 0.652926 0.303785
1.072 1.92765 2.33326 0.662481 0.291353
1.076 1.91203 2.35155 0.672246 0.27896
1.08 1.89537 2.36981 0.682224 0.266607
1.084 1.87771 2.38803 0.692419 0.254294
1.088 1.85908 2.40623 0.702831 0.242023
1.092 1.83952 2.42439 0.713465 0.229794
1.096 1.81908 2.44251 0.724323 0.217609
1.1 1.79779 2.4606 0.735406 0.205469
1.104 1.77569 2.47865 0.746717 0.193374
1.108 1.75284 2.49666 0.75826 0.181325
1.112 1.72927 2.51463 0.770035 0.169324
1.116 1.70504 2.53256 0.782045 0.157372
1.12 1.68018 2.55045 0.794293 0.145468
1.124 1.65475 2.5683 0.80678 0.133616
1.128 1.6288 2.5861 0.819508 0.121814
1.132 1.60237 2.60386 0.83248 0.110065
1.136 1.57552 2.62157 0.845697 0.0983696
1.14 1.54829 2.63923 0.85916 0.0867285
1.144 1.52074 2.65684 0.872872 0.0751428
1.148 1.49293 2.6744 0.886833 0.0636136
1.152 1.46489 2.69191 0.901046 0.0521418
1.156 1.4367 2.70937 0.91551 0.0407286
1.16 1.40839 2.72677 0.930228 0.0293748
1.164 1.38003 2.74412 0.9452 0.0180816
1.168 1.35166 2.76142 0.960426 0.00685001
1.172 1.32334 2.77865 0.975908 -0.004319
1.176 1.29512 2.79583 0.991646 -0.0154243
1.18 1.26707 2.81295 1.00764 -0.026465
1.184 1.23922 2.83001 1.02389 -0.0374399
1.188 1.21163 2.847 1.0404 -0.048348
1.192 1.18437 2.86393 1.05716 -0.0591883
1.196 1.15746 2.8808 1.07417 -0.0699597
1.2 1.13098 2.8976 1.09144 -0.0806611
1.204 1.10497 2.91433 1.10896 -0.0912914
1.208 1.07948 2.931 1.12674 -0.10185
1.212 1.05457 2.9476 1.14476 -0.112335
1.216 1.03027 2.96412 1.16303 -0.122746
1.22 1.00665 2.98058 1.18155 -0.133081
1.224 0.983736 2.99696 1.20031 -0.14334
1.228 0.96159 3.01326 1.21931 -0.153522
1.232 0.940251 3.02949 1.23855 -0.163625
1.236 0.919766 3.04565 1.25803 -0.173649
1.24 0.900176 3.06172 1.27773 -0.183591
1.244 0.881524 3.07772 1.29767 -0.193452
1.248 0.863851 3.09364 1.31782 -0.20323
1.252 0.847195 3.10947 1.3382 -0.212924
1.256 0.831595 3.12522 1.35879 -0.222532
1.26 0.817087 3.14088 1.37958 -0.232055
1.264 0.803706 3.15646 1.40058 -0.241489
1.268 0.791485 3.17196 1.42178 -0.250836
1.272 0.780456 3.18736 1.44317 -0.260092
1.276 0.770649 3.20267 1.46474 -0.269258
1.28 0.762093 3.2179 1.48649 -0.278332
1.284 0.754815 3.23303 1.50841 -0.287313
1.288 0.748838 3.24806 1.53049 -0.2962
1.292 0.744187 3.26301 1.55272 -0.304991
1.296 0.740882 3.27785 1.57511 -0.313686
1.3 0.738943 3.2926 1.59762 -0.322283
1.304 0.738388 3.30725 1.62027 -0.330782
1.308 0.739232 3.3218 1.64303 -0.33918
1.312 0.741489 3.33624 1.6659 -0.347478
1.316 0.74517 3.35059 1.68887 -0.355673
1.32 0.750285 3.36483 1.71193 -0.363765
1.324 0.756842 3.37896 1.73506 -0.371752
1.328 0.764847 3.39299 1.75825 -0.379633
1.332 0.774303 3.40691 1.7815 -0.387408
1.336 0.785212 3.42072 1.80479 -0.395074
1.34 0.797573 3.43441 1.82811 -0.402631
1.344 0.811385 3.448 1.85144 -0.410078
1.348 0.826643 3.46147 1.87478 -0.417412
1.352 0.84334 3.47483 1.8981 -0.424634
1.356 0.861468 3.48807 1.9214 -0.431742
1.36 0.881017 3.50119 1.94466 -0.438734
1.364 0.901974 3.51419 1.96787 -0.44561
1.368 0.924326 3.52707 1.991 -0.452369
1.372 0.948055 3.53983 2.01406 -0.459008
1.376 0.973144 3.55246 2.03702 -0.465527
1.38 0.999573 3.56497 2.05986 -0.471925
1.384 1.02732 3.57736 2.08257 -0.4782
1.388 1.05636 3.58961 2.10514 -0.484352
1.392 1.08667 3.60174 2.12755 -0.490378
1.396 1.11822 3.61374 2.14978 -0.496278
1.4 1.15098 3.6256 2.17182 -0.502051
1.404 1.18493 3.63733 2.19365 -0.507695
1.408 1.22002 3.64893 2.21525 -0.513209
1.412 1.25623 3.66038 2.23661 -0.518591
1.416 1.29352 3.67171 2.25771 -0.523841
1.42 1.33185 3.68289 2.27854 -0.528958
1.424 1.37119 3.69393 2.29907 -0.533939
1.428 1.41149 3.70483 2.31929 -0.538784
1.432 1.45272 3.71558 2.33919 -0.543492
1.436 1.49483 3.72619 2.35874 -0.54806
1.44 1.53777 3.73666 2.37793 -0.552489
1.444 1.58151 3.74697 2.39675 -0.556776
1.448 1.626 3.75714 2.41518 -0.560921
1.452 1.67119 3.76715 2.4332 -0.564921
1.456 1.71703 3.77701 2.4508 -0.568776
1.46 1.76348 3.78672 2.46796 -0.572485
1.464 1.81048 3.79627 2.48466 -0.576046
1.468 1.85798 3.80567 2.50089 -0.579458
1.472 1.90594 3.81491 2.51664 -0.58272
1.476 1.95431 3.82398 2.53189 -0.58583
1.48 2.00302 3.8329 2.54663 -0.588787
1.484 2.05203 3.84165 2.56084 -0.591589
1.488 2.10129 3.85024 2.57451 -0.594236
1.492 2.15074 3.85866 2.58762 -0.596726
1.496 2.20033 3.86691 2.60017 -0.599057
1.5 2.25 3.875 2.61214 -0.601229
1.504 2.29971 3.88291 2.62352 -0.60324
1.508 2.34939 3.89066 2.6343 -0.605089
1.512 2.399 3.89823 2.64447 -0.606774
1.516 2.44848 3.90562 2.65402 -0.608294
1.52 2.49778 3.91283 2.66293 -0.609648
1.524 2.54685 3.91987 2.67121 -0.610834
1.528 2.59563 3.92673 2.67884 -0.611851
1.532 2.64407 3.93341 2.68581 -0.612697
1.536 2.69212 3.9399 2.69212 -0.613372
1.54 2.73972 3.94621 2.69776 -0.613874
1.544 2.78684 3.95233 2.70273 -0.614202
1.548 2.83342 3.95827 2.70701 -0.614353
1.552 2.87941 3.96401 2.71061 -0.614328
1.556 2.92476 3.96957 2.71353 -0.614124
1.56 2.96943 3.97493 2.71575 -0.61374
1.564 3.01336 3.98009 2.71728 -0.613174
1.568 3.05653 3.98507 2.71811 -0.612426
1.572 3.09888 3.98984 2.71825 -0.611494
1.576 3.14036 3.99442 2.71769 -0.610376
1.58 3.18095 3.99879 2.71644 -0.609071
1.584 3.22059 4.00296 2.71449 -0.607578
1.588 3.25926 4.00693 2.71186 -0.605895
1.592 3.29691 4.0107 2.70853 -0.604022
1.596 3.3335 4.01425 2.70451 -0.601955
1.6 3.36902 4.0176 2.69982 -0.599695
1.604 3.40341 4.02074 2.69445 -0.597239
1.608 3.43666 4.02366 2.6884 -0.594587
1.612 3.46873 4.02637 2.68169 -0.591736
1.616 3.49959 4.02887 2.67433 -0.588685
1.62 3.52923 4.03115 2.66631 -0.585434
1.624 3.55761 4.03321 2.65764 -0.58198
1.628 3.58471 4.03505 2.64835 -0.578322
1.632 3.61052 4.03667 2.63843 -0.574459
1.636 3.63502 4.03806 2.62789 -0.570388
1.64 3.65818 4.03923 2.61674 -0.56611
1.644 3.68 4.04018 2.60501 -0.561622
1.648 3.70047 4.04089 2.59269 -0.556922
1.652 3.71957 4.04138 2.57979 -0.55201
1.656 3.73729 4.04163 2.56634 -0.546884
1.66 3.75363 4.04165 2.55235 -0.541542
1.664 3.76858 4.04143 2.53782 -0.535983
1.668 3.78215 4.04097 2.52277 -0.530205
1.672 3.79432 4.04028 2.50722 -0.524208
1.676 3.80511 4.03935 2.49118 -0.517988
1.68 3.81451 4.03817 2.47466 -0.511546
1.684 3.82254 4.03675 2.45768 -0.50488
1.688 3.8292 4.03509 2.44026 -0.497987
1.692 3.8345 4.03317 2.42241 -0.490867
1.696 3.83844 4.03101 2.40414 -0.483518
1.7 3.84106 4.0286 2.38547 -0.475938
1.704 3.84235 4.02593 2.36643 -0.468126
1.708 3.84234 4.02302 2.34701 -0.460081
1.712 3.84105 4.01984 2.32725 -0.451801
1.716 3.8385 4.01641 2.30716 -0.443284
1.72 3.83471 4.01271 2.28675 -0.434529
1.724 3.8297 4.00876 2.26604 -0.425535
1.728 3.82351 4.00454 2.24504 -0.416299
1.732 3.81616 4.00006 2.22379 -0.406821
1.736 3.80769 3.99531 2.20228 -0.397098
1.74 3.79811 3.99029 2.18054 -0.38713
1.744 3.78748 3.985 2.15858 -0.376915
1.748 3.77581 3.97944 2.13643 -0.36645
1.752 3.76316 3.97361 2.11409 -0.355736
1.756 3.74955 3.9675 2.09158 -0.344769
1.76 3.73502 3.96112 2.06892 -0.333549
1.764 3.71963 3.95445 2.04613 -0.322074
1.768 3.7034 3.9475 2.02321 -0.310342
1.772 3.68638 3.94027 2.0002 -0.298352
1.776 3.66862 3.93276 1.97709 -0.286102
1.78 3.65015 3.92496 1.95391 -0.273591
1.784 3.63104 3.91687 1.93067 -0.260817
1.788 3.61132 3.90849 1.90738 -0.247778
1.792 3.59104 3.89982 1.88407 -0.234474
1.796 3.57026 3.89086 1.86074 -0.220902
1.8 3.54902 3.8816 1.8374 -0.20706
1.804 3.52737 3.87204 1.81407 -0.192948
1.808 3.50536 3.86219 1.79077 -0.178563
1.812 3.48305 3.85203 1.76751 -0.163904
1.816 3.46049 3.84157 1.74429 -0.148969
1.82 3.43773 3.8308 1.72113 -0.133757
1.824 3.41483 3.81973 1.69804 -0.118266
1.828 3.39183 3.80835 1.67504 -0.102495
1.832 3.36879 3.79666 1.65212 -0.0864416
1.836 3.34577 3.78466 1.62932 -0.0701043
1.84 3.32281 3.77234 1.60662 -0.0534817
1.844 3.29997 3.75971 1.58405 -0.036572
1.848 3.27731 3.74676 1.56162 -0.0193736
1.852 3.25488 3.73349 1.53932 -0.00188494
1.856 3.23273 3.71989 1.51718 0.0158957
1.86 3.21091 3.70598 1.4952 0.0339699
1.864 3.18948 3.69174 1.47338 0.0523393
1.868 3.16848 3.67717 1.45174 0.0710057
1.872 3.14797 3.66227 1.43027 0.0899706
1.876 3.128 3.64704 1.409 0.109236
1.88 3.10862 3.63148 1.38792 0.128803
1.884 3.08988 3.61558 1.36704 0.148673
1.888 3.07182 3.59935 1.34637 0.168849
1.892 3.05449 3.58277 1.32591 0.189332
1.896 3.03794 3.56586 1.30567 0.210123
1.9 3.02221 3.5486 1.28564 0.231225
1.904 3.00736 3.531 1.26585 0.252638
1.908 2.99341 3.51305 1.24628 0.274365
1.912 2.98041 3.49475 1.22695 0.296408
1.916 2.96841 3.4761 1.20785 0.318767
1.92 2.95743 3.4571 1.18899 0.341445
1.924 2.94752 3.43775 1.17038 0.364444
1.928 2.93872 3.41804 1.15201 0.387765
1.932 2.93106 3.39797 1.13388 0.411409
1.936 2.92456 3.37754 1.11601 0.435379
1.94 2.91927 3.35674 1.09839 0.459677
1.944 2.91521 3.33559 1.08102 0.484303
1.948 2.91241 3.31406 1.0639 0.50926
1.952 2.9109 3.29217 1.04704 0.53455
1.956 2.91069 3.26991 1.03043 0.560174
1.96 2.91182 3.24727 1.01408 0.586133
1.964 2.91431 3.22426 0.997984 0.612431
1.968 2.91816 3.20088 0.982144 0.639067
1.972 2.9234 3.17711 0.96656 0.666045
1.976 2.93005 3.15297 0.951232 0.693366
1.98 2.93811 3.12844 0.936159 0.721031
1.984 2.9476 3.10353 0.92134 0.749043
1.988 2.95853 3.07823 0.906774 0.777403
1.992 2.97091 3.05255 0.892462 0.806113
1.996 2.98473 3.02647 0.878401 0.835175
