-2 3 0.86459
-1.42857 1.41733 2.32215
-0.857143 0.957215 0.383236
-0.285714 0.982602 1.51437
0.285714 0.982602 1.51437
0.857143 0.957215 0.383236
1.42857 1.41733 2.32215
2 3 0.86459
-2 3 0.86459
-1.42857 1.41733 2.32215
-0.857143 0.957215 0.383236
-0.285714 0.982602 1.51437
0.285714 0.982602 1.51437
0.857143 0.957215 0.383236
1.42857 1.41733 2.32215
2 3 0.86459
-2 3 0.86459
-1.42857 1.41733 2.32215
-0.857143 0.957215 0.383236
-0.285714 0.982602 1.51437
0.285714 0.982602 1.51437
0.857143 0.957215 0.383236
1.42857 1.41733 2.32215
2 3 0.86459
-2 3 0.86459
-1.42857 1.41733 2.32215
-0.857143 0.957215 0.383236
-0.285714 0.982602 1.51437
0.285714 0.982602 1.51437
0.857143 0.957215 0.383236
1.42857 1.41733 2.32215
2 3 0.86459
-2 3 0.86459
-1.42857 1.41733 2.32215
-0.857143 0.957215 0.383236
-0.285714 0.982602 1.51437
0.285714 0.982602 1.51437
0.857143 0.957215 0.383236
1.42857 1.41733 2.32215
2 3 0.86459
