-3.14159 1.47619
-3.13531 1.42775
-3.12903 1.37889
-3.12274 1.32964
-3.11646 1.28002
-3.11018 1.23006
-3.10389 1.17977
-3.09761 1.12919
-3.09133 1.07834
-3.08504 1.02724
-3.07876 0.975908
-3.07248 0.924377
-3.06619 0.872667
-3.05991 0.8208
-3.05363 0.7688
-3.04734 0.716688
-3.04106 0.664487
-3.03478 0.61222
-3.0285 0.559909
-3.02221 0.507576
-3.01593 0.455242
-3.00965 0.40293
-3.00336 0.350661
-2.99708 0.298456
-2.9908 0.246337
-2.98451 0.194324
-2.97823 0.142439
-2.97195 0.0907024
-2.96566 0.0391344
-2.95938 -0.0122444
-2.9531 -0.0634139
-2.94681 -0.114354
-2.94053 -0.165045
-2.93425 -0.215468
-2.92796 -0.265602
-2.92168 -0.315429
-2.9154 -0.364931
-2.90911 -0.414087
-2.90283 -0.46288
-2.89655 -0.511291
-2.89027 -0.559303
-2.88398 -0.606898
-2.8777 -0.654057
-2.87142 -0.700765
-2.86513 -0.747003
-2.85885 -0.792755
-2.85257 -0.838005
-2.84628 -0.882736
-2.84 -0.926932
-2.83372 -0.970578
-2.82743 -1.01366
-2.82115 -1.05616
-2.81487 -1.09806
-2.80858 -1.13936
-2.8023 -1.18002
-2.79602 -1.22006
-2.78973 -1.25944
-2.78345 -1.29815
-2.77717 -1.33619
-2.77088 -1.37353
-2.7646 -1.41018
-2.75832 -1.4461
-2.75204 -1.48131
-2.74575 -1.51577
-2.73947 -1.54949
-2.73319 -1.58244
-2.7269 -1.61463
-2.72062 -1.64604
-2.71434 -1.67665
-2.70805 -1.70647
-2.70177 -1.73549
-2.69549 -1.76369
-2.6892 -1.79106
-2.68292 -1.8176
-2.67664 -1.84331
-2.67035 -1.86817
-2.66407 -1.89217
-2.65779 -1.91532
-2.6515 -1.9376
-2.64522 -1.95902
-2.63894 -1.97955
-2.63265 -1.99921
-2.62637 -2.01799
-2.62009 -2.03587
-2.61381 -2.05286
-2.60752 -2.06896
-2.60124 -2.08416
-2.59496 -2.09846
-2.58867 -2.11185
-2.58239 -2.12434
-2.57611 -2.13593
-2.56982 -2.1466
-2.56354 -2.15637
-2.55726 -2.16523
-2.55097 -2.17318
-2.54469 -2.18023
-2.53841 -2.18636
-2.53212 -2.19159
-2.52584 -2.19592
-2.51956 -2.19934
-2.51327 -2.20186
-2.50699 -2.20349
-2.50071 -2.20422
-2.49442 -2.20406
-2.48814 -2.20301
-2.48186 -2.20107
-2.47558 -2.19826
-2.46929 -2.19457
-2.46301 -2.19001
-2.45673 -2.18459
-2.45044 -2.17831
-2.44416 -2.17117
-2.43788 -2.16319
-2.43159 -2.15436
-2.42531 -2.14471
-2.41903 -2.13422
-2.41274 -2.12292
-2.40646 -2.11081
-2.40018 -2.0979
-2.39389 -2.08419
-2.38761 -2.06969
-2.38133 -2.05442
-2.37504 -2.03838
-2.36876 -2.02158
-2.36248 -2.00404
-2.35619 -1.98575
-2.34991 -1.96674
-2.34363 -1.94702
-2.33734 -1.92658
-2.33106 -1.90545
-2.32478 -1.88364
-2.3185 -1.86115
-2.31221 -1.83801
-2.30593 -1.81421
-2.29965 -1.78978
-2.29336 -1.76473
-2.28708 -1.73906
-2.2808 -1.71279
-2.27451 -1.68594
-2.26823 -1.65852
-2.26195 -1.63054
-2.25566 -1.60201
-2.24938 -1.57295
-2.2431 -1.54337
-2.23681 -1.51328
-2.23053 -1.48271
-2.22425 -1.45166
-2.21796 -1.42015
-2.21168 -1.38819
-2.2054 -1.35581
-2.19911 -1.323
-2.19283 -1.28979
-2.18655 -1.25619
-2.18027 -1.22223
-2.17398 -1.1879
-2.1677 -1.15323
-2.16142 -1.11824
-2.15513 -1.08293
-2.14885 -1.04733
-2.14257 -1.01145
-2.13628 -0.975307
-2.13 -0.938913
-2.12372 -0.902285
-2.11743 -0.86544
-2.11115 -0.828393
-2.10487 -0.791161
-2.09858 -0.753757
-2.0923 -0.7162
-2.08602 -0.678503
-2.07973 -0.640683
-2.07345 -0.602757
-2.06717 -0.564738
-2.06088 -0.526644
-2.0546 -0.488489
-2.04832 -0.45029
-2.04204 -0.412062
-2.03575 -0.37382
-2.02947 -0.33558
-2.02319 -0.297358
-2.0169 -0.259168
-2.01062 -0.221027
-2.00434 -0.182948
-1.99805 -0.144948
-1.99177 -0.107041
-1.98549 -0.0692424
-1.9792 -0.0315666
-1.97292 0.0059715
-1.96664 0.0433573
-1.96035 0.0805764
-1.95407 0.117614
-1.94779 0.154457
-1.9415 0.191091
-1.93522 0.227501
-1.92894 0.263674
-1.92265 0.299596
-1.91637 0.335254
-1.91009 0.370635
-1.90381 0.405725
-1.89752 0.440511
-1.89124 0.474981
-1.88496 0.509122
-1.87867 0.542921
-1.87239 0.576366
-1.86611 0.609446
-1.85982 0.642148
-1.85354 0.67446
-1.84726 0.706371
-1.84097 0.737871
-1.83469 0.768947
-1.82841 0.799589
-1.82212 0.829786
-1.81584 0.859528
-1.80956 0.888806
-1.80327 0.917607
-1.79699 0.945924
-1.79071 0.973747
-1.78442 1.00107
-1.77814 1.02787
-1.77186 1.05416
-1.76558 1.07991
-1.75929 1.10513
-1.75301 1.1298
-1.74673 1.15392
-1.74044 1.17747
-1.73416 1.20046
-1.72788 1.22287
-1.72159 1.2447
-1.71531 1.26594
-1.70903 1.28658
-1.70274 1.30662
-1.69646 1.32606
-1.69018 1.34488
-1.68389 1.36309
-1.67761 1.38067
-1.67133 1.39763
-1.66504 1.41396
-1.65876 1.42965
-1.65248 1.4447
-1.64619 1.45911
-1.63991 1.47287
-1.63363 1.48599
-1.62734 1.49845
-1.62106 1.51026
-1.61478 1.52142
-1.6085 1.53191
-1.60221 1.54175
-1.59593 1.55092
-1.58965 1.55944
-1.58336 1.56729
-1.57708 1.57447
-1.5708 1.581
-1.56451 1.58686
-1.55823 1.59206
-1.55195 1.59659
-1.54566 1.60046
-1.53938 1.60368
-1.5331 1.60623
-1.52681 1.60812
-1.52053 1.60936
-1.51425 1.60995
-1.50796 1.60988
-1.50168 1.60917
-1.4954 1.60781
-1.48911 1.6058
-1.48283 1.60316
-1.47655 1.59988
-1.47027 1.59597
-1.46398 1.59143
-1.4577 1.58627
-1.45142 1.58049
-1.44513 1.57409
-1.43885 1.56709
-1.43257 1.55948
-1.42628 1.55127
-1.42 1.54247
-1.41372 1.53308
-1.40743 1.52312
-1.40115 1.51258
-1.39487 1.50147
-1.38858 1.4898
-1.3823 1.47757
-1.37602 1.4648
-1.36973 1.45149
-1.36345 1.43765
-1.35717 1.42328
-1.35088 1.4084
-1.3446 1.393
-1.33832 1.37711
-1.33204 1.36073
-1.32575 1.34386
-1.31947 1.32652
-1.31319 1.30871
-1.3069 1.29045
-1.30062 1.27173
-1.29434 1.25258
-1.28805 1.23301
-1.28177 1.21301
-1.27549 1.1926
-1.2692 1.1718
-1.26292 1.1506
-1.25664 1.12903
-1.25035 1.10708
-1.24407 1.08478
-1.23779 1.06213
-1.2315 1.03914
-1.22522 1.01582
-1.21894 0.992192
-1.21265 0.968254
-1.20637 0.944021
-1.20009 0.919504
-1.19381 0.894715
-1.18752 0.869663
-1.18124 0.844361
-1.17496 0.81882
-1.16867 0.79305
-1.16239 0.767063
-1.15611 0.740871
-1.14982 0.714485
-1.14354 0.687916
-1.13726 0.661176
-1.13097 0.634276
-1.12469 0.607228
-1.11841 0.580042
-1.11212 0.552732
-1.10584 0.525307
-1.09956 0.497781
-1.09327 0.470163
-1.08699 0.442466
-1.08071 0.414702
-1.07442 0.386881
-1.06814 0.359015
-1.06186 0.331116
-1.05558 0.303194
-1.04929 0.275262
-1.04301 0.24733
-1.03673 0.21941
-1.03044 0.191513
-1.02416 0.16365
-1.01788 0.135833
-1.01159 0.108072
-1.00531 0.0803777
-0.999026 0.052762
-0.992743 0.0252352
-0.98646 -0.00219188
-0.980177 -0.0295085
-0.973894 -0.0567042
-0.967611 -0.0837685
-0.961327 -0.110691
-0.955044 -0.137461
-0.948761 -0.164069
-0.942478 -0.190505
-0.936195 -0.216758
-0.929911 -0.242819
-0.923628 -0.268678
-0.917345 -0.294326
-0.911062 -0.319752
-0.904779 -0.344948
-0.898495 -0.369904
-0.892212 -0.394612
-0.885929 -0.419062
-0.879646 -0.443245
-0.873363 -0.467153
-0.86708 -0.490777
-0.860796 -0.514109
-0.854513 -0.53714
-0.84823 -0.559863
-0.841947 -0.58227
-0.835664 -0.604352
-0.82938 -0.626103
-0.823097 -0.647514
-0.816814 -0.668578
-0.810531 -0.689289
-0.804248 -0.70964
-0.797965 -0.729623
-0.791681 -0.749232
-0.785398 -0.768461
-0.779115 -0.787303
-0.772832 -0.805752
-0.766549 -0.823803
-0.760265 -0.84145
-0.753982 -0.858687
-0.747699 -0.875509
-0.741416 -0.89191
-0.735133 -0.907887
-0.728849 -0.923434
-0.722566 -0.938547
-0.716283 -0.95322
-0.71 -0.967451
-0.703717 -0.981235
-0.697434 -0.994569
-0.69115 -1.00745
-0.684867 -1.01987
-0.678584 -1.03183
-0.672301 -1.04333
-0.666018 -1.05436
-0.659734 -1.06492
-0.653451 -1.07501
-0.647168 -1.08462
-0.640885 -1.09377
-0.634602 -1.10243
-0.628319 -1.11061
-0.622035 -1.11832
-0.615752 -1.12554
-0.609469 -1.13228
-0.603186 -1.13853
-0.596903 -1.1443
-0.590619 -1.14959
-0.584336 -1.1544
-0.578053 -1.15871
-0.57177 -1.16255
-0.565487 -1.1659
-0.559203 -1.16876
-0.55292 -1.17115
-0.546637 -1.17305
-0.540354 -1.17447
-0.534071 -1.17541
-0.527788 -1.17588
-0.521504 -1.17587
-0.515221 -1.17538
-0.508938 -1.17442
-0.502655 -1.173
-0.496372 -1.1711
-0.490088 -1.16875
-0.483805 -1.16593
-0.477522 -1.16265
-0.471239 -1.15891
-0.464956 -1.15472
-0.458673 -1.15009
-0.452389 -1.14501
-0.446106 -1.13948
-0.439823 -1.13352
-0.43354 -1.12713
-0.427257 -1.12031
-0.420973 -1.11306
-0.41469 -1.1054
-0.408407 -1.09732
-0.402124 -1.08882
-0.395841 -1.07993
-0.389557 -1.07063
-0.383274 -1.06094
-0.376991 -1.05086
-0.370708 -1.0404
-0.364425 -1.02956
-0.358142 -1.01834
-0.351858 -1.00677
-0.345575 -0.994827
-0.339292 -0.982535
-0.333009 -0.969896
-0.326726 -0.956917
-0.320442 -0.943604
-0.314159 -0.929963
-0.307876 -0.916002
-0.301593 -0.901727
-0.29531 -0.887146
-0.289027 -0.872265
-0.282743 -0.857092
-0.27646 -0.841634
-0.270177 -0.825899
-0.263894 -0.809893
-0.257611 -0.793625
-0.251327 -0.777101
-0.245044 -0.760331
-0.238761 -0.74332
-0.232478 -0.726078
-0.226195 -0.708612
-0.219911 -0.69093
-0.213628 -0.67304
-0.207345 -0.65495
-0.201062 -0.636668
-0.194779 -0.618203
-0.188496 -0.599562
-0.182212 -0.580754
-0.175929 -0.561786
-0.169646 -0.542668
-0.163363 -0.523407
-0.15708 -0.504012
-0.150796 -0.484492
-0.144513 -0.464854
-0.13823 -0.445107
-0.131947 -0.425259
-0.125664 -0.405319
-0.119381 -0.385295
-0.113097 -0.365196
-0.106814 -0.34503
-0.100531 -0.324805
-0.0942478 -0.30453
-0.0879646 -0.284213
-0.0816814 -0.263863
-0.0753982 -0.243487
-0.069115 -0.223095
-0.0628319 -0.202694
-0.0565487 -0.182293
-0.0502655 -0.1619
-0.0439823 -0.141522
-0.0376991 -0.121169
-0.0314159 -0.100849
-0.0251327 -0.0805689
-0.0188496 -0.0603372
-0.0125664 -0.040162
-0.00628319 -0.0200511
0 -1.24315e-05
0.00628319 0.0199463
0.0125664 0.0398173
0.0188496 0.059593
0.0251327 0.0792657
0.0314159 0.0988279
0.0376991 0.118272
0.0439823 0.137591
0.0502655 0.156778
0.0565487 0.175824
0.0628319 0.194724
0.069115 0.21347
0.0753982 0.232055
0.0816814 0.250472
0.0879646 0.268715
0.0942478 0.286776
0.100531 0.30465
0.106814 0.32233
0.113097 0.339809
0.119381 0.357081
0.125664 0.374141
0.131947 0.390981
0.13823 0.407597
0.144513 0.423982
0.150796 0.440131
0.15708 0.456038
0.163363 0.471697
0.169646 0.487104
0.175929 0.502253
0.182212 0.517138
0.188496 0.531756
0.194779 0.546102
0.201062 0.56017
0.207345 0.573955
0.213628 0.587455
0.219911 0.600663
0.226195 0.613577
0.232478 0.626192
0.238761 0.638504
0.245044 0.650509
0.251327 0.662204
0.257611 0.673586
0.263894 0.68465
0.270177 0.695395
0.27646 0.705816
0.282743 0.715911
0.289027 0.725677
0.29531 0.735111
0.301593 0.744211
0.307876 0.752975
0.314159 0.761401
0.320442 0.769485
0.326726 0.777227
0.333009 0.784625
0.339292 0.791677
0.345575 0.798382
0.351858 0.804738
0.358142 0.810744
0.364425 0.8164
0.370708 0.821703
0.376991 0.826654
0.383274 0.831252
0.389557 0.835497
0.395841 0.839388
0.402124 0.842924
0.408407 0.846107
0.41469 0.848936
0.420973 0.851411
0.427257 0.853534
0.43354 0.855303
0.439823 0.856721
0.446106 0.857787
0.452389 0.858504
0.458673 0.858871
0.464956 0.858891
0.471239 0.858564
0.477522 0.857892
0.483805 0.856877
0.490088 0.855521
0.496372 0.853825
0.502655 0.851792
0.508938 0.849424
0.515221 0.846722
0.521504 0.84369
0.527788 0.840329
0.534071 0.836644
0.540354 0.832635
0.546637 0.828307
0.55292 0.823662
0.559203 0.818704
0.565487 0.813435
0.57177 0.80786
0.578053 0.801981
0.584336 0.795802
0.590619 0.789327
0.596903 0.782559
0.603186 0.775503
0.609469 0.768163
0.615752 0.760542
0.622035 0.752645
0.628319 0.744475
0.634602 0.736039
0.640885 0.727339
0.647168 0.718381
0.653451 0.709168
0.659734 0.699707
0.666018 0.690001
0.672301 0.680056
0.678584 0.669877
0.684867 0.659468
0.69115 0.648834
0.697434 0.637982
0.703717 0.626915
0.71 0.61564
0.716283 0.604162
0.722566 0.592486
0.728849 0.580618
0.735133 0.568563
0.741416 0.556327
0.747699 0.543915
0.753982 0.531334
0.760265 0.518589
0.766549 0.505685
0.772832 0.492629
0.779115 0.479427
0.785398 0.466084
0.791681 0.452607
0.797965 0.439
0.804248 0.425271
0.810531 0.411426
0.816814 0.39747
0.823097 0.383409
0.82938 0.36925
0.835664 0.354999
0.841947 0.340661
0.84823 0.326243
0.854513 0.311751
0.860796 0.297192
0.86708 0.282571
0.873363 0.267894
0.879646 0.253168
0.885929 0.238398
0.892212 0.223592
0.898495 0.208754
0.904779 0.193891
0.911062 0.17901
0.917345 0.164116
0.923628 0.149215
0.929911 0.134314
0.936195 0.119418
0.942478 0.104533
0.948761 0.0896653
0.955044 0.0748211
0.961327 0.0600059
0.967611 0.0452257
0.973894 0.0304863
0.980177 0.0157935
0.98646 0.00115297
0.992743 -0.0134296
0.999026 -0.0279484
1.00531 -0.0423981
1.01159 -0.0567729
1.01788 -0.0710675
1.02416 -0.0852763
1.03044 -0.099394
1.03673 -0.113415
1.04301 -0.127335
1.04929 -0.141147
1.05558 -0.154848
1.06186 -0.168431
1.06814 -0.181893
1.07442 -0.195227
1.08071 -0.208429
1.08699 -0.221495
1.09327 -0.234419
1.09956 -0.247197
1.10584 -0.259824
1.11212 -0.272296
1.11841 -0.284608
1.12469 -0.296757
1.13097 -0.308737
1.13726 -0.320546
1.14354 -0.332177
1.14982 -0.343629
1.15611 -0.354896
1.16239 -0.365975
1.16867 -0.376862
1.17496 -0.387554
1.18124 -0.398047
1.18752 -0.408337
1.19381 -0.418422
1.20009 -0.428298
1.20637 -0.437962
1.21265 -0.447411
1.21894 -0.456641
1.22522 -0.465651
1.2315 -0.474437
1.23779 -0.482996
1.24407 -0.491327
1.25035 -0.499426
1.25664 -0.507292
1.26292 -0.514922
1.2692 -0.522313
1.27549 -0.529465
1.28177 -0.536375
1.28805 -0.54304
1.29434 -0.549461
1.30062 -0.555634
1.3069 -0.561558
1.31319 -0.567233
1.31947 -0.572656
1.32575 -0.577826
1.33204 -0.582743
1.33832 -0.587406
1.3446 -0.591812
1.35088 -0.595963
1.35717 -0.599857
1.36345 -0.603494
1.36973 -0.606873
1.37602 -0.609993
1.3823 -0.612856
1.38858 -0.615459
1.39487 -0.617805
1.40115 -0.619891
1.40743 -0.62172
1.41372 -0.623291
1.42 -0.624604
1.42628 -0.62566
1.43257 -0.626459
1.43885 -0.627003
1.44513 -0.627292
1.45142 -0.627327
1.4577 -0.627109
1.46398 -0.626639
1.47027 -0.625918
1.47655 -0.624947
1.48283 -0.623729
1.48911 -0.622264
1.4954 -0.620554
1.50168 -0.6186
1.50796 -0.616405
1.51425 -0.613971
1.52053 -0.611298
1.52681 -0.60839
1.5331 -0.605248
1.53938 -0.601874
1.54566 -0.598271
1.55195 -0.594442
1.55823 -0.590388
1.56451 -0.586112
1.5708 -0.581617
1.57708 -0.576906
1.58336 -0.57198
1.58965 -0.566844
1.59593 -0.5615
1.60221 -0.55595
1.6085 -0.550199
1.61478 -0.544249
1.62106 -0.538103
1.62734 -0.531765
1.63363 -0.525237
1.63991 -0.518524
1.64619 -0.511629
1.65248 -0.504554
1.65876 -0.497305
1.66504 -0.489884
1.67133 -0.482295
1.67761 -0.474542
1.68389 -0.466629
1.69018 -0.458559
1.69646 -0.450336
1.70274 -0.441965
1.70903 -0.433449
1.71531 -0.424792
1.72159 -0.415998
1.72788 -0.407071
1.73416 -0.398017
1.74044 -0.388837
1.74673 -0.379538
1.75301 -0.370123
1.75929 -0.360596
1.76558 -0.350961
1.77186 -0.341224
1.77814 -0.331388
1.78442 -0.321457
1.79071 -0.311437
1.79699 -0.301331
1.80327 -0.291144
1.80956 -0.28088
1.81584 -0.270543
1.82212 -0.260139
1.82841 -0.249672
1.83469 -0.239145
1.84097 -0.228564
1.84726 -0.217934
1.85354 -0.207258
1.85982 -0.19654
1.86611 -0.185787
1.87239 -0.175001
1.87867 -0.164188
1.88496 -0.153352
1.89124 -0.142497
1.89752 -0.131628
1.90381 -0.12075
1.91009 -0.109866
1.91637 -0.098981
1.92265 -0.0880998
1.92894 -0.0772265
1.93522 -0.0663655
1.9415 -0.0555211
1.94779 -0.0446975
1.95407 -0.0338992
1.96035 -0.0231303
1.96664 -0.0123951
1.97292 -0.00169768
1.9792 0.00895767
1.98549 0.0195669
1.99177 0.0301258
1.99805 0.0406305
2.00434 0.0510768
2.01062 0.0614608
2.0169 0.0717786
2.02319 0.0820262
2.02947 0.0921998
2.03575 0.102296
2.04204 0.11231
2.04832 0.122239
2.0546 0.132079
2.06088 0.141826
2.06717 0.151478
2.07345 0.16103
2.07973 0.170478
2.08602 0.17982
2.0923 0.189053
2.09858 0.198172
2.10487 0.207175
2.11115 0.216058
2.11743 0.224819
2.12372 0.233454
2.13 0.241961
2.13628 0.250336
2.14257 0.258577
2.14885 0.26668
2.15513 0.274644
2.16142 0.282465
2.1677 0.29014
2.17398 0.297669
2.18027 0.305047
2.18655 0.312272
2.19283 0.319343
2.19911 0.326257
2.2054 0.333012
2.21168 0.339605
2.21796 0.346035
2.22425 0.3523
2.23053 0.358398
2.23681 0.364327
2.2431 0.370086
2.24938 0.375672
2.25566 0.381084
2.26195 0.386322
2.26823 0.391382
2.27451 0.396265
2.2808 0.400968
2.28708 0.405491
2.29336 0.409832
2.29965 0.413991
2.30593 0.417966
2.31221 0.421757
2.3185 0.425362
2.32478 0.428782
2.33106 0.432015
2.33734 0.435061
2.34363 0.43792
2.34991 0.440591
2.35619 0.443073
2.36248 0.445367
2.36876 0.447472
2.37504 0.449388
2.38133 0.451116
2.38761 0.452655
2.39389 0.454005
2.40018 0.455167
2.40646 0.456141
2.41274 0.456927
2.41903 0.457525
2.42531 0.457937
2.43159 0.458163
2.43788 0.458203
2.44416 0.458058
2.45044 0.457729
2.45673 0.457217
2.46301 0.456523
2.46929 0.455647
2.47558 0.454592
2.48186 0.453357
2.48814 0.451944
2.49442 0.450355
2.50071 0.448591
2.50699 0.446653
2.51327 0.444542
2.51956 0.442261
2.52584 0.439811
2.53212 0.437193
2.53841 0.434409
2.54469 0.431462
2.55097 0.428352
2.55726 0.425082
2.56354 0.421653
2.56982 0.418069
2.57611 0.41433
2.58239 0.410439
2.58867 0.406397
2.59496 0.402209
2.60124 0.397874
2.60752 0.393397
2.61381 0.388779
2.62009 0.384022
2.62637 0.37913
2.63265 0.374104
2.63894 0.368947
2.64522 0.363663
2.6515 0.358252
2.65779 0.352719
2.66407 0.347065
2.67035 0.341294
2.67664 0.335409
2.68292 0.329411
2.6892 0.323305
2.69549 0.317093
2.70177 0.310777
2.70805 0.304362
2.71434 0.297849
2.72062 0.291242
2.7269 0.284544
2.73319 0.277757
2.73947 0.270886
2.74575 0.263933
2.75204 0.256902
2.75832 0.249794
2.7646 0.242615
2.77088 0.235366
2.77717 0.228051
2.78345 0.220674
2.78973 0.213237
2.79602 0.205743
2.8023 0.198197
2.80858 0.190601
2.81487 0.182958
2.82115 0.175273
2.82743 0.167547
2.83372 0.159785
2.84 0.15199
2.84628 0.144164
2.85257 0.136312
2.85885 0.128436
2.86513 0.12054
2.87142 0.112627
2.8777 0.104701
2.88398 0.0967641
2.89027 0.0888201
2.89655 0.0808722
2.90283 0.0729236
2.90911 0.0649774
2.9154 0.0570369
2.92168 0.0491051
2.92796 0.0411852
2.93425 0.0332803
2.94053 0.0253935
2.94681 0.0175277
2.9531 0.00968596
2.95938 0.00187122
2.96566 -0.00591359
2.97195 -0.0136656
2.97823 -0.0213821
2.98451 -0.0290602
2.9908 -0.0366972
2.99708 -0.0442905
3.00336 -0.0518375
3.00965 -0.0593357
3.01593 -0.0667827
3.02221 -0.074176
3.0285 -0.0815133
3.03478 -0.0887925
3.04106 -0.0960115
3.04734 -0.103168
3.05363 -0.110261
3.05991 -0.117287
3.06619 -0.124246
3.07248 -0.131135
3.07876 -0.137954
3.08504 -0.144701
3.09133 -0.151375
3.09761 -0.157974
3.10389 -0.164498
3.11018 -0.170947
3.11646 -0.177319
3.12274 -0.183615
3.12903 -0.189834
3.13531 -0.195976
3.14159 -0.202043
-3.14159 1.47619
-3.13531 1.42775
-3.12903 1.37889
-3.12274 1.32964
-3.11646 1.28002
-3.11018 1.23006
-3.10389 1.17977
-3.09761 1.12919
-3.09133 1.07834
-3.08504 1.02724
-3.07876 0.975908
-3.07248 0.924377
-3.06619 0.872667
-3.05991 0.8208
-3.05363 0.7688
-3.04734 0.716688
-3.04106 0.664487
-3.03478 0.61222
-3.0285 0.559909
-3.02221 0.507576
-3.01593 0.455242
-3.00965 0.40293
-3.00336 0.350661
-2.99708 0.298456
-2.9908 0.246337
-2.98451 0.194324
-2.97823 0.142439
-2.97195 0.0907024
-2.96566 0.0391344
-2.95938 -0.0122444
-2.9531 -0.0634139
-2.94681 -0.114354
-2.94053 -0.165045
-2.93425 -0.215468
-2.92796 -0.265602
-2.92168 -0.315429
-2.9154 -0.364931
-2.90911 -0.414087
-2.90283 -0.46288
-2.89655 -0.511291
-2.89027 -0.559303
-2.88398 -0.606898
-2.8777 -0.654057
-2.87142 -0.700765
-2.86513 -0.747003
-2.85885 -0.792755
-2.85257 -0.838005
-2.84628 -0.882736
-2.84 -0.926932
-2.83372 -0.970578
-2.82743 -1.01366
-2.82115 -1.05616
-2.81487 -1.09806
-2.80858 -1.13936
-2.8023 -1.18002
-2.79602 -1.22006
-2.78973 -1.25944
-2.78345 -1.29815
-2.77717 -1.33619
-2.77088 -1.37353
-2.7646 -1.41018
-2.75832 -1.4461
-2.75204 -1.48131
-2.74575 -1.51577
-2.73947 -1.54949
-2.73319 -1.58244
-2.7269 -1.61463
-2.72062 -1.64604
-2.71434 -1.67665
-2.70805 -1.70647
-2.70177 -1.73549
-2.69549 -1.76369
-2.6892 -1.79106
-2.68292 -1.8176
-2.67664 -1.84331
-2.67035 -1.86817
-2.66407 -1.89217
-2.65779 -1.91532
-2.6515 -1.9376
-2.64522 -1.95902
-2.63894 -1.97955
-2.63265 -1.99921
-2.62637 -2.01799
-2.62009 -2.03587
-2.61381 -2.05286
-2.60752 -2.06896
-2.60124 -2.08416
-2.59496 -2.09846
-2.58867 -2.11185
-2.58239 -2.12434
-2.57611 -2.13593
-2.56982 -2.1466
-2.56354 -2.15637
-2.55726 -2.16523
-2.55097 -2.17318
-2.54469 -2.18023
-2.53841 -2.18636
-2.53212 -2.19159
-2.52584 -2.19592
-2.51956 -2.19934
-2.51327 -2.20186
-2.50699 -2.20349
-2.50071 -2.20422
-2.49442 -2.20406
-2.48814 -2.20301
-2.48186 -2.20107
-2.47558 -2.19826
-2.46929 -2.19457
-2.46301 -2.19001
-2.45673 -2.18459
-2.45044 -2.17831
-2.44416 -2.17117
-2.43788 -2.16319
-2.43159 -2.15436
-2.42531 -2.14471
-2.41903 -2.13422
-2.41274 -2.12292
-2.40646 -2.11081
-2.40018 -2.0979
-2.39389 -2.08419
-2.38761 -2.06969
-2.38133 -2.05442
-2.37504 -2.03838
-2.36876 -2.02158
-2.36248 -2.00404
-2.35619 -1.98575
-2.34991 -1.96674
-2.34363 -1.94702
-2.33734 -1.92658
-2.33106 -1.90545
-2.32478 -1.88364
-2.3185 -1.86115
-2.31221 -1.83801
-2.30593 -1.81421
-2.29965 -1.78978
-2.29336 -1.76473
-2.28708 -1.73906
-2.2808 -1.71279
-2.27451 -1.68594
-2.26823 -1.65852
-2.26195 -1.63054
-2.25566 -1.60201
-2.24938 -1.57295
-2.2431 -1.54337
-2.23681 -1.51328
-2.23053 -1.48271
-2.22425 -1.45166
-2.21796 -1.42015
-2.21168 -1.38819
-2.2054 -1.35581
-2.19911 -1.323
-2.19283 -1.28979
-2.18655 -1.25619
-2.18027 -1.22223
-2.17398 -1.1879
-2.1677 -1.15323
-2.16142 -1.11824
-2.15513 -1.08293
-2.14885 -1.04733
-2.14257 -1.01145
-2.13628 -0.975307
-2.13 -0.938913
-2.12372 -0.902285
-2.11743 -0.86544
-2.11115 -0.828393
-2.10487 -0.791161
-2.09858 -0.753757
-2.0923 -0.7162
-2.08602 -0.678503
-2.07973 -0.640683
-2.07345 -0.602757
-2.06717 -0.564738
-2.06088 -0.526644
-2.0546 -0.488489
-2.04832 -0.45029
-2.04204 -0.412062
-2.03575 -0.37382
-2.02947 -0.33558
-2.02319 -0.297358
-2.0169 -0.259168
-2.01062 -0.221027
-2.00434 -0.182948
-1.99805 -0.144948
-1.99177 -0.107041
-1.98549 -0.0692424
-1.9792 -0.0315666
-1.97292 0.0059715
-1.96664 0.0433573
-1.96035 0.0805764
-1.95407 0.117614
-1.94779 0.154457
-1.9415 0.191091
-1.93522 0.227501
-1.92894 0.263674
-1.92265 0.299596
-1.91637 0.335254
-1.91009 0.370635
-1.90381 0.405725
-1.89752 0.440511
-1.89124 0.474981
-1.88496 0.509122
-1.87867 0.542921
-1.87239 0.576366
-1.86611 0.609446
-1.85982 0.642148
-1.85354 0.67446
-1.84726 0.706371
-1.84097 0.737871
-1.83469 0.768947
-1.82841 0.799589
-1.82212 0.829786
-1.81584 0.859528
-1.80956 0.888806
-1.80327 0.917607
-1.79699 0.945924
-1.79071 0.973747
-1.78442 1.00107
-1.77814 1.02787
-1.77186 1.05416
-1.76558 1.07991
-1.75929 1.10513
-1.75301 1.1298
-1.74673 1.15392
-1.74044 1.17747
-1.73416 1.20046
-1.72788 1.22287
-1.72159 1.2447
-1.71531 1.26594
-1.70903 1.28658
-1.70274 1.30662
-1.69646 1.32606
-1.69018 1.34488
-1.68389 1.36309
-1.67761 1.38067
-1.67133 1.39763
-1.66504 1.41396
-1.65876 1.42965
-1.65248 1.4447
-1.64619 1.45911
-1.63991 1.47287
-1.63363 1.48599
-1.62734 1.49845
-1.62106 1.51026
-1.61478 1.52142
-1.6085 1.53191
-1.60221 1.54175
-1.59593 1.55092
-1.58965 1.55944
-1.58336 1.56729
-1.57708 1.57447
-1.5708 1.581
-1.56451 1.58686
-1.55823 1.59206
-1.55195 1.59659
-1.54566 1.60046
-1.53938 1.60368
-1.5331 1.60623
-1.52681 1.60812
-1.52053 1.60936
-1.51425 1.60995
-1.50796 1.60988
-1.50168 1.60917
-1.4954 1.60781
-1.48911 1.6058
-1.48283 1.60316
-1.47655 1.59988
-1.47027 1.59597
-1.46398 1.59143
-1.4577 1.58627
-1.45142 1.58049
-1.44513 1.57409
-1.43885 1.56709
-1.43257 1.55948
-1.42628 1.55127
-1.42 1.54247
-1.41372 1.53308
-1.40743 1.52312
-1.40115 1.51258
-1.39487 1.50147
-1.38858 1.4898
-1.3823 1.47757
-1.37602 1.4648
-1.36973 1.45149
-1.36345 1.43765
-1.35717 1.42328
-1.35088 1.4084
-1.3446 1.393
-1.33832 1.37711
-1.33204 1.36073
-1.32575 1.34386
-1.31947 1.32652
-1.31319 1.30871
-1.3069 1.29045
-1.30062 1.27173
-1.29434 1.25258
-1.28805 1.23301
-1.28177 1.21301
-1.27549 1.1926
-1.2692 1.1718
-1.26292 1.1506
-1.25664 1.12903
-1.25035 1.10708
-1.24407 1.08478
-1.23779 1.06213
-1.2315 1.03914
-1.22522 1.01582
-1.21894 0.992192
-1.21265 0.968254
-1.20637 0.944021
-1.20009 0.919504
-1.19381 0.894715
-1.18752 0.869663
-1.18124 0.844361
-1.17496 0.81882
-1.16867 0.79305
-1.16239 0.767063
-1.15611 0.740871
-1.14982 0.714485
-1.14354 0.687916
-1.13726 0.661176
-1.13097 0.634276
-1.12469 0.607228
-1.11841 0.580042
-1.11212 0.552732
-1.10584 0.525307
-1.09956 0.497781
-1.09327 0.470163
-1.08699 0.442466
-1.08071 0.414702
-1.07442 0.386881
-1.06814 0.359015
-1.06186 0.331116
-1.05558 0.303194
-1.04929 0.275262
-1.04301 0.24733
-1.03673 0.21941
-1.03044 0.191513
-1.02416 0.16365
-1.01788 0.135833
-1.01159 0.108072
-1.00531 0.0803777
-0.999026 0.052762
-0.992743 0.0252352
-0.98646 -0.00219188
-0.980177 -0.0295085
-0.973894 -0.0567042
-0.967611 -0.0837685
-0.961327 -0.110691
-0.955044 -0.137461
-0.948761 -0.164069
-0.942478 -0.190505
-0.936195 -0.216758
-0.929911 -0.242819
-0.923628 -0.268678
-0.917345 -0.294326
-0.911062 -0.319752
-0.904779 -0.344948
-0.898495 -0.369904
-0.892212 -0.394612
-0.885929 -0.419062
-0.879646 -0.443245
-0.873363 -0.467153
-0.86708 -0.490777
-0.860796 -0.514109
-0.854513 -0.53714
-0.84823 -0.559863
-0.841947 -0.58227
-0.835664 -0.604352
-0.82938 -0.626103
-0.823097 -0.647514
-0.816814 -0.668578
-0.810531 -0.689289
-0.804248 -0.70964
-0.797965 -0.729623
-0.791681 -0.749232
-0.785398 -0.768461
-0.779115 -0.787303
-0.772832 -0.805752
-0.766549 -0.823803
-0.760265 -0.84145
-0.753982 -0.858687
-0.747699 -0.875509
-0.741416 -0.89191
-0.735133 -0.907887
-0.728849 -0.923434
-0.722566 -0.938547
-0.716283 -0.95322
-0.71 -0.967451
-0.703717 -0.981235
-0.697434 -0.994569
-0.69115 -1.00745
-0.684867 -1.01987
-0.678584 -1.03183
-0.672301 -1.04333
-0.666018 -1.05436
-0.659734 -1.06492
-0.653451 -1.07501
-0.647168 -1.08462
-0.640885 -1.09377
-0.634602 -1.10243
-0.628319 -1.11061
-0.622035 -1.11832
-0.615752 -1.12554
-0.609469 -1.13228
-0.603186 -1.13853
-0.596903 -1.1443
-0.590619 -1.14959
-0.584336 -1.1544
-0.578053 -1.15871
-0.57177 -1.16255
-0.565487 -1.1659
-0.559203 -1.16876
-0.55292 -1.17115
-0.546637 -1.17305
-0.540354 -1.17447
-0.534071 -1.17541
-0.527788 -1.17588
-0.521504 -1.17587
-0.515221 -1.17538
-0.508938 -1.17442
-0.502655 -1.173
-0.496372 -1.1711
-0.490088 -1.16875
-0.483805 -1.16593
-0.477522 -1.16265
-0.471239 -1.15891
-0.464956 -1.15472
-0.458673 -1.15009
-0.452389 -1.14501
-0.446106 -1.13948
-0.439823 -1.13352
-0.43354 -1.12713
-0.427257 -1.12031
-0.420973 -1.11306
-0.41469 -1.1054
-0.408407 -1.09732
-0.402124 -1.08882
-0.395841 -1.07993
-0.389557 -1.07063
-0.383274 -1.06094
-0.376991 -1.05086
-0.370708 -1.0404
-0.364425 -1.02956
-0.358142 -1.01834
-0.351858 -1.00677
-0.345575 -0.994827
-0.339292 -0.982535
-0.333009 -0.969896
-0.326726 -0.956917
-0.320442 -0.943604
-0.314159 -0.929963
-0.307876 -0.916002
-0.301593 -0.901727
-0.29531 -0.887146
-0.289027 -0.872265
-0.282743 -0.857092
-0.27646 -0.841634
-0.270177 -0.825899
-0.263894 -0.809893
-0.257611 -0.793625
-0.251327 -0.777101
-0.245044 -0.760331
-0.238761 -0.74332
-0.232478 -0.726078
-0.226195 -0.708612
-0.219911 -0.69093
-0.213628 -0.67304
-0.207345 -0.65495
-0.201062 -0.636668
-0.194779 -0.618203
-0.188496 -0.599562
-0.182212 -0.580754
-0.175929 -0.561786
-0.169646 -0.542668
-0.163363 -0.523407
-0.15708 -0.504012
-0.150796 -0.484492
-0.144513 -0.464854
-0.13823 -0.445107
-0.131947 -0.425259
-0.125664 -0.405319
-0.119381 -0.385295
-0.113097 -0.365196
-0.106814 -0.34503
-0.100531 -0.324805
-0.0942478 -0.30453
-0.0879646 -0.284213
-0.0816814 -0.263863
-0.0753982 -0.243487
-0.069115 -0.223095
-0.0628319 -0.202694
-0.0565487 -0.182293
-0.0502655 -0.1619
-0.0439823 -0.141522
-0.0376991 -0.121169
-0.0314159 -0.100849
-0.0251327 -0.0805689
-0.0188496 -0.0603372
-0.0125664 -0.040162
-0.00628319 -0.0200511
0 -1.24315e-05
0.00628319 0.0199463
0.0125664 0.0398173
0.0188496 0.059593
0.0251327 0.0792657
0.0314159 0.0988279
0.0376991 0.118272
0.0439823 0.137591
0.0502655 0.156778
0.0565487 0.175824
0.0628319 0.194724
0.069115 0.21347
0.0753982 0.232055
0.0816814 0.250472
0.0879646 0.268715
0.0942478 0.286776
0.100531 0.30465
0.106814 0.32233
0.113097 0.339809
0.119381 0.357081
0.125664 0.374141
0.131947 0.390981
0.13823 0.407597
0.144513 0.423982
0.150796 0.440131
0.15708 0.456038
0.163363 0.471697
0.169646 0.487104
0.175929 0.502253
0.182212 0.517138
0.188496 0.531756
0.194779 0.546102
0.201062 0.56017
0.207345 0.573955
0.213628 0.587455
0.219911 0.600663
0.226195 0.613577
0.232478 0.626192
0.238761 0.638504
0.245044 0.650509
0.251327 0.662204
0.257611 0.673586
0.263894 0.68465
0.270177 0.695395
0.27646 0.705816
0.282743 0.715911
0.289027 0.725677
0.29531 0.735111
0.301593 0.744211
0.307876 0.752975
0.314159 0.761401
0.320442 0.769485
0.326726 0.777227
0.333009 0.784625
0.339292 0.791677
0.345575 0.798382
0.351858 0.804738
0.358142 0.810744
0.364425 0.8164
0.370708 0.821703
0.376991 0.826654
0.383274 0.831252
0.389557 0.835497
0.395841 0.839388
0.402124 0.842924
0.408407 0.846107
0.41469 0.848936
0.420973 0.851411
0.427257 0.853534
0.43354 0.855303
0.439823 0.856721
0.446106 0.857787
0.452389 0.858504
0.458673 0.858871
0.464956 0.858891
0.471239 0.858564
0.477522 0.857892
0.483805 0.856877
0.490088 0.855521
0.496372 0.853825
0.502655 0.851792
0.508938 0.849424
0.515221 0.846722
0.521504 0.84369
0.527788 0.840329
0.534071 0.836644
0.540354 0.832635
0.546637 0.828307
0.55292 0.823662
0.559203 0.818704
0.565487 0.813435
0.57177 0.80786
0.578053 0.801981
0.584336 0.795802
0.590619 0.789327
0.596903 0.782559
0.603186 0.775503
0.609469 0.768163
0.615752 0.760542
0.622035 0.752645
0.628319 0.744475
0.634602 0.736039
0.640885 0.727339
0.647168 0.718381
0.653451 0.709168
0.659734 0.699707
0.666018 0.690001
0.672301 0.680056
0.678584 0.669877
0.684867 0.659468
0.69115 0.648834
0.697434 0.637982
0.703717 0.626915
0.71 0.61564
0.716283 0.604162
0.722566 0.592486
0.728849 0.580618
0.735133 0.568563
0.741416 0.556327
0.747699 0.543915
0.753982 0.531334
0.760265 0.518589
0.766549 0.505685
0.772832 0.492629
0.779115 0.479427
0.785398 0.466084
0.791681 0.452607
0.797965 0.439
0.804248 0.425271
0.810531 0.411426
0.816814 0.39747
0.823097 0.383409
0.82938 0.36925
0.835664 0.354999
0.841947 0.340661
0.84823 0.326243
0.854513 0.311751
0.860796 0.297192
0.86708 0.282571
0.873363 0.267894
0.879646 0.253168
0.885929 0.238398
0.892212 0.223592
0.898495 0.208754
0.904779 0.193891
0.911062 0.17901
0.917345 0.164116
0.923628 0.149215
0.929911 0.134314
0.936195 0.119418
0.942478 0.104533
0.948761 0.0896653
0.955044 0.0748211
0.961327 0.0600059
0.967611 0.0452257
0.973894 0.0304863
0.980177 0.0157935
0.98646 0.00115297
0.992743 -0.0134296
0.999026 -0.0279484
1.00531 -0.0423981
1.01159 -0.0567729
1.01788 -0.0710675
1.02416 -0.0852763
1.03044 -0.099394
1.03673 -0.113415
1.04301 -0.127335
1.04929 -0.141147
1.05558 -0.154848
1.06186 -0.168431
1.06814 -0.181893
1.07442 -0.195227
1.08071 -0.208429
1.08699 -0.221495
1.09327 -0.234419
1.09956 -0.247197
1.10584 -0.259824
1.11212 -0.272296
1.11841 -0.284608
1.12469 -0.296757
1.13097 -0.308737
1.13726 -0.320546
1.14354 -0.332177
1.14982 -0.343629
1.15611 -0.354896
1.16239 -0.365975
1.16867 -0.376862
1.17496 -0.387554
1.18124 -0.398047
1.18752 -0.408337
1.19381 -0.418422
1.20009 -0.428298
1.20637 -0.437962
1.21265 -0.447411
1.21894 -0.456641
1.22522 -0.465651
1.2315 -0.474437
1.23779 -0.482996
1.24407 -0.491327
1.25035 -0.499426
1.25664 -0.507292
1.26292 -0.514922
1.2692 -0.522313
1.27549 -0.529465
1.28177 -0.536375
1.28805 -0.54304
1.29434 -0.549461
1.30062 -0.555634
1.3069 -0.561558
1.31319 -0.567233
1.31947 -0.572656
1.32575 -0.577826
1.33204 -0.582743
1.33832 -0.587406
1.3446 -0.591812
1.35088 -0.595963
1.35717 -0.599857
1.36345 -0.603494
1.36973 -0.606873
1.37602 -0.609993
1.3823 -0.612856
1.38858 -0.615459
1.39487 -0.617805
1.40115 -0.619891
1.40743 -0.62172
1.41372 -0.623291
1.42 -0.624604
1.42628 -0.62566
1.43257 -0.626459
1.43885 -0.627003
1.44513 -0.627292
1.45142 -0.627327
1.4577 -0.627109
1.46398 -0.626639
1.47027 -0.625918
1.47655 -0.624947
1.48283 -0.623729
1.48911 -0.622264
1.4954 -0.620554
1.50168 -0.6186
1.50796 -0.616405
1.51425 -0.613971
1.52053 -0.611298
1.52681 -0.60839
1.5331 -0.605248
1.53938 -0.601874
1.54566 -0.598271
1.55195 -0.594442
1.55823 -0.590388
1.56451 -0.586112
1.5708 -0.581617
1.57708 -0.576906
1.58336 -0.57198
1.58965 -0.566844
1.59593 -0.5615
1.60221 -0.55595
1.6085 -0.550199
1.61478 -0.544249
1.62106 -0.538103
1.62734 -0.531765
1.63363 -0.525237
1.63991 -0.518524
1.64619 -0.511629
1.65248 -0.504554
1.65876 -0.497305
1.66504 -0.489884
1.67133 -0.482295
1.67761 -0.474542
1.68389 -0.466629
1.69018 -0.458559
1.69646 -0.450336
1.70274 -0.441965
1.70903 -0.433449
1.71531 -0.424792
1.72159 -0.415998
1.72788 -0.407071
1.73416 -0.398017
1.74044 -0.388837
1.74673 -0.379538
1.75301 -0.370123
1.75929 -0.360596
1.76558 -0.350961
1.77186 -0.341224
1.77814 -0.331388
1.78442 -0.321457
1.79071 -0.311437
1.79699 -0.301331
1.80327 -0.291144
1.80956 -0.28088
1.81584 -0.270543
1.82212 -0.260139
1.82841 -0.249672
1.83469 -0.239145
1.84097 -0.228564
1.84726 -0.217934
1.85354 -0.207258
1.85982 -0.19654
1.86611 -0.185787
1.87239 -0.175001
1.87867 -0.164188
1.88496 -0.153352
1.89124 -0.142497
1.89752 -0.131628
1.90381 -0.12075
1.91009 -0.109866
1.91637 -0.098981
1.92265 -0.0880998
1.92894 -0.0772265
1.93522 -0.0663655
1.9415 -0.0555211
1.94779 -0.0446975
1.95407 -0.0338992
1.96035 -0.0231303
1.96664 -0.0123951
1.97292 -0.00169768
1.9792 0.00895767
1.98549 0.0195669
1.99177 0.0301258
1.99805 0.0406305
2.00434 0.0510768
2.01062 0.0614608
2.0169 0.0717786
2.02319 0.0820262
2.02947 0.0921998
2.03575 0.102296
2.04204 0.11231
2.04832 0.122239
2.0546 0.132079
2.06088 0.141826
2.06717 0.151478
2.07345 0.16103
2.07973 0.170478
2.08602 0.17982
2.0923 0.189053
2.09858 0.198172
2.10487 0.207175
2.11115 0.216058
2.11743 0.224819
2.12372 0.233454
2.13 0.241961
2.13628 0.250336
2.14257 0.258577
2.14885 0.26668
2.15513 0.274644
2.16142 0.282465
2.1677 0.29014
2.17398 0.297669
2.18027 0.305047
2.18655 0.312272
2.19283 0.319343
2.19911 0.326257
2.2054 0.333012
2.21168 0.339605
2.21796 0.346035
2.22425 0.3523
2.23053 0.358398
2.23681 0.364327
2.2431 0.370086
2.24938 0.375672
2.25566 0.381084
2.26195 0.386322
2.26823 0.391382
2.27451 0.396265
2.2808 0.400968
2.28708 0.405491
2.29336 0.409832
2.29965 0.413991
2.30593 0.417966
2.31221 0.421757
2.3185 0.425362
2.32478 0.428782
2.33106 0.432015
2.33734 0.435061
2.34363 0.43792
2.34991 0.440591
2.35619 0.443073
2.36248 0.445367
2.36876 0.447472
2.37504 0.449388
2.38133 0.451116
2.38761 0.452655
2.39389 0.454005
2.40018 0.455167
2.40646 0.456141
2.41274 0.456927
2.41903 0.457525
2.42531 0.457937
2.43159 0.458163
2.43788 0.458203
2.44416 0.458058
2.45044 0.457729
2.45673 0.457217
2.46301 0.456523
2.46929 0.455647
2.47558 0.454592
2.48186 0.453357
2.48814 0.451944
2.49442 0.450355
2.50071 0.448591
2.50699 0.446653
2.51327 0.444542
2.51956 0.442261
2.52584 0.439811
2.53212 0.437193
2.53841 0.434409
2.54469 0.431462
2.55097 0.428352
2.55726 0.425082
2.56354 0.421653
2.56982 0.418069
2.57611 0.41433
2.58239 0.410439
2.58867 0.406397
2.59496 0.402209
2.60124 0.397874
2.60752 0.393397
2.61381 0.388779
2.62009 0.384022
2.62637 0.37913
2.63265 0.374104
2.63894 0.368947
2.64522 0.363663
2.6515 0.358252
2.65779 0.352719
2.66407 0.347065
2.67035 0.341294
2.67664 0.335409
2.68292 0.329411
2.6892 0.323305
2.69549 0.317093
2.70177 0.310777
2.70805 0.304362
2.71434 0.297849
2.72062 0.291242
2.7269 0.284544
2.73319 0.277757
2.73947 0.270886
2.74575 0.263933
2.75204 0.256902
2.75832 0.249794
2.7646 0.242615
2.77088 0.235366
2.77717 0.228051
2.78345 0.220674
2.78973 0.213237
2.79602 0.205743
2.8023 0.198197
2.80858 0.190601
2.81487 0.182958
2.82115 0.175273
2.82743 0.167547
2.83372 0.159785
2.84 0.15199
2.84628 0.144164
2.85257 0.136312
2.85885 0.128436
2.86513 0.12054
2.87142 0.112627
2.8777 0.104701
2.88398 0.0967641
2.89027 0.0888201
2.89655 0.0808722
2.90283 0.0729236
2.90911 0.0649774
2.9154 0.0570369
2.92168 0.0491051
2.92796 0.0411852
2.93425 0.0332803
2.94053 0.0253935
2.94681 0.0175277
2.9531 0.00968596
2.95938 0.00187122
2.96566 -0.00591359
2.97195 -0.0136656
2.97823 -0.0213821
2.98451 -0.0290602
2.9908 -0.0366972
2.99708 -0.0442905
3.00336 -0.0518375
3.00965 -0.0593357
3.01593 -0.0667827
3.02221 -0.074176
3.0285 -0.0815133
3.03478 -0.0887925
3.04106 -0.0960115
3.04734 -0.103168
3.05363 -0.110261
3.05991 -0.117287
3.06619 -0.124246
3.07248 -0.131135
3.07876 -0.137954
3.08504 -0.144701
3.09133 -0.151375
3.09761 -0.157974
3.10389 -0.164498
3.11018 -0.170947
3.11646 -0.177319
3.12274 -0.183615
3.12903 -0.189834
3.13531 -0.195976
3.14159 -0.202043
