2 939.504
3 867.994
4 849.189
5 1089.29
6 1305.28
7 645.021
8 1265.47
9 737.46
10 549.677
11 332.871
12 181.972
13 103.034
14 63.9846
15 23.1118
16 14.9572
17 3.82566
18 2.53133
19 0.483351
20 0.324895
21 0.0477881
22 0.0325017
23 0.00573365
24 0.00257038
25 0.000633008
26 0.000160697
27 5.40166e-05
28 7.75522e-06
29 3.73125e-06
30 3.10469e-07
31 2.19422e-07
32 1.01439e-08
33 1.91045e-08
34 1.12337e-08
35 3.13622e-08
36 1.01979e-07
37 7.82881e-08
38 2.10596e-07
39 4.69642e-07
40 1.41015e-06
41 2.8308e-06
42 4.79164e-06
43 1.64379e-06
44 2.90665e-05
45 2.92365e-05
46 1.25585e-05
47 0.000122774
48 0.000149751
49 0.000295462
