-3.14159 -1.15723
-3.13531 -1.15558
-3.12903 -1.15392
-3.12274 -1.15226
-3.11646 -1.15061
-3.11018 -1.14895
-3.10389 -1.14729
-3.09761 -1.14564
-3.09133 -1.14398
-3.08504 -1.14233
-3.07876 -1.14067
-3.07248 -1.13901
-3.06619 -1.13736
-3.05991 -1.1357
-3.05363 -1.13404
-3.04734 -1.13239
-3.04106 -1.13073
-3.03478 -1.12907
-3.0285 -1.12742
-3.02221 -1.12576
-3.01593 -1.12411
-3.00965 -1.12245
-3.00336 -1.12079
-2.99708 -1.11914
-2.9908 -1.11748
-2.98451 -1.11582
-2.97823 -1.11417
-2.97195 -1.11251
-2.96566 -1.11085
-2.95938 -1.1092
-2.9531 -1.10754
-2.94681 -1.10589
-2.94053 -1.10423
-2.93425 -1.10257
-2.92796 -1.10092
-2.92168 -1.09926
-2.9154 -1.0976
-2.90911 -1.09595
-2.90283 -1.09429
-2.89655 -1.09263
-2.89027 -1.09098
-2.88398 -1.08932
-2.8777 -1.08767
-2.87142 -1.08601
-2.86513 -1.08435
-2.85885 -1.0827
-2.85257 -1.08104
-2.84628 -1.07938
-2.84 -1.07773
-2.83372 -1.07607
-2.82743 -1.07441
-2.82115 -1.07276
-2.81487 -1.0711
-2.80858 -1.06945
-2.8023 -1.06779
-2.79602 -1.06613
-2.78973 -1.06448
-2.78345 -1.06282
-2.77717 -1.06116
-2.77088 -1.05951
-2.7646 -1.05785
-2.75832 -1.05619
-2.75204 -1.05454
-2.74575 -1.05288
-2.73947 -1.05123
-2.73319 -1.04957
-2.7269 -1.04791
-2.72062 -1.04626
-2.71434 -1.0446
-2.70805 -1.04294
-2.70177 -1.04129
-2.69549 -1.03963
-2.6892 -1.03797
-2.68292 -1.03632
-2.67664 -1.03466
-2.67035 -1.03301
-2.66407 -1.03135
-2.65779 -1.02969
-2.6515 -1.02804
-2.64522 -1.02638
-2.63894 -1.02472
-2.63265 -1.02307
-2.62637 -1.02141
-2.62009 -1.01975
-2.61381 -1.0181
-2.60752 -1.01644
-2.60124 -1.01479
-2.59496 -1.01313
-2.58867 -1.01147
-2.58239 -1.00982
-2.57611 -1.00816
-2.56982 -1.0065
-2.56354 -1.00485
-2.55726 -1.00319
-2.55097 -1.00153
-2.54469 -0.999878
-2.53841 -0.998222
-2.53212 -0.996566
-2.52584 -0.994909
-2.51956 -0.993253
-2.51327 -0.991597
-2.50699 -0.98994
-2.50071 -0.988284
-2.49442 -0.986628
-2.48814 -0.984971
-2.48186 -0.983315
-2.47558 -0.981658
-2.46929 -0.980002
-2.46301 -0.978346
-2.45673 -0.976689
-2.45044 -0.975033
-2.44416 -0.973377
-2.43788 -0.97172
-2.43159 -0.970064
-2.42531 -0.968408
-2.41903 -0.966751
-2.41274 -0.965095
-2.40646 -0.963438
-2.40018 -0.961782
-2.39389 -0.960126
-2.38761 -0.958469
-2.38133 -0.956813
-2.37504 -0.955157
-2.36876 -0.9535
-2.36248 -0.951844
-2.35619 -0.950188
-2.34991 -0.948531
-2.34363 -0.946875
-2.33734 -0.945218
-2.33106 -0.943562
-2.32478 -0.941906
-2.3185 -0.940249
-2.31221 -0.938593
-2.30593 -0.936937
-2.29965 -0.93528
-2.29336 -0.933624
-2.28708 -0.931968
-2.2808 -0.930311
-2.27451 -0.928655
-2.26823 -0.926999
-2.26195 -0.925342
-2.25566 -0.923686
-2.24938 -0.922029
-2.2431 -0.920373
-2.23681 -0.918717
-2.23053 -0.91706
-2.22425 -0.915404
-2.21796 -0.913748
-2.21168 -0.912091
-2.2054 -0.910435
-2.19911 -0.908779
-2.19283 -0.907122
-2.18655 -0.905466
-2.18027 -0.903809
-2.17398 -0.902153
-2.1677 -0.900497
-2.16142 -0.89884
-2.15513 -0.897184
-2.14885 -0.895528
-2.14257 -0.893871
-2.13628 -0.892215
-2.13 -0.890559
-2.12372 -0.888902
-2.11743 -0.887246
-2.11115 -0.885589
-2.10487 -0.883933
-2.09858 -0.882277
-2.0923 -0.88062
-2.08602 -0.878964
-2.07973 -0.877308
-2.07345 -0.875651
-2.06717 -0.873995
-2.06088 -0.872339
-2.0546 -0.870682
-2.04832 -0.869026
-2.04204 -0.86737
-2.03575 -0.865713
-2.02947 -0.864057
-2.02319 -0.8624
-2.0169 -0.860744
-2.01062 -0.859088
-2.00434 -0.857431
-1.99805 -0.855775
-1.99177 -0.854119
-1.98549 -0.852462
-1.9792 -0.850806
-1.97292 -0.84915
-1.96664 -0.847493
-1.96035 -0.845837
-1.95407 -0.84418
-1.94779 -0.842524
-1.9415 -0.840868
-1.93522 -0.839211
-1.92894 -0.837555
-1.92265 -0.835899
-1.91637 -0.834242
-1.91009 -0.832586
-1.90381 -0.83093
-1.89752 -0.829273
-1.89124 -0.827617
-1.88496 -0.82596
-1.87867 -0.824304
-1.87239 -0.822648
-1.86611 -0.820991
-1.85982 -0.819335
-1.85354 -0.817679
-1.84726 -0.816022
-1.84097 -0.814366
-1.83469 -0.81271
-1.82841 -0.811053
-1.82212 -0.809397
-1.81584 -0.807741
-1.80956 -0.806084
-1.80327 -0.804428
-1.79699 -0.802771
-1.79071 -0.801115
-1.78442 -0.799459
-1.77814 -0.797802
-1.77186 -0.796146
-1.76558 -0.79449
-1.75929 -0.792833
-1.75301 -0.791177
-1.74673 -0.789521
-1.74044 -0.787864
-1.73416 -0.786208
-1.72788 -0.784551
-1.72159 -0.782895
-1.71531 -0.781239
-1.70903 -0.779582
-1.70274 -0.777926
-1.69646 -0.77627
-1.69018 -0.774613
-1.68389 -0.772957
-1.67761 -0.771301
-1.67133 -0.769644
-1.66504 -0.767988
-1.65876 -0.766331
-1.65248 -0.764675
-1.64619 -0.763019
-1.63991 -0.761362
-1.63363 -0.759706
-1.62734 -0.75805
-1.62106 -0.756393
-1.61478 -0.754737
-1.6085 -0.753081
-1.60221 -0.751424
-1.59593 -0.749768
-1.58965 -0.748112
-1.58336 -0.746455
-1.57708 -0.744799
-1.5708 -0.743142
-1.56451 -0.741486
-1.55823 -0.73983
-1.55195 -0.738173
-1.54566 -0.736517
-1.53938 -0.734861
-1.5331 -0.733204
-1.52681 -0.731548
-1.52053 -0.729892
-1.51425 -0.728235
-1.50796 -0.726579
-1.50168 -0.724922
-1.4954 -0.723266
-1.48911 -0.72161
-1.48283 -0.719953
-1.47655 -0.718297
-1.47027 -0.716641
-1.46398 -0.714984
-1.4577 -0.713328
-1.45142 -0.711672
-1.44513 -0.710015
-1.43885 -0.708359
-1.43257 -0.706702
-1.42628 -0.705046
-1.42 -0.70339
-1.41372 -0.701733
-1.40743 -0.700077
-1.40115 -0.698421
-1.39487 -0.696764
-1.38858 -0.695108
-1.3823 -0.693452
-1.37602 -0.691795
-1.36973 -0.690139
-1.36345 -0.688483
-1.35717 -0.686826
-1.35088 -0.68517
-1.3446 -0.683513
-1.33832 -0.681857
-1.33204 -0.680201
-1.32575 -0.678544
-1.31947 -0.676888
-1.31319 -0.675232
-1.3069 -0.673575
-1.30062 -0.671919
-1.29434 -0.670263
-1.28805 -0.668606
-1.28177 -0.66695
-1.27549 -0.665293
-1.2692 -0.663637
-1.26292 -0.661981
-1.25664 -0.660324
-1.25035 -0.658668
-1.24407 -0.657012
-1.23779 -0.655355
-1.2315 -0.653699
-1.22522 -0.652043
-1.21894 -0.650386
-1.21265 -0.64873
-1.20637 -0.647073
-1.20009 -0.645417
-1.19381 -0.643761
-1.18752 -0.642104
-1.18124 -0.640448
-1.17496 -0.638792
-1.16867 -0.637135
-1.16239 -0.635479
-1.15611 -0.633823
-1.14982 -0.632166
-1.14354 -0.63051
-1.13726 -0.628854
-1.13097 -0.627197
-1.12469 -0.625541
-1.11841 -0.623884
-1.11212 -0.622228
-1.10584 -0.620572
-1.09956 -0.618915
-1.09327 -0.617259
-1.08699 -0.615603
-1.08071 -0.613946
-1.07442 -0.61229
-1.06814 -0.610634
-1.06186 -0.608977
-1.05558 -0.607321
-1.04929 -0.605664
-1.04301 -0.604008
-1.03673 -0.602352
-1.03044 -0.600695
-1.02416 -0.599039
-1.01788 -0.597383
-1.01159 -0.595726
-1.00531 -0.59407
-0.999026 -0.592414
-0.992743 -0.590757
-0.98646 -0.589101
-0.980177 -0.587444
-0.973894 -0.585788
-0.967611 -0.584132
-0.961327 -0.582475
-0.955044 -0.580819
-0.948761 -0.579163
-0.942478 -0.577506
-0.936195 -0.57585
-0.929911 -0.574194
-0.923628 -0.572537
-0.917345 -0.570881
-0.911062 -0.569225
-0.904779 -0.567568
-0.898495 -0.565912
-0.892212 -0.564255
-0.885929 -0.562599
-0.879646 -0.560943
-0.873363 -0.559286
-0.86708 -0.55763
-0.860796 -0.555974
-0.854513 -0.554317
-0.84823 -0.552661
-0.841947 -0.551005
-0.835664 -0.549348
-0.82938 -0.547692
-0.823097 -0.546035
-0.816814 -0.544379
-0.810531 -0.542723
-0.804248 -0.541066
-0.797965 -0.53941
-0.791681 -0.537754
-0.785398 -0.536097
-0.779115 -0.534441
-0.772832 -0.532785
-0.766549 -0.531128
-0.760265 -0.529472
-0.753982 -0.527815
-0.747699 -0.526159
-0.741416 -0.524503
-0.735133 -0.522846
-0.728849 -0.52119
-0.722566 -0.519534
-0.716283 -0.517877
-0.71 -0.516221
-0.703717 -0.514565
-0.697434 -0.512908
-0.69115 -0.511252
-0.684867 -0.509595
-0.678584 -0.507939
-0.672301 -0.506283
-0.666018 -0.504626
-0.659734 -0.50297
-0.653451 -0.501314
-0.647168 -0.499657
-0.640885 -0.498001
-0.634602 -0.496345
-0.628319 -0.494688
-0.622035 -0.493032
-0.615752 -0.491376
-0.609469 -0.489719
-0.603186 -0.488063
-0.596903 -0.486406
-0.590619 -0.48475
-0.584336 -0.483094
-0.578053 -0.481437
-0.57177 -0.479781
-0.565487 -0.478125
-0.559203 -0.476468
-0.55292 -0.474812
-0.546637 -0.473156
-0.540354 -0.471499
-0.534071 -0.469843
-0.527788 -0.468186
-0.521504 -0.46653
-0.515221 -0.464874
-0.508938 -0.463217
-0.502655 -0.461561
-0.496372 -0.459905
-0.490088 -0.458248
-0.483805 -0.456592
-0.477522 -0.454936
-0.471239 -0.453279
-0.464956 -0.451623
-0.458673 -0.449966
-0.452389 -0.44831
-0.446106 -0.446654
-0.439823 -0.444997
-0.43354 -0.443341
-0.427257 -0.441685
-0.420973 -0.440028
-0.41469 -0.438372
-0.408407 -0.436716
-0.402124 -0.435059
-0.395841 -0.433403
-0.389557 -0.431747
-0.383274 -0.43009
-0.376991 -0.428434
-0.370708 -0.426777
-0.364425 -0.425121
-0.358142 -0.423465
-0.351858 -0.421808
-0.345575 -0.420152
-0.339292 -0.418496
-0.333009 -0.416839
-0.326726 -0.415183
-0.320442 -0.413527
-0.314159 -0.41187
-0.307876 -0.410214
-0.301593 -0.408557
-0.29531 -0.406901
-0.289027 -0.405245
-0.282743 -0.403588
-0.27646 -0.401932
-0.270177 -0.400276
-0.263894 -0.398619
-0.257611 -0.396963
-0.251327 -0.395307
-0.245044 -0.39365
-0.238761 -0.391994
-0.232478 -0.390337
-0.226195 -0.388681
-0.219911 -0.387025
-0.213628 -0.385368
-0.207345 -0.383712
-0.201062 -0.382056
-0.194779 -0.380399
-0.188496 -0.378743
-0.182212 -0.377087
-0.175929 -0.37543
-0.169646 -0.373774
-0.163363 -0.372118
-0.15708 -0.370461
-0.150796 -0.368805
-0.144513 -0.367148
-0.13823 -0.365492
-0.131947 -0.363836
-0.125664 -0.362179
-0.119381 -0.360523
-0.113097 -0.358867
-0.106814 -0.35721
-0.100531 -0.355554
-0.0942478 -0.353898
-0.0879646 -0.352241
-0.0816814 -0.350585
-0.0753982 -0.348928
-0.069115 -0.347272
-0.0628319 -0.345616
-0.0565487 -0.343959
-0.0502655 -0.342303
-0.0439823 -0.340647
-0.0376991 -0.33899
-0.0314159 -0.337334
-0.0251327 -0.335678
-0.0188496 -0.334021
-0.0125664 -0.332365
-0.00628319 -0.330708
0 -0.329052
0.00628319 -0.327396
0.0125664 -0.325739
0.0188496 -0.324083
0.0251327 -0.322427
0.0314159 -0.32077
0.0376991 -0.319114
0.0439823 -0.317458
0.0502655 -0.315801
0.0565487 -0.314145
0.0628319 -0.312489
0.069115 -0.310832
0.0753982 -0.309176
0.0816814 -0.307519
0.0879646 -0.305863
0.0942478 -0.304207
0.100531 -0.30255
0.106814 -0.300894
0.113097 -0.299238
0.119381 -0.297581
0.125664 -0.295925
0.131947 -0.294269
0.13823 -0.292612
0.144513 -0.290956
0.150796 -0.289299
0.15708 -0.287643
0.163363 -0.285987
0.169646 -0.28433
0.175929 -0.282674
0.182212 -0.281018
0.188496 -0.279361
0.194779 -0.277705
0.201062 -0.276049
0.207345 -0.274392
0.213628 -0.272736
0.219911 -0.271079
0.226195 -0.269423
0.232478 -0.267767
0.238761 -0.26611
0.245044 -0.264454
0.251327 -0.262798
0.257611 -0.261141
0.263894 -0.259485
0.270177 -0.257829
0.27646 -0.256172
0.282743 -0.254516
0.289027 -0.25286
0.29531 -0.251203
0.301593 -0.249547
0.307876 -0.24789
0.314159 -0.246234
0.320442 -0.244578
0.326726 -0.242921
0.333009 -0.241265
0.339292 -0.239609
0.345575 -0.237952
0.351858 -0.236296
0.358142 -0.23464
0.364425 -0.232983
0.370708 -0.231327
0.376991 -0.22967
0.383274 -0.228014
0.389557 -0.226358
0.395841 -0.224701
0.402124 -0.223045
0.408407 -0.221389
0.41469 -0.219732
0.420973 -0.218076
0.427257 -0.21642
0.43354 -0.214763
0.439823 -0.213107
0.446106 -0.21145
0.452389 -0.209794
0.458673 -0.208138
0.464956 -0.206481
0.471239 -0.204825
0.477522 -0.203169
0.483805 -0.201512
0.490088 -0.199856
0.496372 -0.1982
0.502655 -0.196543
0.508938 -0.194887
0.515221 -0.193231
0.521504 -0.191574
0.527788 -0.189918
0.534071 -0.188261
0.540354 -0.186605
0.546637 -0.184949
0.55292 -0.183292
0.559203 -0.181636
0.565487 -0.17998
0.57177 -0.178323
0.578053 -0.176667
0.584336 -0.175011
0.590619 -0.173354
0.596903 -0.171698
0.603186 -0.170041
0.609469 -0.168385
0.615752 -0.166729
0.622035 -0.165072
0.628319 -0.163416
0.634602 -0.16176
0.640885 -0.160103
0.647168 -0.158447
0.653451 -0.156791
0.659734 -0.155134
0.666018 -0.153478
0.672301 -0.151821
0.678584 -0.150165
0.684867 -0.148509
0.69115 -0.146852
0.697434 -0.145196
0.703717 -0.14354
0.71 -0.141883
0.716283 -0.140227
0.722566 -0.138571
0.728849 -0.136914
0.735133 -0.135258
0.741416 -0.133602
0.747699 -0.131945
0.753982 -0.130289
0.760265 -0.128632
0.766549 -0.126976
0.772832 -0.12532
0.779115 -0.123663
0.785398 -0.122007
0.791681 -0.120351
0.797965 -0.118694
0.804248 -0.117038
0.810531 -0.115382
0.816814 -0.113725
0.823097 -0.112069
0.82938 -0.110412
0.835664 -0.108756
0.841947 -0.1071
0.84823 -0.105443
0.854513 -0.103787
0.860796 -0.102131
0.86708 -0.100474
0.873363 -0.0988179
0.879646 -0.0971616
0.885929 -0.0955052
0.892212 -0.0938488
0.898495 -0.0921925
0.904779 -0.0905361
0.911062 -0.0888798
0.917345 -0.0872234
0.923628 -0.085567
0.929911 -0.0839107
0.936195 -0.0822543
0.942478 -0.080598
0.948761 -0.0789416
0.955044 -0.0772852
0.961327 -0.0756289
0.967611 -0.0739725
0.973894 -0.0723161
0.980177 -0.0706598
0.98646 -0.0690034
0.992743 -0.0673471
0.999026 -0.0656907
1.00531 -0.0640343
1.01159 -0.062378
1.01788 -0.0607216
1.02416 -0.0590653
1.03044 -0.0574089
1.03673 -0.0557525
1.04301 -0.0540962
1.04929 -0.0524398
1.05558 -0.0507835
1.06186 -0.0491271
1.06814 -0.0474707
1.07442 -0.0458144
1.08071 -0.044158
1.08699 -0.0425016
1.09327 -0.0408453
1.09956 -0.0391889
1.10584 -0.0375326
1.11212 -0.0358762
1.11841 -0.0342198
1.12469 -0.0325635
1.13097 -0.0309071
1.13726 -0.0292508
1.14354 -0.0275944
1.14982 -0.025938
1.15611 -0.0242817
1.16239 -0.0226253
1.16867 -0.020969
1.17496 -0.0193126
1.18124 -0.0176562
1.18752 -0.0159999
1.19381 -0.0143435
1.20009 -0.0126871
1.20637 -0.0110308
1.21265 -0.00937442
1.21894 -0.00771806
1.22522 -0.0060617
1.2315 -0.00440534
1.23779 -0.00274898
1.24407 -0.00109262
1.25035 0.000563744
1.25664 0.00222011
1.26292 0.00387647
1.2692 0.00553283
1.27549 0.00718919
1.28177 0.00884555
1.28805 0.0105019
1.29434 0.0121583
1.30062 0.0138146
1.3069 0.015471
1.31319 0.0171274
1.31947 0.0187837
1.32575 0.0204401
1.33204 0.0220964
1.33832 0.0237528
1.3446 0.0254092
1.35088 0.0270655
1.35717 0.0287219
1.36345 0.0303782
1.36973 0.0320346
1.37602 0.033691
1.3823 0.0353473
1.38858 0.0370037
1.39487 0.0386601
1.40115 0.0403164
1.40743 0.0419728
1.41372 0.0436291
1.42 0.0452855
1.42628 0.0469419
1.43257 0.0485982
1.43885 0.0502546
1.44513 0.0519109
1.45142 0.0535673
1.4577 0.0552237
1.46398 0.05688
1.47027 0.0585364
1.47655 0.0601927
1.48283 0.0618491
1.48911 0.0635055
1.4954 0.0651618
1.50168 0.0668182
1.50796 0.0684746
1.51425 0.0701309
1.52053 0.0717873
1.52681 0.0734436
1.5331 0.0751
1.53938 0.0767564
1.54566 0.0784127
1.55195 0.0800691
1.55823 0.0817254
1.56451 0.0833818
1.5708 0.0850382
1.57708 0.0866945
1.58336 0.0883509
1.58965 0.0900072
1.59593 0.0916636
1.60221 0.09332
1.6085 0.0949763
1.61478 0.0966327
1.62106 0.0982891
1.62734 0.0999454
1.63363 0.101602
1.63991 0.103258
1.64619 0.104914
1.65248 0.106571
1.65876 0.108227
1.66504 0.109884
1.67133 0.11154
1.67761 0.113196
1.68389 0.114853
1.69018 0.116509
1.69646 0.118165
1.70274 0.119822
1.70903 0.121478
1.71531 0.123134
1.72159 0.124791
1.72788 0.126447
1.73416 0.128104
1.74044 0.12976
1.74673 0.131416
1.75301 0.133073
1.75929 0.134729
1.76558 0.136385
1.77186 0.138042
1.77814 0.139698
1.78442 0.141354
1.79071 0.143011
1.79699 0.144667
1.80327 0.146324
1.80956 0.14798
1.81584 0.149636
1.82212 0.151293
1.82841 0.152949
1.83469 0.154605
1.84097 0.156262
1.84726 0.157918
1.85354 0.159574
1.85982 0.161231
1.86611 0.162887
1.87239 0.164544
1.87867 0.1662
1.88496 0.167856
1.89124 0.169513
1.89752 0.171169
1.90381 0.172825
1.91009 0.174482
1.91637 0.176138
1.92265 0.177794
1.92894 0.179451
1.93522 0.181107
1.9415 0.182763
1.94779 0.18442
1.95407 0.186076
1.96035 0.187733
1.96664 0.189389
1.97292 0.191045
1.9792 0.192702
1.98549 0.194358
1.99177 0.196014
1.99805 0.197671
2.00434 0.199327
2.01062 0.200983
2.0169 0.20264
2.02319 0.204296
2.02947 0.205953
2.03575 0.207609
2.04204 0.209265
2.04832 0.210922
2.0546 0.212578
2.06088 0.214234
2.06717 0.215891
2.07345 0.217547
2.07973 0.219203
2.08602 0.22086
2.0923 0.222516
2.09858 0.224173
2.10487 0.225829
2.11115 0.227485
2.11743 0.229142
2.12372 0.230798
2.13 0.232454
2.13628 0.234111
2.14257 0.235767
2.14885 0.237423
2.15513 0.23908
2.16142 0.240736
2.1677 0.242392
2.17398 0.244049
2.18027 0.245705
2.18655 0.247362
2.19283 0.249018
2.19911 0.250674
2.2054 0.252331
2.21168 0.253987
2.21796 0.255643
2.22425 0.2573
2.23053 0.258956
2.23681 0.260612
2.2431 0.262269
2.24938 0.263925
2.25566 0.265582
2.26195 0.267238
2.26823 0.268894
2.27451 0.270551
2.2808 0.272207
2.28708 0.273863
2.29336 0.27552
2.29965 0.277176
2.30593 0.278832
2.31221 0.280489
2.3185 0.282145
2.32478 0.283802
2.33106 0.285458
2.33734 0.287114
2.34363 0.288771
2.34991 0.290427
2.35619 0.292083
2.36248 0.29374
2.36876 0.295396
2.37504 0.297052
2.38133 0.298709
2.38761 0.300365
2.39389 0.302021
2.40018 0.303678
2.40646 0.305334
2.41274 0.306991
2.41903 0.308647
2.42531 0.310303
2.43159 0.31196
2.43788 0.313616
2.44416 0.315272
2.45044 0.316929
2.45673 0.318585
2.46301 0.320241
2.46929 0.321898
2.47558 0.323554
2.48186 0.325211
2.48814 0.326867
2.49442 0.328523
2.50071 0.33018
2.50699 0.331836
2.51327 0.333492
2.51956 0.335149
2.52584 0.336805
2.53212 0.338461
2.53841 0.340118
2.54469 0.341774
2.55097 0.343431
2.55726 0.345087
2.56354 0.346743
2.56982 0.3484
2.57611 0.350056
2.58239 0.351712
2.58867 0.353369
2.59496 0.355025
2.60124 0.356681
2.60752 0.358338
2.61381 0.359994
2.62009 0.36165
2.62637 0.363307
2.63265 0.364963
2.63894 0.36662
2.64522 0.368276
2.6515 0.369932
2.65779 0.371589
2.66407 0.373245
2.67035 0.374901
2.67664 0.376558
2.68292 0.378214
2.6892 0.37987
2.69549 0.381527
2.70177 0.383183
2.70805 0.38484
2.71434 0.386496
2.72062 0.388152
2.7269 0.389809
2.73319 0.391465
2.73947 0.393121
2.74575 0.394778
2.75204 0.396434
2.75832 0.39809
2.7646 0.399747
2.77088 0.401403
2.77717 0.40306
2.78345 0.404716
2.78973 0.406372
2.79602 0.408029
2.8023 0.409685
2.80858 0.411341
2.81487 0.412998
2.82115 0.414654
2.82743 0.41631
2.83372 0.417967
2.84 0.419623
2.84628 0.421279
2.85257 0.422936
2.85885 0.424592
2.86513 0.426249
2.87142 0.427905
2.8777 0.429561
2.88398 0.431218
2.89027 0.432874
2.89655 0.43453
2.90283 0.436187
2.90911 0.437843
2.9154 0.439499
2.92168 0.441156
2.92796 0.442812
2.93425 0.444469
2.94053 0.446125
2.94681 0.447781
2.9531 0.449438
2.95938 0.451094
2.96566 0.45275
2.97195 0.454407
2.97823 0.456063
2.98451 0.457719
2.9908 0.459376
2.99708 0.461032
3.00336 0.462689
3.00965 0.464345
3.01593 0.466001
3.02221 0.467658
3.0285 0.469314
3.03478 0.47097
3.04106 0.472627
3.04734 0.474283
3.05363 0.475939
3.05991 0.477596
3.06619 0.479252
3.07248 0.480908
3.07876 0.482565
3.08504 0.484221
3.09133 0.485878
3.09761 0.487534
3.10389 0.48919
3.11018 0.490847
3.11646 0.492503
3.12274 0.494159
3.12903 0.495816
3.13531 0.497472
3.14159 0.499128
