-3.14159 1.4788
-3.13531 1.47712
-3.12903 1.47544
-3.12274 1.47377
-3.11646 1.47209
-3.11018 1.47041
-3.10389 1.46873
-3.09761 1.46705
-3.09133 1.46537
-3.08504 1.46369
-3.07876 1.46201
-3.07248 1.46033
-3.06619 1.45866
-3.05991 1.45698
-3.05363 1.4553
-3.04734 1.45362
-3.04106 1.45194
-3.03478 1.45026
-3.0285 1.44858
-3.02221 1.4469
-3.01593 1.44522
-3.00965 1.44355
-3.00336 1.44187
-2.99708 1.44019
-2.9908 1.43851
-2.98451 1.43683
-2.97823 1.43515
-2.97195 1.43347
-2.96566 1.43179
-2.95938 1.43011
-2.9531 1.42843
-2.94681 1.42676
-2.94053 1.42508
-2.93425 1.4234
-2.92796 1.42172
-2.92168 1.42004
-2.9154 1.41836
-2.90911 1.41668
-2.90283 1.415
-2.89655 1.41332
-2.89027 1.41165
-2.88398 1.40997
-2.8777 1.40829
-2.87142 1.40661
-2.86513 1.40493
-2.85885 1.40325
-2.85257 1.40157
-2.84628 1.39989
-2.84 1.39821
-2.83372 1.39653
-2.82743 1.39486
-2.82115 1.39318
-2.81487 1.3915
-2.80858 1.38982
-2.8023 1.38814
-2.79602 1.38646
-2.78973 1.38478
-2.78345 1.3831
-2.77717 1.38142
-2.77088 1.37975
-2.7646 1.37807
-2.75832 1.37639
-2.75204 1.37471
-2.74575 1.37303
-2.73947 1.37135
-2.73319 1.36967
-2.7269 1.36799
-2.72062 1.36631
-2.71434 1.36463
-2.70805 1.36296
-2.70177 1.36128
-2.69549 1.3596
-2.6892 1.35792
-2.68292 1.35624
-2.67664 1.35456
-2.67035 1.35288
-2.66407 1.3512
-2.65779 1.34952
-2.6515 1.34785
-2.64522 1.34617
-2.63894 1.34449
-2.63265 1.34281
-2.62637 1.34113
-2.62009 1.33945
-2.61381 1.33777
-2.60752 1.33609
-2.60124 1.33441
-2.59496 1.33274
-2.58867 1.33106
-2.58239 1.32938
-2.57611 1.3277
-2.56982 1.32602
-2.56354 1.32434
-2.55726 1.32266
-2.55097 1.32098
-2.54469 1.3193
-2.53841 1.31762
-2.53212 1.31595
-2.52584 1.31427
-2.51956 1.31259
-2.51327 1.31091
-2.50699 1.30923
-2.50071 1.30755
-2.49442 1.30587
-2.48814 1.30419
-2.48186 1.30251
-2.47558 1.30084
-2.46929 1.29916
-2.46301 1.29748
-2.45673 1.2958
-2.45044 1.29412
-2.44416 1.29244
-2.43788 1.29076
-2.43159 1.28908
-2.42531 1.2874
-2.41903 1.28572
-2.41274 1.28405
-2.40646 1.28237
-2.40018 1.28069
-2.39389 1.27901
-2.38761 1.27733
-2.38133 1.27565
-2.37504 1.27397
-2.36876 1.27229
-2.36248 1.27061
-2.35619 1.26894
-2.34991 1.26726
-2.34363 1.26558
-2.33734 1.2639
-2.33106 1.26222
-2.32478 1.26054
-2.3185 1.25886
-2.31221 1.25718
-2.30593 1.2555
-2.29965 1.25383
-2.29336 1.25215
-2.28708 1.25047
-2.2808 1.24879
-2.27451 1.24711
-2.26823 1.24543
-2.26195 1.24375
-2.25566 1.24207
-2.24938 1.24039
-2.2431 1.23871
-2.23681 1.23704
-2.23053 1.23536
-2.22425 1.23368
-2.21796 1.232
-2.21168 1.23032
-2.2054 1.22864
-2.19911 1.22696
-2.19283 1.22528
-2.18655 1.2236
-2.18027 1.22193
-2.17398 1.22025
-2.1677 1.21857
-2.16142 1.21689
-2.15513 1.21521
-2.14885 1.21353
-2.14257 1.21185
-2.13628 1.21017
-2.13 1.20849
-2.12372 1.20681
-2.11743 1.20514
-2.11115 1.20346
-2.10487 1.20178
-2.09858 1.2001
-2.0923 1.19842
-2.08602 1.19674
-2.07973 1.19506
-2.07345 1.19338
-2.06717 1.1917
-2.06088 1.19003
-2.0546 1.18835
-2.04832 1.18667
-2.04204 1.18499
-2.03575 1.18331
-2.02947 1.18163
-2.02319 1.17995
-2.0169 1.17827
-2.01062 1.17659
-2.00434 1.17492
-1.99805 1.17324
-1.99177 1.17156
-1.98549 1.16988
-1.9792 1.1682
-1.97292 1.16652
-1.96664 1.16484
-1.96035 1.16316
-1.95407 1.16148
-1.94779 1.1598
-1.9415 1.15813
-1.93522 1.15645
-1.92894 1.15477
-1.92265 1.15309
-1.91637 1.15141
-1.91009 1.14973
-1.90381 1.14805
-1.89752 1.14637
-1.89124 1.14469
-1.88496 1.14302
-1.87867 1.14134
-1.87239 1.13966
-1.86611 1.13798
-1.85982 1.1363
-1.85354 1.13462
-1.84726 1.13294
-1.84097 1.13126
-1.83469 1.12958
-1.82841 1.1279
-1.82212 1.12623
-1.81584 1.12455
-1.80956 1.12287
-1.80327 1.12119
-1.79699 1.11951
-1.79071 1.11783
-1.78442 1.11615
-1.77814 1.11447
-1.77186 1.11279
-1.76558 1.11112
-1.75929 1.10944
-1.75301 1.10776
-1.74673 1.10608
-1.74044 1.1044
-1.73416 1.10272
-1.72788 1.10104
-1.72159 1.09936
-1.71531 1.09768
-1.70903 1.09601
-1.70274 1.09433
-1.69646 1.09265
-1.69018 1.09097
-1.68389 1.08929
-1.67761 1.08761
-1.67133 1.08593
-1.66504 1.08425
-1.65876 1.08257
-1.65248 1.08089
-1.64619 1.07922
-1.63991 1.07754
-1.63363 1.07586
-1.62734 1.07418
-1.62106 1.0725
-1.61478 1.07082
-1.6085 1.06914
-1.60221 1.06746
-1.59593 1.06578
-1.58965 1.06411
-1.58336 1.06243
-1.57708 1.06075
-1.5708 1.05907
-1.56451 1.05739
-1.55823 1.05571
-1.55195 1.05403
-1.54566 1.05235
-1.53938 1.05067
-1.5331 1.04899
-1.52681 1.04732
-1.52053 1.04564
-1.51425 1.04396
-1.50796 1.04228
-1.50168 1.0406
-1.4954 1.03892
-1.48911 1.03724
-1.48283 1.03556
-1.47655 1.03388
-1.47027 1.03221
-1.46398 1.03053
-1.4577 1.02885
-1.45142 1.02717
-1.44513 1.02549
-1.43885 1.02381
-1.43257 1.02213
-1.42628 1.02045
-1.42 1.01877
-1.41372 1.0171
-1.40743 1.01542
-1.40115 1.01374
-1.39487 1.01206
-1.38858 1.01038
-1.3823 1.0087
-1.37602 1.00702
-1.36973 1.00534
-1.36345 1.00366
-1.35717 1.00198
-1.35088 1.00031
-1.3446 0.998627
-1.33832 0.996948
-1.33204 0.995269
-1.32575 0.99359
-1.31947 0.991911
-1.31319 0.990232
-1.3069 0.988553
-1.30062 0.986874
-1.29434 0.985195
-1.28805 0.983516
-1.28177 0.981837
-1.27549 0.980158
-1.2692 0.97848
-1.26292 0.976801
-1.25664 0.975122
-1.25035 0.973443
-1.24407 0.971764
-1.23779 0.970085
-1.2315 0.968406
-1.22522 0.966727
-1.21894 0.965048
-1.21265 0.963369
-1.20637 0.96169
-1.20009 0.960011
-1.19381 0.958332
-1.18752 0.956653
-1.18124 0.954974
-1.17496 0.953295
-1.16867 0.951617
-1.16239 0.949938
-1.15611 0.948259
-1.14982 0.94658
-1.14354 0.944901
-1.13726 0.943222
-1.13097 0.941543
-1.12469 0.939864
-1.11841 0.938185
-1.11212 0.936506
-1.10584 0.934827
-1.09956 0.933148
-1.09327 0.931469
-1.08699 0.92979
-1.08071 0.928111
-1.07442 0.926432
-1.06814 0.924754
-1.06186 0.923075
-1.05558 0.921396
-1.04929 0.919717
-1.04301 0.918038
-1.03673 0.916359
-1.03044 0.91468
-1.02416 0.913001
-1.01788 0.911322
-1.01159 0.909643
-1.00531 0.907964
-0.999026 0.906285
-0.992743 0.904606
-0.98646 0.902927
-0.980177 0.901248
-0.973894 0.899569
-0.967611 0.897891
-0.961327 0.896212
-0.955044 0.894533
-0.948761 0.892854
-0.942478 0.891175
-0.936195 0.889496
-0.929911 0.887817
-0.923628 0.886138
-0.917345 0.884459
-0.911062 0.88278
-0.904779 0.881101
-0.898495 0.879422
-0.892212 0.877743
-0.885929 0.876064
-0.879646 0.874385
-0.873363 0.872706
-0.86708 0.871028
-0.860796 0.869349
-0.854513 0.86767
-0.84823 0.865991
-0.841947 0.864312
-0.835664 0.862633
-0.82938 0.860954
-0.823097 0.859275
-0.816814 0.857596
-0.810531 0.855917
-0.804248 0.854238
-0.797965 0.852559
-0.791681 0.85088
-0.785398 0.849201
-0.779115 0.847522
-0.772832 0.845843
-0.766549 0.844165
-0.760265 0.842486
-0.753982 0.840807
-0.747699 0.839128
-0.741416 0.837449
-0.735133 0.83577
-0.728849 0.834091
-0.722566 0.832412
-0.716283 0.830733
-0.71 0.829054
-0.703717 0.827375
-0.697434 0.825696
-0.69115 0.824017
-0.684867 0.822338
-0.678584 0.820659
-0.672301 0.818981
-0.666018 0.817302
-0.659734 0.815623
-0.653451 0.813944
-0.647168 0.812265
-0.640885 0.810586
-0.634602 0.808907
-0.628319 0.807228
-0.622035 0.805549
-0.615752 0.80387
-0.609469 0.802191
-0.603186 0.800512
-0.596903 0.798833
-0.590619 0.797154
-0.584336 0.795475
-0.578053 0.793796
-0.57177 0.792118
-0.565487 0.790439
-0.559203 0.78876
-0.55292 0.787081
-0.546637 0.785402
-0.540354 0.783723
-0.534071 0.782044
-0.527788 0.780365
-0.521504 0.778686
-0.515221 0.777007
-0.508938 0.775328
-0.502655 0.773649
-0.496372 0.77197
-0.490088 0.770291
-0.483805 0.768612
-0.477522 0.766933
-0.471239 0.765255
-0.464956 0.763576
-0.458673 0.761897
-0.452389 0.760218
-0.446106 0.758539
-0.439823 0.75686
-0.43354 0.755181
-0.427257 0.753502
-0.420973 0.751823
-0.41469 0.750144
-0.408407 0.748465
-0.402124 0.746786
-0.395841 0.745107
-0.389557 0.743428
-0.383274 0.741749
-0.376991 0.74007
-0.370708 0.738392
-0.364425 0.736713
-0.358142 0.735034
-0.351858 0.733355
-0.345575 0.731676
-0.339292 0.729997
-0.333009 0.728318
-0.326726 0.726639
-0.320442 0.72496
-0.314159 0.723281
-0.307876 0.721602
-0.301593 0.719923
-0.29531 0.718244
-0.289027 0.716565
-0.282743 0.714886
-0.27646 0.713207
-0.270177 0.711529
-0.263894 0.70985
-0.257611 0.708171
-0.251327 0.706492
-0.245044 0.704813
-0.238761 0.703134
-0.232478 0.701455
-0.226195 0.699776
-0.219911 0.698097
-0.213628 0.696418
-0.207345 0.694739
-0.201062 0.69306
-0.194779 0.691381
-0.188496 0.689702
-0.182212 0.688023
-0.175929 0.686344
-0.169646 0.684666
-0.163363 0.682987
-0.15708 0.681308
-0.150796 0.679629
-0.144513 0.67795
-0.13823 0.676271
-0.131947 0.674592
-0.125664 0.672913
-0.119381 0.671234
-0.113097 0.669555
-0.106814 0.667876
-0.100531 0.666197
-0.0942478 0.664518
-0.0879646 0.662839
-0.0816814 0.66116
-0.0753982 0.659482
-0.069115 0.657803
-0.0628319 0.656124
-0.0565487 0.654445
-0.0502655 0.652766
-0.0439823 0.651087
-0.0376991 0.649408
-0.0314159 0.647729
-0.0251327 0.64605
-0.0188496 0.644371
-0.0125664 0.642692
-0.00628319 0.641013
0 0.639334
0.00628319 0.637655
0.0125664 0.635976
0.0188496 0.634297
0.0251327 0.632619
0.0314159 0.63094
0.0376991 0.629261
0.0439823 0.627582
0.0502655 0.625903
0.0565487 0.624224
0.0628319 0.622545
0.069115 0.620866
0.0753982 0.619187
0.0816814 0.617508
0.0879646 0.615829
0.0942478 0.61415
0.100531 0.612471
0.106814 0.610792
0.113097 0.609113
0.119381 0.607434
0.125664 0.605756
0.131947 0.604077
0.13823 0.602398
0.144513 0.600719
0.150796 0.59904
0.15708 0.597361
0.163363 0.595682
0.169646 0.594003
0.175929 0.592324
0.182212 0.590645
0.188496 0.588966
0.194779 0.587287
0.201062 0.585608
0.207345 0.583929
0.213628 0.58225
0.219911 0.580571
0.226195 0.578893
0.232478 0.577214
0.238761 0.575535
0.245044 0.573856
0.251327 0.572177
0.257611 0.570498
0.263894 0.568819
0.270177 0.56714
0.27646 0.565461
0.282743 0.563782
0.289027 0.562103
0.29531 0.560424
0.301593 0.558745
0.307876 0.557066
0.314159 0.555387
0.320442 0.553708
0.326726 0.55203
0.333009 0.550351
0.339292 0.548672
0.345575 0.546993
0.351858 0.545314
0.358142 0.543635
0.364425 0.541956
0.370708 0.540277
0.376991 0.538598
0.383274 0.536919
0.389557 0.53524
0.395841 0.533561
0.402124 0.531882
0.408407 0.530203
0.41469 0.528524
0.420973 0.526845
0.427257 0.525167
0.43354 0.523488
0.439823 0.521809
0.446106 0.52013
0.452389 0.518451
0.458673 0.516772
0.464956 0.515093
0.471239 0.513414
0.477522 0.511735
0.483805 0.510056
0.490088 0.508377
0.496372 0.506698
0.502655 0.505019
0.508938 0.50334
0.515221 0.501661
0.521504 0.499982
0.527788 0.498304
0.534071 0.496625
0.540354 0.494946
0.546637 0.493267
0.55292 0.491588
0.559203 0.489909
0.565487 0.48823
0.57177 0.486551
0.578053 0.484872
0.584336 0.483193
0.590619 0.481514
0.596903 0.479835
0.603186 0.478156
0.609469 0.476477
0.615752 0.474798
0.622035 0.47312
0.628319 0.471441
0.634602 0.469762
0.640885 0.468083
0.647168 0.466404
0.653451 0.464725
0.659734 0.463046
0.666018 0.461367
0.672301 0.459688
0.678584 0.458009
0.684867 0.45633
0.69115 0.454651
0.697434 0.452972
0.703717 0.451293
0.71 0.449614
0.716283 0.447935
0.722566 0.446257
0.728849 0.444578
0.735133 0.442899
0.741416 0.44122
0.747699 0.439541
0.753982 0.437862
0.760265 0.436183
0.766549 0.434504
0.772832 0.432825
0.779115 0.431146
0.785398 0.429467
0.791681 0.427788
0.797965 0.426109
0.804248 0.42443
0.810531 0.422751
0.816814 0.421072
0.823097 0.419394
0.82938 0.417715
0.835664 0.416036
0.841947 0.414357
0.84823 0.412678
0.854513 0.410999
0.860796 0.40932
0.86708 0.407641
0.873363 0.405962
0.879646 0.404283
0.885929 0.402604
0.892212 0.400925
0.898495 0.399246
0.904779 0.397567
0.911062 0.395888
0.917345 0.394209
0.923628 0.392531
0.929911 0.390852
0.936195 0.389173
0.942478 0.387494
0.948761 0.385815
0.955044 0.384136
0.961327 0.382457
0.967611 0.380778
0.973894 0.379099
0.980177 0.37742
0.98646 0.375741
0.992743 0.374062
0.999026 0.372383
1.00531 0.370704
1.01159 0.369025
1.01788 0.367346
1.02416 0.365668
1.03044 0.363989
1.03673 0.36231
1.04301 0.360631
1.04929 0.358952
1.05558 0.357273
1.06186 0.355594
1.06814 0.353915
1.07442 0.352236
1.08071 0.350557
1.08699 0.348878
1.09327 0.347199
1.09956 0.34552
1.10584 0.343841
1.11212 0.342162
1.11841 0.340483
1.12469 0.338805
1.13097 0.337126
1.13726 0.335447
1.14354 0.333768
1.14982 0.332089
1.15611 0.33041
1.16239 0.328731
1.16867 0.327052
1.17496 0.325373
1.18124 0.323694
1.18752 0.322015
1.19381 0.320336
1.20009 0.318657
1.20637 0.316978
1.21265 0.315299
1.21894 0.313621
1.22522 0.311942
1.2315 0.310263
1.23779 0.308584
1.24407 0.306905
1.25035 0.305226
1.25664 0.303547
1.26292 0.301868
1.2692 0.300189
1.27549 0.29851
1.28177 0.296831
1.28805 0.295152
1.29434 0.293473
1.30062 0.291794
1.3069 0.290115
1.31319 0.288436
1.31947 0.286758
1.32575 0.285079
1.33204 0.2834
1.33832 0.281721
1.3446 0.280042
1.35088 0.278363
1.35717 0.276684
1.36345 0.275005
1.36973 0.273326
1.37602 0.271647
1.3823 0.269968
1.38858 0.268289
1.39487 0.26661
1.40115 0.264931
1.40743 0.263252
1.41372 0.261573
1.42 0.259895
1.42628 0.258216
1.43257 0.256537
1.43885 0.254858
1.44513 0.253179
1.45142 0.2515
1.4577 0.249821
1.46398 0.248142
1.47027 0.246463
1.47655 0.244784
1.48283 0.243105
1.48911 0.241426
1.4954 0.239747
1.50168 0.238068
1.50796 0.236389
1.51425 0.23471
1.52053 0.233032
1.52681 0.231353
1.5331 0.229674
1.53938 0.227995
1.54566 0.226316
1.55195 0.224637
1.55823 0.222958
1.56451 0.221279
1.5708 0.2196
1.57708 0.217921
1.58336 0.216242
1.58965 0.214563
1.59593 0.212884
1.60221 0.211205
1.6085 0.209526
1.61478 0.207847
1.62106 0.206169
1.62734 0.20449
1.63363 0.202811
1.63991 0.201132
1.64619 0.199453
1.65248 0.197774
1.65876 0.196095
1.66504 0.194416
1.67133 0.192737
1.67761 0.191058
1.68389 0.189379
1.69018 0.1877
1.69646 0.186021
1.70274 0.184342
1.70903 0.182663
1.71531 0.180984
1.72159 0.179306
1.72788 0.177627
1.73416 0.175948
1.74044 0.174269
1.74673 0.17259
1.75301 0.170911
1.75929 0.169232
1.76558 0.167553
1.77186 0.165874
1.77814 0.164195
1.78442 0.162516
1.79071 0.160837
1.79699 0.159158
1.80327 0.157479
1.80956 0.1558
1.81584 0.154121
1.82212 0.152443
1.82841 0.150764
1.83469 0.149085
1.84097 0.147406
1.84726 0.145727
1.85354 0.144048
1.85982 0.142369
1.86611 0.14069
1.87239 0.139011
1.87867 0.137332
1.88496 0.135653
1.89124 0.133974
1.89752 0.132295
1.90381 0.130616
1.91009 0.128937
1.91637 0.127259
1.92265 0.12558
1.92894 0.123901
1.93522 0.122222
1.9415 0.120543
1.94779 0.118864
1.95407 0.117185
1.96035 0.115506
1.96664 0.113827
1.97292 0.112148
1.9792 0.110469
1.98549 0.10879
1.99177 0.107111
1.99805 0.105432
2.00434 0.103753
2.01062 0.102074
2.0169 0.100396
2.02319 0.0987166
2.02947 0.0970376
2.03575 0.0953587
2.04204 0.0936798
2.04832 0.0920008
2.0546 0.0903219
2.06088 0.088643
2.06717 0.086964
2.07345 0.0852851
2.07973 0.0836062
2.08602 0.0819272
2.0923 0.0802483
2.09858 0.0785693
2.10487 0.0768904
2.11115 0.0752115
2.11743 0.0735325
2.12372 0.0718536
2.13 0.0701747
2.13628 0.0684957
2.14257 0.0668168
2.14885 0.0651378
2.15513 0.0634589
2.16142 0.06178
2.1677 0.060101
2.17398 0.0584221
2.18027 0.0567432
2.18655 0.0550642
2.19283 0.0533853
2.19911 0.0517064
2.2054 0.0500274
2.21168 0.0483485
2.21796 0.0466695
2.22425 0.0449906
2.23053 0.0433117
2.23681 0.0416327
2.2431 0.0399538
2.24938 0.0382749
2.25566 0.0365959
2.26195 0.034917
2.26823 0.033238
2.27451 0.0315591
2.2808 0.0298802
2.28708 0.0282012
2.29336 0.0265223
2.29965 0.0248434
2.30593 0.0231644
2.31221 0.0214855
2.3185 0.0198065
2.32478 0.0181276
2.33106 0.0164487
2.33734 0.0147697
2.34363 0.0130908
2.34991 0.0114119
2.35619 0.00973293
2.36248 0.00805399
2.36876 0.00637505
2.37504 0.00469612
2.38133 0.00301718
2.38761 0.00133824
2.39389 -0.000340693
2.40018 -0.00201963
2.40646 -0.00369857
2.41274 -0.0053775
2.41903 -0.00705644
2.42531 -0.00873538
2.43159 -0.0104143
2.43788 -0.0120933
2.44416 -0.0137722
2.45044 -0.0154511
2.45673 -0.0171301
2.46301 -0.018809
2.46929 -0.0204879
2.47558 -0.0221669
2.48186 -0.0238458
2.48814 -0.0255247
2.49442 -0.0272037
2.50071 -0.0288826
2.50699 -0.0305616
2.51327 -0.0322405
2.51956 -0.0339194
2.52584 -0.0355984
2.53212 -0.0372773
2.53841 -0.0389562
2.54469 -0.0406352
2.55097 -0.0423141
2.55726 -0.0439931
2.56354 -0.045672
2.56982 -0.0473509
2.57611 -0.0490299
2.58239 -0.0507088
2.58867 -0.0523877
2.59496 -0.0540667
2.60124 -0.0557456
2.60752 -0.0574245
2.61381 -0.0591035
2.62009 -0.0607824
2.62637 -0.0624614
2.63265 -0.0641403
2.63894 -0.0658192
2.64522 -0.0674982
2.6515 -0.0691771
2.65779 -0.070856
2.66407 -0.072535
2.67035 -0.0742139
2.67664 -0.0758929
2.68292 -0.0775718
2.6892 -0.0792507
2.69549 -0.0809297
2.70177 -0.0826086
2.70805 -0.0842875
2.71434 -0.0859665
2.72062 -0.0876454
2.7269 -0.0893243
2.73319 -0.0910033
2.73947 -0.0926822
2.74575 -0.0943612
2.75204 -0.0960401
2.75832 -0.097719
2.7646 -0.099398
2.77088 -0.101077
2.77717 -0.102756
2.78345 -0.104435
2.78973 -0.106114
2.79602 -0.107793
2.8023 -0.109472
2.80858 -0.111151
2.81487 -0.112829
2.82115 -0.114508
2.82743 -0.116187
2.83372 -0.117866
2.84 -0.119545
2.84628 -0.121224
2.85257 -0.122903
2.85885 -0.124582
2.86513 -0.126261
2.87142 -0.12794
2.8777 -0.129619
2.88398 -0.131298
2.89027 -0.132977
2.89655 -0.134656
2.90283 -0.136335
2.90911 -0.138014
2.9154 -0.139692
2.92168 -0.141371
2.92796 -0.14305
2.93425 -0.144729
2.94053 -0.146408
2.94681 -0.148087
2.9531 -0.149766
2.95938 -0.151445
2.96566 -0.153124
2.97195 -0.154803
2.97823 -0.156482
2.98451 -0.158161
2.9908 -0.15984
2.99708 -0.161519
3.00336 -0.163198
3.00965 -0.164877
3.01593 -0.166555
3.02221 -0.168234
3.0285 -0.169913
3.03478 -0.171592
3.04106 -0.173271
3.04734 -0.17495
3.05363 -0.176629
3.05991 -0.178308
3.06619 -0.179987
3.07248 -0.181666
3.07876 -0.183345
3.08504 -0.185024
3.09133 -0.186703
3.09761 -0.188382
3.10389 -0.190061
3.11018 -0.191739
3.11646 -0.193418
3.12274 -0.195097
3.12903 -0.196776
3.13531 -0.198455
3.14159 -0.200134
