-3.14159 1.4788
-3.13531 1.42394
-3.12903 1.36993
-3.12274 1.31675
-3.11646 1.2644
-3.11018 1.21287
-3.10389 1.16215
-3.09761 1.11224
-3.09133 1.06312
-3.08504 1.0148
-3.07876 0.967256
-3.07248 0.920487
-3.06619 0.874486
-3.05991 0.829244
-3.05363 0.784754
-3.04734 0.741008
-3.04106 0.697999
-3.03478 0.65572
-3.0285 0.614163
-3.02221 0.573321
-3.01593 0.533188
-3.00965 0.493755
-3.00336 0.455015
-2.99708 0.416963
-2.9908 0.379589
-2.98451 0.342889
-2.97823 0.306854
-2.97195 0.271478
-2.96566 0.236754
-2.95938 0.202675
-2.9531 0.169234
-2.94681 0.136425
-2.94053 0.104241
-2.93425 0.072676
-2.92796 0.0417224
-2.92168 0.0113742
-2.9154 -0.0183753
-2.90911 -0.0475323
-2.90283 -0.0761034
-2.89655 -0.104095
-2.89027 -0.131513
-2.88398 -0.158364
-2.8777 -0.184655
-2.87142 -0.21039
-2.86513 -0.235578
-2.85885 -0.260223
-2.85257 -0.284331
-2.84628 -0.30791
-2.84 -0.330964
-2.83372 -0.3535
-2.82743 -0.375523
-2.82115 -0.39704
-2.81487 -0.418056
-2.80858 -0.438577
-2.8023 -0.458609
-2.79602 -0.478158
-2.78973 -0.497228
-2.78345 -0.515826
-2.77717 -0.533958
-2.77088 -0.551628
-2.7646 -0.568843
-2.75832 -0.585608
-2.75204 -0.601928
-2.74575 -0.617808
-2.73947 -0.633255
-2.73319 -0.648273
-2.7269 -0.662867
-2.72062 -0.677043
-2.71434 -0.690806
-2.70805 -0.704162
-2.70177 -0.717114
-2.69549 -0.729669
-2.6892 -0.741831
-2.68292 -0.753606
-2.67664 -0.764998
-2.67035 -0.776012
-2.66407 -0.786654
-2.65779 -0.796927
-2.6515 -0.806838
-2.64522 -0.81639
-2.63894 -0.825588
-2.63265 -0.834438
-2.62637 -0.842943
-2.62009 -0.851109
-2.61381 -0.858939
-2.60752 -0.86644
-2.60124 -0.873614
-2.59496 -0.880467
-2.58867 -0.887003
-2.58239 -0.893227
-2.57611 -0.899143
-2.56982 -0.904755
-2.56354 -0.910068
-2.55726 -0.915085
-2.55097 -0.919812
-2.54469 -0.924252
-2.53841 -0.92841
-2.53212 -0.932289
-2.52584 -0.935894
-2.51956 -0.93923
-2.51327 -0.942299
-2.50699 -0.945107
-2.50071 -0.947656
-2.49442 -0.949952
-2.48814 -0.951997
-2.48186 -0.953796
-2.47558 -0.955353
-2.46929 -0.956672
-2.46301 -0.957756
-2.45673 -0.958609
-2.45044 -0.959234
-2.44416 -0.959637
-2.43788 -0.959819
-2.43159 -0.959786
-2.42531 -0.95954
-2.41903 -0.959085
-2.41274 -0.958424
-2.40646 -0.957562
-2.40018 -0.956502
-2.39389 -0.955246
-2.38761 -0.953799
-2.38133 -0.952164
-2.37504 -0.950344
-2.36876 -0.948343
-2.36248 -0.946164
-2.35619 -0.94381
-2.34991 -0.941284
-2.34363 -0.93859
-2.33734 -0.935731
-2.33106 -0.93271
-2.32478 -0.92953
-2.3185 -0.926195
-2.31221 -0.922707
-2.30593 -0.919069
-2.29965 -0.915285
-2.29336 -0.911357
-2.28708 -0.907288
-2.2808 -0.903082
-2.27451 -0.898742
-2.26823 -0.894269
-2.26195 -0.889667
-2.25566 -0.884939
-2.24938 -0.880088
-2.2431 -0.875116
-2.23681 -0.870027
-2.23053 -0.864822
-2.22425 -0.859505
-2.21796 -0.854078
-2.21168 -0.848544
-2.2054 -0.842905
-2.19911 -0.837165
-2.19283 -0.831325
-2.18655 -0.825388
-2.18027 -0.819357
-2.17398 -0.813235
-2.1677 -0.807023
-2.16142 -0.800724
-2.15513 -0.79434
-2.14885 -0.787875
-2.14257 -0.78133
-2.13628 -0.774707
-2.13 -0.768009
-2.12372 -0.761239
-2.11743 -0.754398
-2.11115 -0.747489
-2.10487 -0.740513
-2.09858 -0.733474
-2.0923 -0.726373
-2.08602 -0.719213
-2.07973 -0.711995
-2.07345 -0.704722
-2.06717 -0.697396
-2.06088 -0.690018
-2.0546 -0.682591
-2.04832 -0.675117
-2.04204 -0.667598
-2.03575 -0.660036
-2.02947 -0.652432
-2.02319 -0.64479
-2.0169 -0.637109
-2.01062 -0.629393
-2.00434 -0.621644
-1.99805 -0.613862
-1.99177 -0.606051
-1.98549 -0.598211
-1.9792 -0.590344
-1.97292 -0.582453
-1.96664 -0.574539
-1.96035 -0.566603
-1.95407 -0.558648
-1.94779 -0.550674
-1.9415 -0.542685
-1.93522 -0.53468
-1.92894 -0.526662
-1.92265 -0.518633
-1.91637 -0.510594
-1.91009 -0.502546
-1.90381 -0.494491
-1.89752 -0.486431
-1.89124 -0.478367
-1.88496 -0.4703
-1.87867 -0.462232
-1.87239 -0.454165
-1.86611 -0.446099
-1.85982 -0.438036
-1.85354 -0.429978
-1.84726 -0.421926
-1.84097 -0.41388
-1.83469 -0.405844
-1.82841 -0.397816
-1.82212 -0.3898
-1.81584 -0.381797
-1.80956 -0.373806
-1.80327 -0.36583
-1.79699 -0.357871
-1.79071 -0.349928
-1.78442 -0.342003
-1.77814 -0.334098
-1.77186 -0.326214
-1.76558 -0.318351
-1.75929 -0.310511
-1.75301 -0.302694
-1.74673 -0.294902
-1.74044 -0.287137
-1.73416 -0.279398
-1.72788 -0.271687
-1.72159 -0.264005
-1.71531 -0.256352
-1.70903 -0.248731
-1.70274 -0.241141
-1.69646 -0.233584
-1.69018 -0.226061
-1.68389 -0.218572
-1.67761 -0.211119
-1.67133 -0.203702
-1.66504 -0.196322
-1.65876 -0.188979
-1.65248 -0.181676
-1.64619 -0.174412
-1.63991 -0.167188
-1.63363 -0.160005
-1.62734 -0.152865
-1.62106 -0.145766
-1.61478 -0.138712
-1.6085 -0.131701
-1.60221 -0.124734
-1.59593 -0.117814
-1.58965 -0.110939
-1.58336 -0.104111
-1.57708 -0.0973301
-1.5708 -0.0905973
-1.56451 -0.0839131
-1.55823 -0.0772781
-1.55195 -0.0706928
-1.54566 -0.0641579
-1.53938 -0.0576738
-1.5331 -0.0512412
-1.52681 -0.0448605
-1.52053 -0.0385323
-1.51425 -0.032257
-1.50796 -0.0260352
-1.50168 -0.0198674
-1.4954 -0.0137539
-1.48911 -0.00769534
-1.48283 -0.00169204
-1.47655 0.00425555
-1.47027 0.010147
-1.46398 0.0159819
-1.4577 0.0217599
-1.45142 0.0274806
-1.44513 0.0331436
-1.43885 0.0387486
-1.43257 0.0442952
-1.42628 0.0497831
-1.42 0.055212
-1.41372 0.0605816
-1.40743 0.0658916
-1.40115 0.0711416
-1.39487 0.0763315
-1.38858 0.081461
-1.3823 0.0865297
-1.37602 0.0915376
-1.36973 0.0964842
-1.36345 0.10137
-1.35717 0.106193
-1.35088 0.110955
-1.3446 0.115655
-1.33832 0.120293
-1.33204 0.124868
-1.32575 0.129381
-1.31947 0.133832
-1.31319 0.138219
-1.3069 0.142544
-1.30062 0.146806
-1.29434 0.151005
-1.28805 0.15514
-1.28177 0.159212
-1.27549 0.163221
-1.2692 0.167166
-1.26292 0.171048
-1.25664 0.174866
-1.25035 0.178621
-1.24407 0.182312
-1.23779 0.18594
-1.2315 0.189504
-1.22522 0.193004
-1.21894 0.19644
-1.21265 0.199813
-1.20637 0.203122
-1.20009 0.206368
-1.19381 0.20955
-1.18752 0.212668
-1.18124 0.215723
-1.17496 0.218715
-1.16867 0.221643
-1.16239 0.224508
-1.15611 0.22731
-1.14982 0.230048
-1.14354 0.232724
-1.13726 0.235337
-1.13097 0.237887
-1.12469 0.240374
-1.11841 0.242799
-1.11212 0.245162
-1.10584 0.247462
-1.09956 0.2497
-1.09327 0.251876
-1.08699 0.253991
-1.08071 0.256043
-1.07442 0.258035
-1.06814 0.259965
-1.06186 0.261834
-1.05558 0.263642
-1.04929 0.26539
-1.04301 0.267077
-1.03673 0.268704
-1.03044 0.270271
-1.02416 0.271778
-1.01788 0.273226
-1.01159 0.274614
-1.00531 0.275944
-0.999026 0.277214
-0.992743 0.278426
-0.98646 0.27958
-0.980177 0.280675
-0.973894 0.281713
-0.967611 0.282694
-0.961327 0.283617
-0.955044 0.284483
-0.948761 0.285293
-0.942478 0.286047
-0.936195 0.286744
-0.929911 0.287386
-0.923628 0.287973
-0.917345 0.288504
-0.911062 0.288981
-0.904779 0.289404
-0.898495 0.289772
-0.892212 0.290086
-0.885929 0.290348
-0.879646 0.290556
-0.873363 0.290712
-0.86708 0.290815
-0.860796 0.290866
-0.854513 0.290866
-0.84823 0.290814
-0.841947 0.290712
-0.835664 0.290559
-0.82938 0.290356
-0.823097 0.290103
-0.816814 0.289801
-0.810531 0.28945
-0.804248 0.289051
-0.797965 0.288603
-0.791681 0.288108
-0.785398 0.287565
-0.779115 0.286975
-0.772832 0.286339
-0.766549 0.285656
-0.760265 0.284928
-0.753982 0.284155
-0.747699 0.283337
-0.741416 0.282474
-0.735133 0.281567
-0.728849 0.280617
-0.722566 0.279624
-0.716283 0.278588
-0.71 0.277509
-0.703717 0.276389
-0.697434 0.275227
-0.69115 0.274025
-0.684867 0.272782
-0.678584 0.271499
-0.672301 0.270176
-0.666018 0.268814
-0.659734 0.267414
-0.653451 0.265975
-0.647168 0.264498
-0.640885 0.262985
-0.634602 0.261434
-0.628319 0.259847
-0.622035 0.258224
-0.615752 0.256565
-0.609469 0.254872
-0.603186 0.253144
-0.596903 0.251382
-0.590619 0.249587
-0.584336 0.247758
-0.578053 0.245897
-0.57177 0.244004
-0.565487 0.242079
-0.559203 0.240123
-0.55292 0.238136
-0.546637 0.236119
-0.540354 0.234073
-0.534071 0.231997
-0.527788 0.229892
-0.521504 0.22776
-0.515221 0.225599
-0.508938 0.223411
-0.502655 0.221196
-0.496372 0.218955
-0.490088 0.216688
-0.483805 0.214396
-0.477522 0.212079
-0.471239 0.209738
-0.464956 0.207373
-0.458673 0.204984
-0.452389 0.202573
-0.446106 0.200139
-0.439823 0.197683
-0.43354 0.195206
-0.427257 0.192708
-0.420973 0.190189
-0.41469 0.187651
-0.408407 0.185093
-0.402124 0.182516
-0.395841 0.179921
-0.389557 0.177308
-0.383274 0.174677
-0.376991 0.172029
-0.370708 0.169365
-0.364425 0.166685
-0.358142 0.163989
-0.351858 0.161279
-0.345575 0.158553
-0.339292 0.155814
-0.333009 0.153061
-0.326726 0.150295
-0.320442 0.147516
-0.314159 0.144725
-0.307876 0.141923
-0.301593 0.139109
-0.29531 0.136285
-0.289027 0.13345
-0.282743 0.130606
-0.27646 0.127752
-0.270177 0.12489
-0.263894 0.12202
-0.257611 0.119141
-0.251327 0.116255
-0.245044 0.113363
-0.238761 0.110464
-0.232478 0.107558
-0.226195 0.104648
-0.219911 0.101732
-0.213628 0.0988121
-0.207345 0.0958879
-0.201062 0.09296
-0.194779 0.0900289
-0.188496 0.0870952
-0.182212 0.0841591
-0.175929 0.0812212
-0.169646 0.078282
-0.163363 0.0753418
-0.15708 0.0724012
-0.150796 0.0694605
-0.144513 0.0665203
-0.13823 0.063581
-0.131947 0.0606429
-0.125664 0.0577066
-0.119381 0.0547724
-0.113097 0.0518409
-0.106814 0.0489124
-0.100531 0.0459874
-0.0942478 0.0430662
-0.0879646 0.0401494
-0.0816814 0.0372374
-0.0753982 0.0343305
-0.069115 0.0314292
-0.0628319 0.0285338
-0.0565487 0.0256449
-0.0502655 0.0227628
-0.0439823 0.019888
-0.0376991 0.0170207
-0.0314159 0.0141615
-0.0251327 0.0113108
-0.0188496 0.00846885
-0.0125664 0.00563615
-0.00628319 0.00281307
0 8.88178e-16
0.00628319 -0.00280267
0.0125664 -0.00559456
0.0188496 -0.00837529
0.0251327 -0.0111445
0.0314159 -0.0139017
0.0376991 -0.0166467
0.0439823 -0.019379
0.0502655 -0.0220983
0.0565487 -0.0248042
0.0628319 -0.0274964
0.069115 -0.0301744
0.0753982 -0.032838
0.0816814 -0.0354867
0.0879646 -0.0381203
0.0942478 -0.0407384
0.100531 -0.0433406
0.106814 -0.0459267
0.113097 -0.0484962
0.119381 -0.0510488
0.125664 -0.0535843
0.131947 -0.0561022
0.13823 -0.0586023
0.144513 -0.0610842
0.150796 -0.0635476
0.15708 -0.0659923
0.163363 -0.0684178
0.169646 -0.0708239
0.175929 -0.0732103
0.182212 -0.0755767
0.188496 -0.0779228
0.194779 -0.0802483
0.201062 -0.0825529
0.207345 -0.0848363
0.213628 -0.0870983
0.219911 -0.0893385
0.226195 -0.0915567
0.232478 -0.0937526
0.238761 -0.095926
0.245044 -0.0980765
0.251327 -0.100204
0.257611 -0.102308
0.263894 -0.104389
0.270177 -0.106445
0.27646 -0.108478
0.282743 -0.110486
0.289027 -0.11247
0.29531 -0.114429
0.301593 -0.116363
0.307876 -0.118271
0.314159 -0.120154
0.320442 -0.122012
0.326726 -0.123843
0.333009 -0.125649
0.339292 -0.127428
0.345575 -0.12918
0.351858 -0.130906
0.358142 -0.132604
0.364425 -0.134276
0.370708 -0.13592
0.376991 -0.137537
0.383274 -0.139126
0.389557 -0.140687
0.395841 -0.142221
0.402124 -0.143726
0.408407 -0.145202
0.41469 -0.14665
0.420973 -0.148069
0.427257 -0.14946
0.43354 -0.150821
0.439823 -0.152154
0.446106 -0.153457
0.452389 -0.15473
0.458673 -0.155974
0.464956 -0.157189
0.471239 -0.158373
0.477522 -0.159528
0.483805 -0.160652
0.490088 -0.161747
0.496372 -0.162811
0.502655 -0.163845
0.508938 -0.164848
0.515221 -0.165821
0.521504 -0.166763
0.527788 -0.167674
0.534071 -0.168554
0.540354 -0.169404
0.546637 -0.170222
0.55292 -0.17101
0.559203 -0.171766
0.565487 -0.172491
0.57177 -0.173185
0.578053 -0.173847
0.584336 -0.174478
0.590619 -0.175078
0.596903 -0.175646
0.603186 -0.176183
0.609469 -0.176688
0.615752 -0.177162
0.622035 -0.177604
0.628319 -0.178014
0.634602 -0.178393
0.640885 -0.17874
0.647168 -0.179056
0.653451 -0.17934
0.659734 -0.179592
0.666018 -0.179812
0.672301 -0.180001
0.678584 -0.180158
0.684867 -0.180284
0.69115 -0.180378
0.697434 -0.18044
0.703717 -0.180471
0.71 -0.18047
0.716283 -0.180438
0.722566 -0.180374
0.728849 -0.180279
0.735133 -0.180152
0.741416 -0.179994
0.747699 -0.179805
0.753982 -0.179585
0.760265 -0.179333
0.766549 -0.179051
0.772832 -0.178737
0.779115 -0.178393
0.785398 -0.178017
0.791681 -0.177611
0.797965 -0.177174
0.804248 -0.176707
0.810531 -0.176209
0.816814 -0.175681
0.823097 -0.175122
0.82938 -0.174534
0.835664 -0.173915
0.841947 -0.173266
0.84823 -0.172587
0.854513 -0.171879
0.860796 -0.171141
0.86708 -0.170374
0.873363 -0.169577
0.879646 -0.168751
0.885929 -0.167896
0.892212 -0.167013
0.898495 -0.1661
0.904779 -0.165159
0.911062 -0.164189
0.917345 -0.163191
0.923628 -0.162165
0.929911 -0.161111
0.936195 -0.16003
0.942478 -0.15892
0.948761 -0.157784
0.955044 -0.15662
0.961327 -0.155429
0.967611 -0.154211
0.973894 -0.152967
0.980177 -0.151696
0.98646 -0.150398
0.992743 -0.149075
0.999026 -0.147726
1.00531 -0.146351
1.01159 -0.144951
1.01788 -0.143526
1.02416 -0.142076
1.03044 -0.140601
1.03673 -0.139101
1.04301 -0.137577
1.04929 -0.136029
1.05558 -0.134458
1.06186 -0.132862
1.06814 -0.131244
1.07442 -0.129602
1.08071 -0.127938
1.08699 -0.126251
1.09327 -0.124541
1.09956 -0.12281
1.10584 -0.121057
1.11212 -0.119282
1.11841 -0.117486
1.12469 -0.115669
1.13097 -0.113832
1.13726 -0.111974
1.14354 -0.110096
1.14982 -0.108198
1.15611 -0.106281
1.16239 -0.104344
1.16867 -0.102389
1.17496 -0.100415
1.18124 -0.0984222
1.18752 -0.0964117
1.19381 -0.0943835
1.20009 -0.0923378
1.20637 -0.0902751
1.21265 -0.0881956
1.21894 -0.0860996
1.22522 -0.0839875
1.2315 -0.0818595
1.23779 -0.0797161
1.24407 -0.0775575
1.25035 -0.0753841
1.25664 -0.0731962
1.26292 -0.0709942
1.2692 -0.0687783
1.27549 -0.066549
1.28177 -0.0643065
1.28805 -0.0620513
1.29434 -0.0597837
1.30062 -0.0575039
1.3069 -0.0552125
1.31319 -0.0529096
1.31947 -0.0505958
1.32575 -0.0482713
1.33204 -0.0459366
1.33832 -0.0435919
1.3446 -0.0412377
1.35088 -0.0388743
1.35717 -0.0365021
1.36345 -0.0341215
1.36973 -0.0317328
1.37602 -0.0293364
1.3823 -0.0269327
1.38858 -0.0245221
1.39487 -0.0221049
1.40115 -0.0196816
1.40743 -0.0172525
1.41372 -0.0148181
1.42 -0.0123786
1.42628 -0.00993458
1.43257 -0.00748632
1.43885 -0.00503424
1.44513 -0.00257875
1.45142 -0.000120233
1.4577 0.00234091
1.46398 0.00480427
1.47027 0.00726945
1.47655 0.00973606
1.48283 0.0122037
1.48911 0.0146719
1.4954 0.0171403
1.50168 0.0196086
1.50796 0.0220762
1.51425 0.0245428
1.52053 0.027008
1.52681 0.0294713
1.5331 0.0319324
1.53938 0.0343908
1.54566 0.0368461
1.55195 0.039298
1.55823 0.0417459
1.56451 0.0441895
1.5708 0.0466283
1.57708 0.049062
1.58336 0.0514901
1.58965 0.0539123
1.59593 0.056328
1.60221 0.0587369
1.6085 0.0611385
1.61478 0.0635324
1.62106 0.0659183
1.62734 0.0682956
1.63363 0.070664
1.63991 0.0730231
1.64619 0.0753724
1.65248 0.0777115
1.65876 0.0800399
1.66504 0.0823574
1.67133 0.0846634
1.67761 0.0869575
1.68389 0.0892393
1.69018 0.0915084
1.69646 0.0937644
1.70274 0.0960068
1.70903 0.0982352
1.71531 0.100449
1.72159 0.102649
1.72788 0.104833
1.73416 0.107001
1.74044 0.109153
1.74673 0.111289
1.75301 0.113408
1.75929 0.11551
1.76558 0.117594
1.77186 0.11966
1.77814 0.121707
1.78442 0.123736
1.79071 0.125745
1.79699 0.127734
1.80327 0.129703
1.80956 0.131652
1.81584 0.133579
1.82212 0.135486
1.82841 0.13737
1.83469 0.139233
1.84097 0.141072
1.84726 0.142889
1.85354 0.144683
1.85982 0.146453
1.86611 0.148198
1.87239 0.14992
1.87867 0.151616
1.88496 0.153287
1.89124 0.154932
1.89752 0.156552
1.90381 0.158145
1.91009 0.159711
1.91637 0.16125
1.92265 0.162761
1.92894 0.164245
1.93522 0.1657
1.9415 0.167127
1.94779 0.168524
1.95407 0.169893
1.96035 0.171231
1.96664 0.17254
1.97292 0.173818
1.9792 0.175066
1.98549 0.176282
1.99177 0.177467
1.99805 0.17862
2.00434 0.179741
2.01062 0.18083
2.0169 0.181886
2.02319 0.182909
2.02947 0.183899
2.03575 0.184854
2.04204 0.185776
2.04832 0.186664
2.0546 0.187517
2.06088 0.188335
2.06717 0.189118
2.07345 0.189865
2.07973 0.190576
2.08602 0.191252
2.0923 0.191891
2.09858 0.192493
2.10487 0.193059
2.11115 0.193587
2.11743 0.194078
2.12372 0.194531
2.13 0.194946
2.13628 0.195323
2.14257 0.195662
2.14885 0.195962
2.15513 0.196223
2.16142 0.196445
2.1677 0.196627
2.17398 0.19677
2.18027 0.196874
2.18655 0.196937
2.19283 0.19696
2.19911 0.196942
2.2054 0.196884
2.21168 0.196785
2.21796 0.196645
2.22425 0.196465
2.23053 0.196242
2.23681 0.195979
2.2431 0.195673
2.24938 0.195326
2.25566 0.194937
2.26195 0.194506
2.26823 0.194033
2.27451 0.193517
2.2808 0.192959
2.28708 0.192359
2.29336 0.191716
2.29965 0.19103
2.30593 0.190301
2.31221 0.189529
2.3185 0.188714
2.32478 0.187856
2.33106 0.186956
2.33734 0.186011
2.34363 0.185024
2.34991 0.183993
2.35619 0.182919
2.36248 0.181802
2.36876 0.180641
2.37504 0.179437
2.38133 0.178189
2.38761 0.176898
2.39389 0.175564
2.40018 0.174186
2.40646 0.172765
2.41274 0.171301
2.41903 0.169793
2.42531 0.168243
2.43159 0.166649
2.43788 0.165012
2.44416 0.163332
2.45044 0.161609
2.45673 0.159843
2.46301 0.158035
2.46929 0.156184
2.47558 0.15429
2.48186 0.152354
2.48814 0.150376
2.49442 0.148356
2.50071 0.146294
2.50699 0.144191
2.51327 0.142046
2.51956 0.139859
2.52584 0.137631
2.53212 0.135363
2.53841 0.133053
2.54469 0.130703
2.55097 0.128313
2.55726 0.125883
2.56354 0.123413
2.56982 0.120904
2.57611 0.118355
2.58239 0.115768
2.58867 0.113142
2.59496 0.110477
2.60124 0.107775
2.60752 0.105035
2.61381 0.102258
2.62009 0.0994434
2.62637 0.0965926
2.63265 0.0937056
2.63894 0.0907828
2.64522 0.0878246
2.6515 0.0848315
2.65779 0.0818038
2.66407 0.078742
2.67035 0.0756465
2.67664 0.0725178
2.68292 0.0693563
2.6892 0.0661627
2.69549 0.0629373
2.70177 0.0596806
2.70805 0.0563933
2.71434 0.0530757
2.72062 0.0497286
2.7269 0.0463524
2.73319 0.0429477
2.73947 0.0395151
2.74575 0.0360552
2.75204 0.0325686
2.75832 0.029056
2.7646 0.025518
2.77088 0.0219552
2.77717 0.0183684
2.78345 0.0147581
2.78973 0.0111251
2.79602 0.00747017
2.8023 0.00379394
2.80858 9.71833e-05
2.81487 -0.00361935
2.82115 -0.0073549
2.82743 -0.0111087
2.83372 -0.0148799
2.84 -0.0186677
2.84628 -0.0224713
2.85257 -0.0262898
2.85885 -0.0301225
2.86513 -0.0339683
2.87142 -0.0378265
2.8777 -0.0416961
2.88398 -0.0455762
2.89027 -0.0494659
2.89655 -0.0533642
2.90283 -0.0572702
2.90911 -0.0611829
2.9154 -0.0651012
2.92168 -0.0690242
2.92796 -0.0729509
2.93425 -0.0768801
2.94053 -0.0808109
2.94681 -0.0847421
2.9531 -0.0886726
2.95938 -0.0926014
2.96566 -0.0965273
2.97195 -0.100449
2.97823 -0.104366
2.98451 -0.108276
2.9908 -0.112179
2.99708 -0.116073
3.00336 -0.119957
3.00965 -0.123829
3.01593 -0.127689
3.02221 -0.131535
3.0285 -0.135366
3.03478 -0.139181
3.04106 -0.142978
3.04734 -0.146755
3.05363 -0.150512
3.05991 -0.154247
3.06619 -0.157959
3.07248 -0.161646
3.07876 -0.165306
3.08504 -0.168939
3.09133 -0.172543
3.09761 -0.176116
3.10389 -0.179656
3.11018 -0.183163
3.11646 -0.186635
3.12274 -0.190069
3.12903 -0.193465
3.13531 -0.19682
3.14159 -0.200134
