-3.14159 1.4788
-3.13531 1.48882
-3.12903 1.49873
-3.12274 1.50852
-3.11646 1.51821
-3.11018 1.52779
-3.10389 1.53727
-3.09761 1.54663
-3.09133 1.55589
-3.08504 1.56505
-3.07876 1.5741
-3.07248 1.58304
-3.06619 1.59188
-3.05991 1.60061
-3.05363 1.60924
-3.04734 1.61776
-3.04106 1.62618
-3.03478 1.6345
-3.0285 1.64272
-3.02221 1.65083
-3.01593 1.65885
-3.00965 1.66676
-3.00336 1.67457
-2.99708 1.68228
-2.9908 1.68989
-2.98451 1.6974
-2.97823 1.70481
-2.97195 1.71212
-2.96566 1.71934
-2.95938 1.72645
-2.9531 1.73347
-2.94681 1.74039
-2.94053 1.74722
-2.93425 1.75395
-2.92796 1.76058
-2.92168 1.76712
-2.9154 1.77356
-2.90911 1.77991
-2.90283 1.78617
-2.89655 1.79233
-2.89027 1.79839
-2.88398 1.80437
-2.8777 1.81025
-2.87142 1.81604
-2.86513 1.82173
-2.85885 1.82734
-2.85257 1.83286
-2.84628 1.83828
-2.84 1.84361
-2.83372 1.84886
-2.82743 1.85401
-2.82115 1.85908
-2.81487 1.86406
-2.80858 1.86895
-2.8023 1.87375
-2.79602 1.87846
-2.78973 1.88309
-2.78345 1.88763
-2.77717 1.89209
-2.77088 1.89646
-2.7646 1.90074
-2.75832 1.90494
-2.75204 1.90905
-2.74575 1.91308
-2.73947 1.91703
-2.73319 1.92089
-2.7269 1.92467
-2.72062 1.92837
-2.71434 1.93198
-2.70805 1.93551
-2.70177 1.93896
-2.69549 1.94233
-2.6892 1.94562
-2.68292 1.94883
-2.67664 1.95196
-2.67035 1.95501
-2.66407 1.95798
-2.65779 1.96087
-2.6515 1.96368
-2.64522 1.96641
-2.63894 1.96907
-2.63265 1.97165
-2.62637 1.97415
-2.62009 1.97658
-2.61381 1.97893
-2.60752 1.9812
-2.60124 1.9834
-2.59496 1.98552
-2.58867 1.98757
-2.58239 1.98954
-2.57611 1.99144
-2.56982 1.99327
-2.56354 1.99502
-2.55726 1.9967
-2.55097 1.99831
-2.54469 1.99985
-2.53841 2.00131
-2.53212 2.0027
-2.52584 2.00402
-2.51956 2.00527
-2.51327 2.00645
-2.50699 2.00756
-2.50071 2.00861
-2.49442 2.00958
-2.48814 2.01048
-2.48186 2.01131
-2.47558 2.01208
-2.46929 2.01278
-2.46301 2.01341
-2.45673 2.01397
-2.45044 2.01447
-2.44416 2.0149
-2.43788 2.01527
-2.43159 2.01557
-2.42531 2.0158
-2.41903 2.01597
-2.41274 2.01607
-2.40646 2.01611
-2.40018 2.01609
-2.39389 2.016
-2.38761 2.01585
-2.38133 2.01564
-2.37504 2.01536
-2.36876 2.01503
-2.36248 2.01463
-2.35619 2.01417
-2.34991 2.01364
-2.34363 2.01306
-2.33734 2.01242
-2.33106 2.01172
-2.32478 2.01095
-2.3185 2.01013
-2.31221 2.00925
-2.30593 2.00831
-2.29965 2.00731
-2.29336 2.00626
-2.28708 2.00514
-2.2808 2.00397
-2.27451 2.00274
-2.26823 2.00146
-2.26195 2.00012
-2.25566 1.99872
-2.24938 1.99727
-2.2431 1.99576
-2.23681 1.9942
-2.23053 1.99258
-2.22425 1.99091
-2.21796 1.98918
-2.21168 1.9874
-2.2054 1.98557
-2.19911 1.98368
-2.19283 1.98174
-2.18655 1.97975
-2.18027 1.97771
-2.17398 1.97562
-2.1677 1.97347
-2.16142 1.97127
-2.15513 1.96902
-2.14885 1.96673
-2.14257 1.96438
-2.13628 1.96198
-2.13 1.95953
-2.12372 1.95704
-2.11743 1.95449
-2.11115 1.9519
-2.10487 1.94926
-2.09858 1.94657
-2.0923 1.94383
-2.08602 1.94105
-2.07973 1.93822
-2.07345 1.93534
-2.06717 1.93242
-2.06088 1.92945
-2.0546 1.92643
-2.04832 1.92337
-2.04204 1.92026
-2.03575 1.91711
-2.02947 1.91392
-2.02319 1.91068
-2.0169 1.9074
-2.01062 1.90407
-2.00434 1.90071
-1.99805 1.89729
-1.99177 1.89384
-1.98549 1.89034
-1.9792 1.8868
-1.97292 1.88323
-1.96664 1.8796
-1.96035 1.87594
-1.95407 1.87224
-1.94779 1.8685
-1.9415 1.86471
-1.93522 1.86089
-1.92894 1.85703
-1.92265 1.85313
-1.91637 1.84919
-1.91009 1.84521
-1.90381 1.84119
-1.89752 1.83713
-1.89124 1.83304
-1.88496 1.82891
-1.87867 1.82474
-1.87239 1.82054
-1.86611 1.8163
-1.85982 1.81202
-1.85354 1.80771
-1.84726 1.80336
-1.84097 1.79897
-1.83469 1.79455
-1.82841 1.7901
-1.82212 1.78561
-1.81584 1.78109
-1.80956 1.77653
-1.80327 1.77194
-1.79699 1.76732
-1.79071 1.76266
-1.78442 1.75797
-1.77814 1.75325
-1.77186 1.7485
-1.76558 1.74371
-1.75929 1.73889
-1.75301 1.73404
-1.74673 1.72916
-1.74044 1.72425
-1.73416 1.71931
-1.72788 1.71434
-1.72159 1.70934
-1.71531 1.7043
-1.70903 1.69924
-1.70274 1.69415
-1.69646 1.68903
-1.69018 1.68389
-1.68389 1.67871
-1.67761 1.67351
-1.67133 1.66827
-1.66504 1.66301
-1.65876 1.65773
-1.65248 1.65241
-1.64619 1.64707
-1.63991 1.64171
-1.63363 1.63631
-1.62734 1.63089
-1.62106 1.62545
-1.61478 1.61998
-1.6085 1.61448
-1.60221 1.60896
-1.59593 1.60342
-1.58965 1.59785
-1.58336 1.59226
-1.57708 1.58664
-1.5708 1.581
-1.56451 1.57533
-1.55823 1.56965
-1.55195 1.56394
-1.54566 1.55821
-1.53938 1.55245
-1.5331 1.54667
-1.52681 1.54088
-1.52053 1.53506
-1.51425 1.52922
-1.50796 1.52335
-1.50168 1.51747
-1.4954 1.51157
-1.48911 1.50564
-1.48283 1.4997
-1.47655 1.49374
-1.47027 1.48775
-1.46398 1.48175
-1.4577 1.47573
-1.45142 1.46969
-1.44513 1.46363
-1.43885 1.45756
-1.43257 1.45146
-1.42628 1.44535
-1.42 1.43922
-1.41372 1.43307
-1.40743 1.42691
-1.40115 1.42073
-1.39487 1.41453
-1.38858 1.40831
-1.3823 1.40208
-1.37602 1.39584
-1.36973 1.38958
-1.36345 1.3833
-1.35717 1.37701
-1.35088 1.3707
-1.3446 1.36438
-1.33832 1.35804
-1.33204 1.35169
-1.32575 1.34533
-1.31947 1.33895
-1.31319 1.33256
-1.3069 1.32615
-1.30062 1.31973
-1.29434 1.3133
-1.28805 1.30686
-1.28177 1.3004
-1.27549 1.29394
-1.2692 1.28746
-1.26292 1.28096
-1.25664 1.27446
-1.25035 1.26795
-1.24407 1.26142
-1.23779 1.25488
-1.2315 1.24834
-1.22522 1.24178
-1.21894 1.23521
-1.21265 1.22864
-1.20637 1.22205
-1.20009 1.21545
-1.19381 1.20885
-1.18752 1.20223
-1.18124 1.19561
-1.17496 1.18898
-1.16867 1.18234
-1.16239 1.17569
-1.15611 1.16903
-1.14982 1.16237
-1.14354 1.1557
-1.13726 1.14902
-1.13097 1.14233
-1.12469 1.13564
-1.11841 1.12894
-1.11212 1.12223
-1.10584 1.11552
-1.09956 1.1088
-1.09327 1.10208
-1.08699 1.09535
-1.08071 1.08861
-1.07442 1.08187
-1.06814 1.07512
-1.06186 1.06837
-1.05558 1.06162
-1.04929 1.05486
-1.04301 1.04809
-1.03673 1.04133
-1.03044 1.03455
-1.02416 1.02778
-1.01788 1.021
-1.01159 1.01422
-1.00531 1.00743
-0.999026 1.00064
-0.992743 0.993854
-0.98646 0.987061
-0.980177 0.980265
-0.973894 0.973468
-0.967611 0.966668
-0.961327 0.959867
-0.955044 0.953065
-0.948761 0.946261
-0.942478 0.939456
-0.936195 0.93265
-0.929911 0.925844
-0.923628 0.919036
-0.917345 0.912229
-0.911062 0.905421
-0.904779 0.898614
-0.898495 0.891806
-0.892212 0.884999
-0.885929 0.878193
-0.879646 0.871387
-0.873363 0.864582
-0.86708 0.857779
-0.860796 0.850976
-0.854513 0.844175
-0.84823 0.837376
-0.841947 0.830579
-0.835664 0.823783
-0.82938 0.81699
-0.823097 0.810199
-0.816814 0.803411
-0.810531 0.796626
-0.804248 0.789843
-0.797965 0.783064
-0.791681 0.776287
-0.785398 0.769514
-0.779115 0.762745
-0.772832 0.75598
-0.766549 0.749218
-0.760265 0.742461
-0.753982 0.735707
-0.747699 0.728959
-0.741416 0.722215
-0.735133 0.715475
-0.728849 0.708741
-0.722566 0.702012
-0.716283 0.695287
-0.71 0.688569
-0.703717 0.681856
-0.697434 0.675149
-0.69115 0.668447
-0.684867 0.661752
-0.678584 0.655063
-0.672301 0.648381
-0.666018 0.641705
-0.659734 0.635035
-0.653451 0.628373
-0.647168 0.621718
-0.640885 0.61507
-0.634602 0.608429
-0.628319 0.601796
-0.622035 0.59517
-0.615752 0.588552
-0.609469 0.581942
-0.603186 0.575341
-0.596903 0.568747
-0.590619 0.562162
-0.584336 0.555586
-0.578053 0.549018
-0.57177 0.54246
-0.565487 0.53591
-0.559203 0.529369
-0.55292 0.522838
-0.546637 0.516316
-0.540354 0.509804
-0.534071 0.503302
-0.527788 0.496809
-0.521504 0.490327
-0.515221 0.483855
-0.508938 0.477393
-0.502655 0.470941
-0.496372 0.4645
-0.490088 0.45807
-0.483805 0.451651
-0.477522 0.445243
-0.471239 0.438846
-0.464956 0.43246
-0.458673 0.426086
-0.452389 0.419723
-0.446106 0.413372
-0.439823 0.407033
-0.43354 0.400706
-0.427257 0.394391
-0.420973 0.388088
-0.41469 0.381798
-0.408407 0.37552
-0.402124 0.369255
-0.395841 0.363002
-0.389557 0.356763
-0.383274 0.350536
-0.376991 0.344323
-0.370708 0.338123
-0.364425 0.331936
-0.358142 0.325763
-0.351858 0.319603
-0.345575 0.313458
-0.339292 0.307326
-0.333009 0.301208
-0.326726 0.295104
-0.320442 0.289015
-0.314159 0.28294
-0.307876 0.27688
-0.301593 0.270834
-0.29531 0.264803
-0.289027 0.258787
-0.282743 0.252785
-0.27646 0.246799
-0.270177 0.240828
-0.263894 0.234873
-0.257611 0.228932
-0.251327 0.223008
-0.245044 0.217099
-0.238761 0.211206
-0.232478 0.205329
-0.226195 0.199467
-0.219911 0.193622
-0.213628 0.187793
-0.207345 0.181981
-0.201062 0.176185
-0.194779 0.170405
-0.188496 0.164642
-0.182212 0.158896
-0.175929 0.153167
-0.169646 0.147454
-0.163363 0.141759
-0.15708 0.136081
-0.150796 0.13042
-0.144513 0.124777
-0.13823 0.119151
-0.131947 0.113543
-0.125664 0.107952
-0.119381 0.102379
-0.113097 0.0968243
-0.106814 0.0912873
-0.100531 0.0857683
-0.0942478 0.0802676
-0.0879646 0.0747851
-0.0816814 0.0693209
-0.0753982 0.0638753
-0.069115 0.0584481
-0.0628319 0.0530397
-0.0565487 0.0476499
-0.0502655 0.042279
-0.0439823 0.036927
-0.0376991 0.031594
-0.0314159 0.0262801
-0.0251327 0.0209853
-0.0188496 0.0157099
-0.0125664 0.0104538
-0.00628319 0.00521712
0 -2.22045e-16
0.00628319 -0.00519751
0.0125664 -0.0103753
0.0188496 -0.0155333
0.0251327 -0.0206715
0.0314159 -0.0257897
0.0376991 -0.0308879
0.0439823 -0.035966
0.0502655 -0.0410238
0.0565487 -0.0460615
0.0628319 -0.0510787
0.069115 -0.0560755
0.0753982 -0.0610519
0.0816814 -0.0660076
0.0879646 -0.0709427
0.0942478 -0.0758571
0.100531 -0.0807506
0.106814 -0.0856233
0.113097 -0.090475
0.119381 -0.0953057
0.125664 -0.100115
0.131947 -0.104904
0.13823 -0.109671
0.144513 -0.114417
0.150796 -0.119141
0.15708 -0.123844
0.163363 -0.128526
0.169646 -0.133186
0.175929 -0.137824
0.182212 -0.142441
0.188496 -0.147035
0.194779 -0.151608
0.201062 -0.156159
0.207345 -0.160689
0.213628 -0.165196
0.219911 -0.169681
0.226195 -0.174143
0.232478 -0.178584
0.238761 -0.183002
0.245044 -0.187398
0.251327 -0.191772
0.257611 -0.196123
0.263894 -0.200452
0.270177 -0.204758
0.27646 -0.209041
0.282743 -0.213302
0.289027 -0.21754
0.29531 -0.221756
0.301593 -0.225948
0.307876 -0.230118
0.314159 -0.234264
0.320442 -0.238388
0.326726 -0.242489
0.333009 -0.246567
0.339292 -0.250621
0.345575 -0.254652
0.351858 -0.25866
0.358142 -0.262645
0.364425 -0.266607
0.370708 -0.270545
0.376991 -0.27446
0.383274 -0.278351
0.389557 -0.282219
0.395841 -0.286063
0.402124 -0.289884
0.408407 -0.293681
0.41469 -0.297454
0.420973 -0.301204
0.427257 -0.30493
0.43354 -0.308633
0.439823 -0.312311
0.446106 -0.315966
0.452389 -0.319597
0.458673 -0.323203
0.464956 -0.326786
0.471239 -0.330345
0.477522 -0.33388
0.483805 -0.337391
0.490088 -0.340878
0.496372 -0.344341
0.502655 -0.347779
0.508938 -0.351194
0.515221 -0.354584
0.521504 -0.35795
0.527788 -0.361292
0.534071 -0.364609
0.540354 -0.367903
0.546637 -0.371171
0.55292 -0.374416
0.559203 -0.377636
0.565487 -0.380832
0.57177 -0.384003
0.578053 -0.38715
0.584336 -0.390273
0.590619 -0.393371
0.596903 -0.396444
0.603186 -0.399493
0.609469 -0.402517
0.615752 -0.405517
0.622035 -0.408493
0.628319 -0.411443
0.634602 -0.414369
0.640885 -0.417271
0.647168 -0.420148
0.653451 -0.423
0.659734 -0.425827
0.666018 -0.42863
0.672301 -0.431408
0.678584 -0.434162
0.684867 -0.436891
0.69115 -0.439595
0.697434 -0.442274
0.703717 -0.444929
0.71 -0.447559
0.716283 -0.450164
0.722566 -0.452744
0.728849 -0.4553
0.735133 -0.457831
0.741416 -0.460337
0.747699 -0.462819
0.753982 -0.465275
0.760265 -0.467707
0.766549 -0.470114
0.772832 -0.472496
0.779115 -0.474854
0.785398 -0.477187
0.791681 -0.479495
0.797965 -0.481778
0.804248 -0.484037
0.810531 -0.48627
0.816814 -0.488479
0.823097 -0.490664
0.82938 -0.492823
0.835664 -0.494958
0.841947 -0.497068
0.84823 -0.499154
0.854513 -0.501214
0.860796 -0.50325
0.86708 -0.505262
0.873363 -0.507248
0.879646 -0.50921
0.885929 -0.511147
0.892212 -0.51306
0.898495 -0.514948
0.904779 -0.516812
0.911062 -0.51865
0.917345 -0.520465
0.923628 -0.522254
0.929911 -0.52402
0.936195 -0.52576
0.942478 -0.527476
0.948761 -0.529168
0.955044 -0.530835
0.961327 -0.532478
0.967611 -0.534096
0.973894 -0.53569
0.980177 -0.53726
0.98646 -0.538805
0.992743 -0.540326
0.999026 -0.541822
1.00531 -0.543295
1.01159 -0.544743
1.01788 -0.546166
1.02416 -0.547566
1.03044 -0.548941
1.03673 -0.550293
1.04301 -0.55162
1.04929 -0.552923
1.05558 -0.554202
1.06186 -0.555457
1.06814 -0.556688
1.07442 -0.557895
1.08071 -0.559078
1.08699 -0.560237
1.09327 -0.561373
1.09956 -0.562484
1.10584 -0.563572
1.11212 -0.564636
1.11841 -0.565676
1.12469 -0.566693
1.13097 -0.567686
1.13726 -0.568656
1.14354 -0.569602
1.14982 -0.570524
1.15611 -0.571423
1.16239 -0.572299
1.16867 -0.573151
1.17496 -0.57398
1.18124 -0.574785
1.18752 -0.575568
1.19381 -0.576327
1.20009 -0.577063
1.20637 -0.577776
1.21265 -0.578466
1.21894 -0.579133
1.22522 -0.579777
1.2315 -0.580398
1.23779 -0.580996
1.24407 -0.581571
1.25035 -0.582124
1.25664 -0.582654
1.26292 -0.583162
1.2692 -0.583646
1.27549 -0.584109
1.28177 -0.584548
1.28805 -0.584966
1.29434 -0.585361
1.30062 -0.585734
1.3069 -0.586084
1.31319 -0.586413
1.31947 -0.586719
1.32575 -0.587003
1.33204 -0.587265
1.33832 -0.587506
1.3446 -0.587724
1.35088 -0.587921
1.35717 -0.588096
1.36345 -0.588249
1.36973 -0.58838
1.37602 -0.58849
1.3823 -0.588579
1.38858 -0.588646
1.39487 -0.588692
1.40115 -0.588717
1.40743 -0.58872
1.41372 -0.588702
1.42 -0.588664
1.42628 -0.588604
1.43257 -0.588523
1.43885 -0.588422
1.44513 -0.5883
1.45142 -0.588157
1.4577 -0.587993
1.46398 -0.587809
1.47027 -0.587605
1.47655 -0.58738
1.48283 -0.587135
1.48911 -0.586869
1.4954 -0.586584
1.50168 -0.586278
1.50796 -0.585953
1.51425 -0.585607
1.52053 -0.585242
1.52681 -0.584857
1.5331 -0.584452
1.53938 -0.584028
1.54566 -0.583585
1.55195 -0.583122
1.55823 -0.582639
1.56451 -0.582138
1.5708 -0.581617
1.57708 -0.581077
1.58336 -0.580519
1.58965 -0.579941
1.59593 -0.579345
1.60221 -0.57873
1.6085 -0.578096
1.61478 -0.577444
1.62106 -0.576774
1.62734 -0.576085
1.63363 -0.575378
1.63991 -0.574653
1.64619 -0.57391
1.65248 -0.573149
1.65876 -0.572371
1.66504 -0.571574
1.67133 -0.57076
1.67761 -0.569929
1.68389 -0.56908
1.69018 -0.568213
1.69646 -0.56733
1.70274 -0.566429
1.70903 -0.565511
1.71531 -0.564577
1.72159 -0.563625
1.72788 -0.562657
1.73416 -0.561673
1.74044 -0.560672
1.74673 -0.559654
1.75301 -0.55862
1.75929 -0.557571
1.76558 -0.556505
1.77186 -0.555423
1.77814 -0.554325
1.78442 -0.553212
1.79071 -0.552083
1.79699 -0.550938
1.80327 -0.549779
1.80956 -0.548603
1.81584 -0.547413
1.82212 -0.546208
1.82841 -0.544988
1.83469 -0.543753
1.84097 -0.542503
1.84726 -0.541239
1.85354 -0.539961
1.85982 -0.538668
1.86611 -0.537361
1.87239 -0.536039
1.87867 -0.534704
1.88496 -0.533355
1.89124 -0.531993
1.89752 -0.530617
1.90381 -0.529227
1.91009 -0.527824
1.91637 -0.526408
1.92265 -0.524979
1.92894 -0.523537
1.93522 -0.522082
1.9415 -0.520614
1.94779 -0.519134
1.95407 -0.517641
1.96035 -0.516136
1.96664 -0.514619
1.97292 -0.51309
1.9792 -0.511549
1.98549 -0.509996
1.99177 -0.508432
1.99805 -0.506856
2.00434 -0.505269
2.01062 -0.50367
2.0169 -0.502061
2.02319 -0.50044
2.02947 -0.498809
2.03575 -0.497167
2.04204 -0.495515
2.04832 -0.493852
2.0546 -0.492179
2.06088 -0.490496
2.06717 -0.488803
2.07345 -0.4871
2.07973 -0.485387
2.08602 -0.483665
2.0923 -0.481934
2.09858 -0.480193
2.10487 -0.478443
2.11115 -0.476685
2.11743 -0.474917
2.12372 -0.473141
2.13 -0.471356
2.13628 -0.469564
2.14257 -0.467762
2.14885 -0.465953
2.15513 -0.464136
2.16142 -0.462312
2.1677 -0.46048
2.17398 -0.45864
2.18027 -0.456793
2.18655 -0.454939
2.19283 -0.453078
2.19911 -0.45121
2.2054 -0.449336
2.21168 -0.447455
2.21796 -0.445568
2.22425 -0.443675
2.23053 -0.441776
2.23681 -0.439871
2.2431 -0.43796
2.24938 -0.436044
2.25566 -0.434122
2.26195 -0.432196
2.26823 -0.430264
2.27451 -0.428327
2.2808 -0.426386
2.28708 -0.424441
2.29336 -0.422491
2.29965 -0.420536
2.30593 -0.418578
2.31221 -0.416616
2.3185 -0.414651
2.32478 -0.412682
2.33106 -0.410709
2.33734 -0.408734
2.34363 -0.406755
2.34991 -0.404774
2.35619 -0.40279
2.36248 -0.400804
2.36876 -0.398815
2.37504 -0.396824
2.38133 -0.394832
2.38761 -0.392838
2.39389 -0.390842
2.40018 -0.388845
2.40646 -0.386846
2.41274 -0.384847
2.41903 -0.382847
2.42531 -0.380846
2.43159 -0.378845
2.43788 -0.376843
2.44416 -0.374842
2.45044 -0.37284
2.45673 -0.370839
2.46301 -0.368838
2.46929 -0.366838
2.47558 -0.364839
2.48186 -0.362841
2.48814 -0.360844
2.49442 -0.358849
2.50071 -0.356855
2.50699 -0.354863
2.51327 -0.352873
2.51956 -0.350885
2.52584 -0.348899
2.53212 -0.346916
2.53841 -0.344936
2.54469 -0.342959
2.55097 -0.340985
2.55726 -0.339015
2.56354 -0.337048
2.56982 -0.335084
2.57611 -0.333125
2.58239 -0.33117
2.58867 -0.329219
2.59496 -0.327273
2.60124 -0.325332
2.60752 -0.323395
2.61381 -0.321464
2.62009 -0.319538
2.62637 -0.317618
2.63265 -0.315703
2.63894 -0.313795
2.64522 -0.311892
2.6515 -0.309997
2.65779 -0.308107
2.66407 -0.306225
2.67035 -0.30435
2.67664 -0.302481
2.68292 -0.300621
2.6892 -0.298768
2.69549 -0.296923
2.70177 -0.295086
2.70805 -0.293257
2.71434 -0.291437
2.72062 -0.289626
2.7269 -0.287823
2.73319 -0.28603
2.73947 -0.284246
2.74575 -0.282472
2.75204 -0.280708
2.75832 -0.278953
2.7646 -0.277209
2.77088 -0.275476
2.77717 -0.273753
2.78345 -0.272041
2.78973 -0.27034
2.79602 -0.268651
2.8023 -0.266974
2.80858 -0.265308
2.81487 -0.263654
2.82115 -0.262012
2.82743 -0.260384
2.83372 -0.258767
2.84 -0.257164
2.84628 -0.255574
2.85257 -0.253998
2.85885 -0.252435
2.86513 -0.250886
2.87142 -0.249351
2.8777 -0.24783
2.88398 -0.246324
2.89027 -0.244833
2.89655 -0.243357
2.90283 -0.241897
2.90911 -0.240452
2.9154 -0.239022
2.92168 -0.237609
2.92796 -0.236212
2.93425 -0.234831
2.94053 -0.233467
2.94681 -0.232121
2.9531 -0.230791
2.95938 -0.229479
2.96566 -0.228184
2.97195 -0.226908
2.97823 -0.225649
2.98451 -0.224409
2.9908 -0.223188
2.99708 -0.221986
3.00336 -0.220803
3.00965 -0.219639
3.01593 -0.218495
3.02221 -0.217371
3.0285 -0.216267
3.03478 -0.215184
3.04106 -0.214121
3.04734 -0.213079
3.05363 -0.212058
3.05991 -0.211059
3.06619 -0.210081
3.07248 -0.209125
3.07876 -0.208192
3.08504 -0.207281
3.09133 -0.206393
3.09761 -0.205527
3.10389 -0.204685
3.11018 -0.203866
3.11646 -0.203071
3.12274 -0.2023
3.12903 -0.201554
3.13531 -0.200832
3.14159 -0.200134
