-3.14159 1.4788
-3.13531 1.60011
-3.12903 1.71165
-3.12274 1.81378
-3.11646 1.9068
-3.11018 1.99105
-3.10389 2.06683
-3.09761 2.13446
-3.09133 2.19422
-3.08504 2.24642
-3.07876 2.29133
-3.07248 2.32925
-3.06619 2.36043
-3.05991 2.38515
-3.05363 2.40368
-3.04734 2.41625
-3.04106 2.42313
-3.03478 2.42455
-3.0285 2.42075
-3.02221 2.41196
-3.01593 2.39842
-3.00965 2.38033
-3.00336 2.35791
-2.99708 2.33138
-2.9908 2.30093
-2.98451 2.26677
-2.97823 2.22909
-2.97195 2.18808
-2.96566 2.14392
-2.95938 2.09679
-2.9531 2.04686
-2.94681 1.99431
-2.94053 1.9393
-2.93425 1.88199
-2.92796 1.82254
-2.92168 1.76109
-2.9154 1.6978
-2.90911 1.63281
-2.90283 1.56626
-2.89655 1.49828
-2.89027 1.42901
-2.88398 1.35856
-2.8777 1.28708
-2.87142 1.21466
-2.86513 1.14144
-2.85885 1.06752
-2.85257 0.993005
-2.84628 0.918009
-2.84 0.842631
-2.83372 0.766968
-2.82743 0.691116
-2.82115 0.615166
-2.81487 0.539207
-2.80858 0.463324
-2.8023 0.387598
-2.79602 0.312111
-2.78973 0.236937
-2.78345 0.162151
-2.77717 0.0878221
-2.77088 0.0140192
-2.7646 -0.0591928
-2.75832 -0.131751
-2.75204 -0.203597
-2.74575 -0.274672
-2.73947 -0.344922
-2.73319 -0.414295
-2.7269 -0.482739
-2.72062 -0.550209
-2.71434 -0.616658
-2.70805 -0.682044
-2.70177 -0.746326
-2.69549 -0.809464
-2.6892 -0.871423
-2.68292 -0.932167
-2.67664 -0.991664
-2.67035 -1.04988
-2.66407 -1.1068
-2.65779 -1.16238
-2.6515 -1.2166
-2.64522 -1.26944
-2.63894 -1.32088
-2.63265 -1.37089
-2.62637 -1.41947
-2.62009 -1.46658
-2.61381 -1.51223
-2.60752 -1.55639
-2.60124 -1.59905
-2.59496 -1.6402
-2.58867 -1.67983
-2.58239 -1.71794
-2.57611 -1.75452
-2.56982 -1.78956
-2.56354 -1.82306
-2.55726 -1.85501
-2.55097 -1.88543
-2.54469 -1.91429
-2.53841 -1.94162
-2.53212 -1.9674
-2.52584 -1.99164
-2.51956 -2.01435
-2.51327 -2.03552
-2.50699 -2.05518
-2.50071 -2.07331
-2.49442 -2.08994
-2.48814 -2.10507
-2.48186 -2.1187
-2.47558 -2.13086
-2.46929 -2.14154
-2.46301 -2.15077
-2.45673 -2.15856
-2.45044 -2.16491
-2.44416 -2.16985
-2.43788 -2.17339
-2.43159 -2.17554
-2.42531 -2.17631
-2.41903 -2.17574
-2.41274 -2.17382
-2.40646 -2.17059
-2.40018 -2.16605
-2.39389 -2.16024
-2.38761 -2.15315
-2.38133 -2.14483
-2.37504 -2.13528
-2.36876 -2.12453
-2.36248 -2.11259
-2.35619 -2.09949
-2.34991 -2.08525
-2.34363 -2.06989
-2.33734 -2.05344
-2.33106 -2.03591
-2.32478 -2.01732
-2.3185 -1.99771
-2.31221 -1.9771
-2.30593 -1.9555
-2.29965 -1.93294
-2.29336 -1.90944
-2.28708 -1.88503
-2.2808 -1.85974
-2.27451 -1.83358
-2.26823 -1.80658
-2.26195 -1.77876
-2.25566 -1.75016
-2.24938 -1.72078
-2.2431 -1.69066
-2.23681 -1.65983
-2.23053 -1.6283
-2.22425 -1.5961
-2.21796 -1.56326
-2.21168 -1.5298
-2.2054 -1.49574
-2.19911 -1.46111
-2.19283 -1.42593
-2.18655 -1.39023
-2.18027 -1.35403
-2.17398 -1.31736
-2.1677 -1.28024
-2.16142 -1.24269
-2.15513 -1.20474
-2.14885 -1.16641
-2.14257 -1.12772
-2.13628 -1.08871
-2.13 -1.04938
-2.12372 -1.00977
-2.11743 -0.969902
-2.11115 -0.92979
-2.10487 -0.889462
-2.09858 -0.84894
-2.0923 -0.808245
-2.08602 -0.767401
-2.07973 -0.726428
-2.07345 -0.685349
-2.06717 -0.644184
-2.06088 -0.602955
-2.0546 -0.561683
-2.04832 -0.520389
-2.04204 -0.479092
-2.03575 -0.437814
-2.02947 -0.396574
-2.02319 -0.355391
-2.0169 -0.314285
-2.01062 -0.273275
-2.00434 -0.232381
-1.99805 -0.19162
-1.99177 -0.15101
-1.98549 -0.110571
-1.9792 -0.0703184
-1.97292 -0.0302711
-1.96664 0.00955434
-1.96035 0.049141
-1.95407 0.0884725
-1.94779 0.127533
-1.9415 0.166305
-1.93522 0.204775
-1.92894 0.242927
-1.92265 0.280746
-1.91637 0.318217
-1.91009 0.355327
-1.90381 0.39206
-1.89752 0.428404
-1.89124 0.464345
-1.88496 0.49987
-1.87867 0.534966
-1.87239 0.569622
-1.86611 0.603825
-1.85982 0.637563
-1.85354 0.670825
-1.84726 0.7036
-1.84097 0.735877
-1.83469 0.767646
-1.82841 0.798897
-1.82212 0.82962
-1.81584 0.859805
-1.80956 0.889444
-1.80327 0.918528
-1.79699 0.947049
-1.79071 0.974997
-1.78442 1.00237
-1.77814 1.02915
-1.77186 1.05534
-1.76558 1.08092
-1.75929 1.1059
-1.75301 1.13027
-1.74673 1.15402
-1.74044 1.17714
-1.73416 1.19963
-1.72788 1.22149
-1.72159 1.24271
-1.71531 1.26328
-1.70903 1.28321
-1.70274 1.30248
-1.69646 1.3211
-1.69018 1.33907
-1.68389 1.35637
-1.67761 1.373
-1.67133 1.38898
-1.66504 1.40428
-1.65876 1.41892
-1.65248 1.43288
-1.64619 1.44618
-1.63991 1.4588
-1.63363 1.47075
-1.62734 1.48203
-1.62106 1.49263
-1.61478 1.50256
-1.6085 1.51182
-1.60221 1.52041
-1.59593 1.52833
-1.58965 1.53558
-1.58336 1.54217
-1.57708 1.54809
-1.5708 1.55335
-1.56451 1.55794
-1.55823 1.56188
-1.55195 1.56516
-1.54566 1.56779
-1.53938 1.56978
-1.5331 1.57111
-1.52681 1.57181
-1.52053 1.57187
-1.51425 1.57129
-1.50796 1.57009
-1.50168 1.56826
-1.4954 1.56581
-1.48911 1.56275
-1.48283 1.55908
-1.47655 1.5548
-1.47027 1.54993
-1.46398 1.54446
-1.4577 1.53841
-1.45142 1.53178
-1.44513 1.52457
-1.43885 1.51679
-1.43257 1.50846
-1.42628 1.49957
-1.42 1.49013
-1.41372 1.48015
-1.40743 1.46964
-1.40115 1.4586
-1.39487 1.44704
-1.38858 1.43497
-1.3823 1.4224
-1.37602 1.40934
-1.36973 1.39579
-1.36345 1.38176
-1.35717 1.36726
-1.35088 1.3523
-1.3446 1.33688
-1.33832 1.32102
-1.33204 1.30473
-1.32575 1.288
-1.31947 1.27086
-1.31319 1.25331
-1.3069 1.23536
-1.30062 1.21702
-1.29434 1.1983
-1.28805 1.1792
-1.28177 1.15974
-1.27549 1.13993
-1.2692 1.11978
-1.26292 1.09929
-1.25664 1.07847
-1.25035 1.05735
-1.24407 1.03591
-1.23779 1.01418
-1.2315 0.992168
-1.22522 0.969879
-1.21894 0.947323
-1.21265 0.924512
-1.20637 0.901456
-1.20009 0.878164
-1.19381 0.854647
-1.18752 0.830914
-1.18124 0.806975
-1.17496 0.782841
-1.16867 0.758522
-1.16239 0.734028
-1.15611 0.709369
-1.14982 0.684554
-1.14354 0.659595
-1.13726 0.634501
-1.13097 0.609282
-1.12469 0.583948
-1.11841 0.55851
-1.11212 0.532976
-1.10584 0.507358
-1.09956 0.481665
-1.09327 0.455907
-1.08699 0.430094
-1.08071 0.404235
-1.07442 0.378341
-1.06814 0.352421
-1.06186 0.326485
-1.05558 0.300542
-1.04929 0.274603
-1.04301 0.248676
-1.03673 0.222772
-1.03044 0.196899
-1.02416 0.171067
-1.01788 0.145285
-1.01159 0.119563
-1.00531 0.0939086
-0.999026 0.0683323
-0.992743 0.0428425
-0.98646 0.0174484
-0.980177 -0.00784148
-0.973894 -0.0330182
-0.967611 -0.0580732
-0.961327 -0.0829979
-0.955044 -0.107784
-0.948761 -0.132422
-0.942478 -0.156906
-0.936195 -0.181225
-0.929911 -0.205373
-0.923628 -0.22934
-0.917345 -0.253121
-0.911062 -0.276705
-0.904779 -0.300087
-0.898495 -0.323258
-0.892212 -0.346211
-0.885929 -0.368938
-0.879646 -0.391432
-0.873363 -0.413687
-0.86708 -0.435694
-0.860796 -0.457448
-0.854513 -0.478941
-0.84823 -0.500168
-0.841947 -0.52112
-0.835664 -0.541792
-0.82938 -0.562178
-0.823097 -0.582272
-0.816814 -0.602067
-0.810531 -0.621558
-0.804248 -0.640738
-0.797965 -0.659603
-0.791681 -0.678147
-0.785398 -0.696364
-0.779115 -0.71425
-0.772832 -0.731798
-0.766549 -0.749005
-0.760265 -0.765865
-0.753982 -0.782374
-0.747699 -0.798527
-0.741416 -0.81432
-0.735133 -0.829749
-0.728849 -0.84481
-0.722566 -0.859497
-0.716283 -0.873809
-0.71 -0.887741
-0.703717 -0.901289
-0.697434 -0.914451
-0.69115 -0.927223
-0.684867 -0.939602
-0.678584 -0.951584
-0.672301 -0.963168
-0.666018 -0.97435
-0.659734 -0.985129
-0.653451 -0.995501
-0.647168 -1.00546
-0.640885 -1.01502
-0.634602 -1.02416
-0.628319 -1.03288
-0.622035 -1.0412
-0.615752 -1.04909
-0.609469 -1.05656
-0.603186 -1.06362
-0.596903 -1.07025
-0.590619 -1.07646
-0.584336 -1.08225
-0.578053 -1.08762
-0.57177 -1.09257
-0.565487 -1.09708
-0.559203 -1.10118
-0.55292 -1.10485
-0.546637 -1.1081
-0.540354 -1.11092
-0.534071 -1.11333
-0.527788 -1.1153
-0.521504 -1.11686
-0.515221 -1.118
-0.508938 -1.11871
-0.502655 -1.11901
-0.496372 -1.11889
-0.490088 -1.11835
-0.483805 -1.1174
-0.477522 -1.11603
-0.471239 -1.11425
-0.464956 -1.11207
-0.458673 -1.10947
-0.452389 -1.10648
-0.446106 -1.10307
-0.439823 -1.09927
-0.43354 -1.09507
-0.427257 -1.09048
-0.420973 -1.08549
-0.41469 -1.08011
-0.408407 -1.07435
-0.402124 -1.0682
-0.395841 -1.06168
-0.389557 -1.05477
-0.383274 -1.0475
-0.376991 -1.03985
-0.370708 -1.03184
-0.364425 -1.02347
-0.358142 -1.01474
-0.351858 -1.00566
-0.345575 -0.996229
-0.339292 -0.986453
-0.333009 -0.976336
-0.326726 -0.965883
-0.320442 -0.955099
-0.314159 -0.943989
-0.307876 -0.932557
-0.301593 -0.920808
-0.29531 -0.908747
-0.289027 -0.89638
-0.282743 -0.883711
-0.27646 -0.870746
-0.270177 -0.85749
-0.263894 -0.84395
-0.257611 -0.830129
-0.251327 -0.816034
-0.245044 -0.801671
-0.238761 -0.787046
-0.232478 -0.772164
-0.226195 -0.757031
-0.219911 -0.741653
-0.213628 -0.726037
-0.207345 -0.710188
-0.201062 -0.694113
-0.194779 -0.677817
-0.188496 -0.661309
-0.182212 -0.644593
-0.175929 -0.627676
-0.169646 -0.610565
-0.163363 -0.593266
-0.15708 -0.575786
-0.150796 -0.558132
-0.144513 -0.54031
-0.13823 -0.522327
-0.131947 -0.50419
-0.125664 -0.485906
-0.119381 -0.467481
-0.113097 -0.448923
-0.106814 -0.430238
-0.100531 -0.411434
-0.0942478 -0.392517
-0.0879646 -0.373495
-0.0816814 -0.354375
-0.0753982 -0.335163
-0.069115 -0.315867
-0.0628319 -0.296494
-0.0565487 -0.277051
-0.0502655 -0.257545
-0.0439823 -0.237984
-0.0376991 -0.218374
-0.0314159 -0.198723
-0.0251327 -0.179038
-0.0188496 -0.159326
-0.0125664 -0.139595
-0.00628319 -0.119851
0 -0.100102
0.00628319 -0.0803547
0.0125664 -0.0606167
0.0188496 -0.0408949
0.0251327 -0.0211965
0.0314159 -0.00152868
0.0376991 0.0181015
0.0439823 0.0376868
0.0502655 0.0572203
0.0565487 0.076695
0.0628319 0.0961036
0.069115 0.115439
0.0753982 0.134695
0.0816814 0.153864
0.0879646 0.17294
0.0942478 0.191914
0.100531 0.210782
0.106814 0.229535
0.113097 0.248167
0.119381 0.266672
0.125664 0.285042
0.131947 0.303272
0.13823 0.321354
0.144513 0.339282
0.150796 0.35705
0.15708 0.374652
0.163363 0.39208
0.169646 0.40933
0.175929 0.426393
0.182212 0.443266
0.188496 0.45994
0.194779 0.476412
0.201062 0.492673
0.207345 0.50872
0.213628 0.524545
0.219911 0.540144
0.226195 0.55551
0.232478 0.570639
0.238761 0.585524
0.245044 0.600161
0.251327 0.614544
0.257611 0.628668
0.263894 0.642527
0.270177 0.656118
0.27646 0.669434
0.282743 0.682472
0.289027 0.695226
0.29531 0.707692
0.301593 0.719866
0.307876 0.731742
0.314159 0.743317
0.320442 0.754586
0.326726 0.765546
0.333009 0.776192
0.339292 0.786521
0.345575 0.796528
0.351858 0.806211
0.358142 0.815565
0.364425 0.824587
0.370708 0.833274
0.376991 0.841623
0.383274 0.84963
0.389557 0.857293
0.395841 0.864609
0.402124 0.871574
0.408407 0.878187
0.41469 0.884445
0.420973 0.890346
0.427257 0.895887
0.43354 0.901067
0.439823 0.905883
0.446106 0.910333
0.452389 0.914416
0.458673 0.918131
0.464956 0.921475
0.471239 0.924448
0.477522 0.927048
0.483805 0.929274
0.490088 0.931126
0.496372 0.932602
0.502655 0.933702
0.508938 0.934425
0.515221 0.934772
0.521504 0.934741
0.527788 0.934333
0.534071 0.933548
0.540354 0.932386
0.546637 0.930847
0.55292 0.928931
0.559203 0.92664
0.565487 0.923973
0.57177 0.920933
0.578053 0.917519
0.584336 0.913733
0.590619 0.909576
0.596903 0.90505
0.603186 0.900156
0.609469 0.894896
0.615752 0.889271
0.622035 0.883284
0.628319 0.876937
0.634602 0.870232
0.640885 0.863171
0.647168 0.855757
0.653451 0.847992
0.659734 0.83988
0.666018 0.831423
0.672301 0.822624
0.678584 0.813486
0.684867 0.804014
0.69115 0.794209
0.697434 0.784076
0.703717 0.773619
0.71 0.762841
0.716283 0.751746
0.722566 0.740339
0.728849 0.728623
0.735133 0.716603
0.741416 0.704284
0.747699 0.69167
0.753982 0.678765
0.760265 0.665575
0.766549 0.652105
0.772832 0.63836
0.779115 0.624344
0.785398 0.610064
0.791681 0.595524
0.797965 0.58073
0.804248 0.565689
0.810531 0.550405
0.816814 0.534885
0.823097 0.519134
0.82938 0.50316
0.835664 0.486967
0.841947 0.470562
0.84823 0.453952
0.854513 0.437143
0.860796 0.420142
0.86708 0.402956
0.873363 0.385591
0.879646 0.368054
0.885929 0.350352
0.892212 0.332493
0.898495 0.314483
0.904779 0.29633
0.911062 0.278041
0.917345 0.259623
0.923628 0.241085
0.929911 0.222433
0.936195 0.203675
0.942478 0.184819
0.948761 0.165873
0.955044 0.146844
0.961327 0.127741
0.967611 0.108571
0.973894 0.0893429
0.980177 0.0700641
0.98646 0.050743
0.992743 0.0313878
0.999026 0.0120067
1.00531 -0.00739201
1.01159 -0.0268
1.01788 -0.0462089
1.02416 -0.0656103
1.03044 -0.0849957
1.03673 -0.104357
1.04301 -0.123685
1.04929 -0.142972
1.05558 -0.162208
1.06186 -0.181387
1.06814 -0.200498
1.07442 -0.219533
1.08071 -0.238484
1.08699 -0.257342
1.09327 -0.276099
1.09956 -0.294746
1.10584 -0.313273
1.11212 -0.331674
1.11841 -0.349938
1.12469 -0.368058
1.13097 -0.386024
1.13726 -0.403829
1.14354 -0.421464
1.14982 -0.43892
1.15611 -0.456189
1.16239 -0.473262
1.16867 -0.490131
1.17496 -0.506788
1.18124 -0.523224
1.18752 -0.539431
1.19381 -0.555401
1.20009 -0.571125
1.20637 -0.586596
1.21265 -0.601806
1.21894 -0.616745
1.22522 -0.631408
1.2315 -0.645785
1.23779 -0.659869
1.24407 -0.673652
1.25035 -0.687126
1.25664 -0.700285
1.26292 -0.71312
1.2692 -0.725625
1.27549 -0.737791
1.28177 -0.749613
1.28805 -0.761082
1.29434 -0.772192
1.30062 -0.782937
1.3069 -0.793308
1.31319 -0.803301
1.31947 -0.812908
1.32575 -0.822123
1.33204 -0.830939
1.33832 -0.839352
1.3446 -0.847354
1.35088 -0.85494
1.35717 -0.862104
1.36345 -0.868842
1.36973 -0.875147
1.37602 -0.881014
1.3823 -0.886438
1.38858 -0.891415
1.39487 -0.89594
1.40115 -0.900008
1.40743 -0.903614
1.41372 -0.906756
1.42 -0.909428
1.42628 -0.911627
1.43257 -0.913349
1.43885 -0.914591
1.44513 -0.915349
1.45142 -0.915622
1.4577 -0.915404
1.46398 -0.914695
1.47027 -0.913492
1.47655 -0.911792
1.48283 -0.909594
1.48911 -0.906895
1.4954 -0.903694
1.50168 -0.899991
1.50796 -0.895783
1.51425 -0.891069
1.52053 -0.88585
1.52681 -0.880125
1.5331 -0.873894
1.53938 -0.867156
1.54566 -0.859912
1.55195 -0.852163
1.55823 -0.84391
1.56451 -0.835153
1.5708 -0.825894
1.57708 -0.816134
1.58336 -0.805876
1.58965 -0.795122
1.59593 -0.783873
1.60221 -0.772133
1.6085 -0.759904
1.61478 -0.74719
1.62106 -0.733994
1.62734 -0.72032
1.63363 -0.706172
1.63991 -0.691554
1.64619 -0.676471
1.65248 -0.660928
1.65876 -0.64493
1.66504 -0.628482
1.67133 -0.611591
1.67761 -0.594261
1.68389 -0.5765
1.69018 -0.558314
1.69646 -0.53971
1.70274 -0.520696
1.70903 -0.501278
1.71531 -0.481464
1.72159 -0.461264
1.72788 -0.440684
1.73416 -0.419734
1.74044 -0.398423
1.74673 -0.37676
1.75301 -0.354755
1.75929 -0.332417
1.76558 -0.309757
1.77186 -0.286786
1.77814 -0.263513
1.78442 -0.23995
1.79071 -0.216109
1.79699 -0.192002
1.80327 -0.167639
1.80956 -0.143034
1.81584 -0.118199
1.82212 -0.093147
1.82841 -0.0678911
1.83469 -0.0424448
1.84097 -0.0168218
1.84726 0.00896381
1.85354 0.0348978
1.85982 0.0609655
1.86611 0.0871521
1.87239 0.113442
1.87867 0.139821
1.88496 0.166272
1.89124 0.19278
1.89752 0.219328
1.90381 0.2459
1.91009 0.272479
1.91637 0.299048
1.92265 0.32559
1.92894 0.352087
1.93522 0.378522
1.9415 0.404876
1.94779 0.431132
1.95407 0.45727
1.96035 0.483273
1.96664 0.50912
1.97292 0.534794
1.9792 0.560274
1.98549 0.585542
1.99177 0.610577
1.99805 0.635359
2.00434 0.659869
2.01062 0.684086
2.0169 0.707989
2.02319 0.731559
2.02947 0.754774
2.03575 0.777613
2.04204 0.800055
2.04832 0.822079
2.0546 0.843664
2.06088 0.864788
2.06717 0.88543
2.07345 0.905567
2.07973 0.925179
2.08602 0.944243
2.0923 0.962738
2.09858 0.980641
2.10487 0.997931
2.11115 1.01459
2.11743 1.03058
2.12372 1.0459
2.13 1.06052
2.13628 1.07441
2.14257 1.08755
2.14885 1.09993
2.15513 1.11152
2.16142 1.1223
2.1677 1.13224
2.17398 1.14133
2.18027 1.14954
2.18655 1.15685
2.19283 1.16324
2.19911 1.16869
2.2054 1.17318
2.21168 1.17668
2.21796 1.17918
2.22425 1.18066
2.23053 1.18109
2.23681 1.18045
2.2431 1.17873
2.24938 1.17591
2.25566 1.17196
2.26195 1.16687
2.26823 1.16062
2.27451 1.15319
2.2808 1.14456
2.28708 1.13472
2.29336 1.12364
2.29965 1.11132
2.30593 1.09773
2.31221 1.08285
2.3185 1.06669
2.32478 1.04921
2.33106 1.03041
2.33734 1.01027
2.34363 0.988775
2.34991 0.965918
2.35619 0.941685
2.36248 0.916066
2.36876 0.889049
2.37504 0.860625
2.38133 0.830785
2.38761 0.79952
2.39389 0.766824
2.40018 0.732689
2.40646 0.697109
2.41274 0.660081
2.41903 0.6216
2.42531 0.581662
2.43159 0.540266
2.43788 0.497411
2.44416 0.453097
2.45044 0.407324
2.45673 0.360094
2.46301 0.311412
2.46929 0.261281
2.47558 0.209706
2.48186 0.156695
2.48814 0.102256
2.49442 0.0463972
2.50071 -0.0108697
2.50699 -0.069533
2.51327 -0.129579
2.51956 -0.190994
2.52584 -0.25376
2.53212 -0.31786
2.53841 -0.383275
2.54469 -0.449983
2.55097 -0.517962
2.55726 -0.587187
2.56354 -0.657634
2.56982 -0.729272
2.57611 -0.802074
2.58239 -0.876008
2.58867 -0.95104
2.59496 -1.02713
2.60124 -1.10426
2.60752 -1.18236
2.61381 -1.26141
2.62009 -1.34137
2.62637 -1.42218
2.63265 -1.5038
2.63894 -1.58617
2.64522 -1.66926
2.6515 -1.75299
2.65779 -1.83732
2.66407 -1.92218
2.67035 -2.00751
2.67664 -2.09325
2.68292 -2.17933
2.6892 -2.26568
2.69549 -2.35223
2.70177 -2.43889
2.70805 -2.5256
2.71434 -2.61228
2.72062 -2.69882
2.7269 -2.78516
2.73319 -2.8712
2.73947 -2.95685
2.74575 -3.042
2.75204 -3.12656
2.75832 -3.21043
2.7646 -3.2935
2.77088 -3.37565
2.77717 -3.45678
2.78345 -3.53677
2.78973 -3.6155
2.79602 -3.69284
2.8023 -3.76866
2.80858 -3.84283
2.81487 -3.91522
2.82115 -3.98568
2.82743 -4.05408
2.83372 -4.12025
2.84 -4.18406
2.84628 -4.24533
2.85257 -4.30392
2.85885 -4.35965
2.86513 -4.41236
2.87142 -4.46187
2.8777 -4.508
2.88398 -4.55056
2.89027 -4.58937
2.89655 -4.62423
2.90283 -4.65495
2.90911 -4.68132
2.9154 -4.70312
2.92168 -4.72016
2.92796 -4.73219
2.93425 -4.73901
2.94053 -4.74038
2.94681 -4.73606
2.9531 -4.72581
2.95938 -4.70938
2.96566 -4.68652
2.97195 -4.65697
2.97823 -4.62046
2.98451 -4.57673
2.9908 -4.52548
2.99708 -4.46645
3.00336 -4.39933
3.00965 -4.32383
3.01593 -4.23965
3.02221 -4.14647
3.0285 -4.04397
3.03478 -3.93184
3.04106 -3.80974
3.04734 -3.67732
3.05363 -3.53425
3.05991 -3.38017
3.06619 -3.21472
3.07248 -3.03753
3.07876 -2.84822
3.08504 -2.64641
3.09133 -2.43171
3.09761 -2.20371
3.10389 -1.96202
3.11018 -1.7062
3.11646 -1.43583
3.12274 -1.15049
3.12903 -0.849733
3.13531 -0.5331
3.14159 -0.200134
