-2.99075 0.24597
-2.91711 -0.351478
-2.77164 -1.36909
-2.55792 -2.16434
-2.28122 -1.71457
-1.94834 0.151201
-1.5675 1.58416
-1.14805 0.707008
-0.700336 -0.988465
-0.235377 -0.734063
0.235377 0.631911
0.700336 0.632896
1.14805 -0.340416
1.5675 -0.584006
1.94834 -0.0437397
2.28122 0.401277
2.55792 0.424727
2.77164 0.234492
2.91711 0.054875
2.99075 -0.0366436
-2.99075 0.24597
-2.91711 -0.351478
-2.77164 -1.36909
-2.55792 -2.16434
-2.28122 -1.71457
-1.94834 0.151201
-1.5675 1.58416
-1.14805 0.707008
-0.700336 -0.988465
-0.235377 -0.734063
0.235377 0.631911
0.700336 0.632896
1.14805 -0.340416
1.5675 -0.584006
1.94834 -0.0437397
2.28122 0.401277
2.55792 0.424727
2.77164 0.234492
2.91711 0.054875
2.99075 -0.0366436
