-3.14159 -0.976918
-3.13531 -0.861644
-3.12903 -0.754289
-3.12274 -0.654584
-3.11646 -0.562267
-3.11018 -0.477082
-3.10389 -0.398776
-3.09761 -0.327104
-3.09133 -0.261826
-3.08504 -0.202707
-3.07876 -0.149517
-3.07248 -0.10203
-3.06619 -0.0600286
-3.05991 -0.0232968
-3.05363 0.00837459
-3.04734 0.0351904
-3.04106 0.0573508
-3.03478 0.0750509
-3.0285 0.0884814
-3.02221 0.0978286
-3.01593 0.103274
-3.00965 0.104995
-3.00336 0.103164
-2.99708 0.0979497
-2.9908 0.0895169
-2.98451 0.0780257
-2.97823 0.0636321
-2.97195 0.0464885
-2.96566 0.026743
-2.95938 0.00453992
-2.9531 -0.0199801
-2.94681 -0.0466803
-2.94053 -0.0754275
-2.93425 -0.106092
-2.92796 -0.138549
-2.92168 -0.172674
-2.9154 -0.20835
-2.90911 -0.24546
-2.90283 -0.283893
-2.89655 -0.323538
-2.89027 -0.364291
-2.88398 -0.406049
-2.8777 -0.448712
-2.87142 -0.492183
-2.86513 -0.536369
-2.85885 -0.58118
-2.85257 -0.626527
-2.84628 -0.672326
-2.84 -0.718494
-2.83372 -0.764952
-2.82743 -0.811623
-2.82115 -0.858434
-2.81487 -0.905311
-2.80858 -0.952187
-2.8023 -0.998994
-2.79602 -1.04567
-2.78973 -1.09215
-2.78345 -1.13838
-2.77717 -1.18429
-2.77088 -1.22984
-2.7646 -1.27497
-2.75832 -1.31963
-2.75204 -1.36378
-2.74575 -1.40736
-2.73947 -1.45033
-2.73319 -1.49264
-2.7269 -1.53427
-2.72062 -1.57517
-2.71434 -1.6153
-2.70805 -1.65462
-2.70177 -1.69311
-2.69549 -1.73073
-2.6892 -1.76746
-2.68292 -1.80326
-2.67664 -1.83811
-2.67035 -1.87199
-2.66407 -1.90486
-2.65779 -1.93671
-2.6515 -1.96752
-2.64522 -1.99727
-2.63894 -2.02594
-2.63265 -2.05351
-2.62637 -2.07998
-2.62009 -2.10532
-2.61381 -2.12953
-2.60752 -2.15259
-2.60124 -2.17449
-2.59496 -2.19523
-2.58867 -2.2148
-2.58239 -2.23319
-2.57611 -2.25039
-2.56982 -2.26641
-2.56354 -2.28123
-2.55726 -2.29486
-2.55097 -2.3073
-2.54469 -2.31854
-2.53841 -2.32858
-2.53212 -2.33744
-2.52584 -2.3451
-2.51956 -2.35158
-2.51327 -2.35687
-2.50699 -2.36099
-2.50071 -2.36393
-2.49442 -2.36571
-2.48814 -2.36632
-2.48186 -2.36579
-2.47558 -2.36411
-2.46929 -2.3613
-2.46301 -2.35736
-2.45673 -2.35231
-2.45044 -2.34616
-2.44416 -2.33892
-2.43788 -2.33059
-2.43159 -2.3212
-2.42531 -2.31076
-2.41903 -2.29927
-2.41274 -2.28676
-2.40646 -2.27324
-2.40018 -2.25872
-2.39389 -2.24321
-2.38761 -2.22674
-2.38133 -2.20932
-2.37504 -2.19097
-2.36876 -2.17169
-2.36248 -2.15152
-2.35619 -2.13046
-2.34991 -2.10854
-2.34363 -2.08576
-2.33734 -2.06216
-2.33106 -2.03775
-2.32478 -2.01254
-2.3185 -1.98655
-2.31221 -1.95981
-2.30593 -1.93234
-2.29965 -1.90414
-2.29336 -1.87525
-2.28708 -1.84567
-2.2808 -1.81544
-2.27451 -1.78457
-2.26823 -1.75308
-2.26195 -1.72098
-2.25566 -1.68831
-2.24938 -1.65508
-2.2431 -1.62131
-2.23681 -1.58701
-2.23053 -1.55222
-2.22425 -1.51695
-2.21796 -1.48121
-2.21168 -1.44504
-2.2054 -1.40845
-2.19911 -1.37146
-2.19283 -1.33409
-2.18655 -1.29636
-2.18027 -1.25829
-2.17398 -1.2199
-2.1677 -1.18122
-2.16142 -1.14225
-2.15513 -1.10302
-2.14885 -1.06355
-2.14257 -1.02386
-2.13628 -0.983969
-2.13 -0.943894
-2.12372 -0.903656
-2.11743 -0.863273
-2.11115 -0.822764
-2.10487 -0.782148
-2.09858 -0.741444
-2.0923 -0.700669
-2.08602 -0.659843
-2.07973 -0.618982
-2.07345 -0.578105
-2.06717 -0.53723
-2.06088 -0.496373
-2.0546 -0.455553
-2.04832 -0.414787
-2.04204 -0.37409
-2.03575 -0.333481
-2.02947 -0.292976
-2.02319 -0.25259
-2.0169 -0.21234
-2.01062 -0.172241
-2.00434 -0.13231
-1.99805 -0.0925622
-1.99177 -0.0530118
-1.98549 -0.0136741
-1.9792 0.0254361
-1.97292 0.0643044
-1.96664 0.102917
-1.96035 0.141259
-1.95407 0.179317
-1.94779 0.217078
-1.9415 0.254529
-1.93522 0.291657
-1.92894 0.328448
-1.92265 0.364891
-1.91637 0.400974
-1.91009 0.436684
-1.90381 0.47201
-1.89752 0.50694
-1.89124 0.541464
-1.88496 0.57557
-1.87867 0.609248
-1.87239 0.642488
-1.86611 0.67528
-1.85982 0.707613
-1.85354 0.739479
-1.84726 0.770868
-1.84097 0.801771
-1.83469 0.83218
-1.82841 0.862086
-1.82212 0.891482
-1.81584 0.920358
-1.80956 0.948708
-1.80327 0.976524
-1.79699 1.0038
-1.79071 1.03053
-1.78442 1.0567
-1.77814 1.08232
-1.77186 1.10736
-1.76558 1.13184
-1.75929 1.15574
-1.75301 1.17905
-1.74673 1.20178
-1.74044 1.22392
-1.73416 1.24546
-1.72788 1.2664
-1.72159 1.28673
-1.71531 1.30646
-1.70903 1.32558
-1.70274 1.34408
-1.69646 1.36197
-1.69018 1.37923
-1.68389 1.39588
-1.67761 1.41189
-1.67133 1.42729
-1.66504 1.44205
-1.65876 1.45619
-1.65248 1.4697
-1.64619 1.48258
-1.63991 1.49482
-1.63363 1.50644
-1.62734 1.51742
-1.62106 1.52777
-1.61478 1.53749
-1.6085 1.54658
-1.60221 1.55503
-1.59593 1.56286
-1.58965 1.57006
-1.58336 1.57664
-1.57708 1.58259
-1.5708 1.58791
-1.56451 1.59262
-1.55823 1.59671
-1.55195 1.60018
-1.54566 1.60303
-1.53938 1.60528
-1.5331 1.60692
-1.52681 1.60795
-1.52053 1.60839
-1.51425 1.60822
-1.50796 1.60746
-1.50168 1.60612
-1.4954 1.60418
-1.48911 1.60167
-1.48283 1.59858
-1.47655 1.59492
-1.47027 1.59069
-1.46398 1.58589
-1.4577 1.58054
-1.45142 1.57464
-1.44513 1.5682
-1.43885 1.56121
-1.43257 1.55369
-1.42628 1.54564
-1.42 1.53706
-1.41372 1.52797
-1.40743 1.51837
-1.40115 1.50826
-1.39487 1.49766
-1.38858 1.48657
-1.3823 1.47499
-1.37602 1.46293
-1.36973 1.45041
-1.36345 1.43742
-1.35717 1.42398
-1.35088 1.41009
-1.3446 1.39576
-1.33832 1.38099
-1.33204 1.3658
-1.32575 1.35019
-1.31947 1.33418
-1.31319 1.31776
-1.3069 1.30094
-1.30062 1.28374
-1.29434 1.26617
-1.28805 1.24822
-1.28177 1.22991
-1.27549 1.21125
-1.2692 1.19225
-1.26292 1.1729
-1.25664 1.15324
-1.25035 1.13325
-1.24407 1.11295
-1.23779 1.09236
-1.2315 1.07147
-1.22522 1.05029
-1.21894 1.02884
-1.21265 1.00713
-1.20637 0.985155
-1.20009 0.962935
-1.19381 0.940476
-1.18752 0.917786
-1.18124 0.894875
-1.17496 0.871752
-1.16867 0.848426
-1.16239 0.824905
-1.15611 0.8012
-1.14982 0.777318
-1.14354 0.75327
-1.13726 0.729064
-1.13097 0.704708
-1.12469 0.680214
-1.11841 0.655588
-1.11212 0.630841
-1.10584 0.605981
-1.09956 0.581018
-1.09327 0.55596
-1.08699 0.530816
-1.08071 0.505596
-1.07442 0.480308
-1.06814 0.454961
-1.06186 0.429564
-1.05558 0.404126
-1.04929 0.378655
-1.04301 0.353161
-1.03673 0.327652
-1.03044 0.302137
-1.02416 0.276625
-1.01788 0.251123
-1.01159 0.225641
-1.00531 0.200187
-0.999026 0.174769
-0.992743 0.149396
-0.98646 0.124077
-0.980177 0.0988184
-0.973894 0.0736296
-0.967611 0.0485185
-0.961327 0.0234931
-0.955044 -0.00143861
-0.948761 -0.0262687
-0.942478 -0.0509893
-0.936195 -0.0755926
-0.929911 -0.100071
-0.923628 -0.124417
-0.917345 -0.148623
-0.911062 -0.172681
-0.904779 -0.196585
-0.898495 -0.220326
-0.892212 -0.243898
-0.885929 -0.267294
-0.879646 -0.290506
-0.873363 -0.313528
-0.86708 -0.336353
-0.860796 -0.358974
-0.854513 -0.381384
-0.84823 -0.403577
-0.841947 -0.425547
-0.835664 -0.447287
-0.82938 -0.468791
-0.823097 -0.490052
-0.816814 -0.511066
-0.810531 -0.531825
-0.804248 -0.552324
-0.797965 -0.572558
-0.791681 -0.592521
-0.785398 -0.612206
-0.779115 -0.63161
-0.772832 -0.650726
-0.766549 -0.66955
-0.760265 -0.688077
-0.753982 -0.706301
-0.747699 -0.724217
-0.741416 -0.741822
-0.735133 -0.75911
-0.728849 -0.776078
-0.722566 -0.79272
-0.716283 -0.809033
-0.71 -0.825012
-0.703717 -0.840654
-0.697434 -0.855954
-0.69115 -0.87091
-0.684867 -0.885516
-0.678584 -0.899771
-0.672301 -0.91367
-0.666018 -0.92721
-0.659734 -0.940389
-0.653451 -0.953203
-0.647168 -0.965649
-0.640885 -0.977725
-0.634602 -0.989428
-0.628319 -1.00076
-0.622035 -1.01171
-0.615752 -1.02228
-0.609469 -1.03246
-0.603186 -1.04227
-0.596903 -1.05168
-0.590619 -1.06072
-0.584336 -1.06936
-0.578053 -1.07761
-0.57177 -1.08547
-0.565487 -1.09293
-0.559203 -1.1
-0.55292 -1.10668
-0.546637 -1.11296
-0.540354 -1.11884
-0.534071 -1.12433
-0.527788 -1.12942
-0.521504 -1.13411
-0.515221 -1.1384
-0.508938 -1.14229
-0.502655 -1.14579
-0.496372 -1.14888
-0.490088 -1.15158
-0.483805 -1.15388
-0.477522 -1.15579
-0.471239 -1.1573
-0.464956 -1.15841
-0.458673 -1.15913
-0.452389 -1.15945
-0.446106 -1.15939
-0.439823 -1.15893
-0.43354 -1.15808
-0.427257 -1.15684
-0.420973 -1.15522
-0.41469 -1.15321
-0.408407 -1.15081
-0.402124 -1.14804
-0.395841 -1.14489
-0.389557 -1.14136
-0.383274 -1.13745
-0.376991 -1.13318
-0.370708 -1.12853
-0.364425 -1.12351
-0.358142 -1.11813
-0.351858 -1.11239
-0.345575 -1.10629
-0.339292 -1.09984
-0.333009 -1.09303
-0.326726 -1.08587
-0.320442 -1.07836
-0.314159 -1.07051
-0.307876 -1.06233
-0.301593 -1.0538
-0.29531 -1.04495
-0.289027 -1.03576
-0.282743 -1.02625
-0.27646 -1.01642
-0.270177 -1.00628
-0.263894 -0.995819
-0.257611 -0.985053
-0.251327 -0.973982
-0.245044 -0.962612
-0.238761 -0.950948
-0.232478 -0.938992
-0.226195 -0.926751
-0.219911 -0.914229
-0.213628 -0.90143
-0.207345 -0.88836
-0.201062 -0.875024
-0.194779 -0.861425
-0.188496 -0.847571
-0.182212 -0.833465
-0.175929 -0.819113
-0.169646 -0.80452
-0.163363 -0.789691
-0.15708 -0.774632
-0.150796 -0.759349
-0.144513 -0.743846
-0.13823 -0.72813
-0.131947 -0.712205
-0.125664 -0.696079
-0.119381 -0.679755
-0.113097 -0.663241
-0.106814 -0.646542
-0.100531 -0.629663
-0.0942478 -0.612612
-0.0879646 -0.595392
-0.0816814 -0.578012
-0.0753982 -0.560476
-0.069115 -0.542791
-0.0628319 -0.524963
-0.0565487 -0.506998
-0.0502655 -0.488901
-0.0439823 -0.470681
-0.0376991 -0.452341
-0.0314159 -0.43389
-0.0251327 -0.415332
-0.0188496 -0.396675
-0.0125664 -0.377925
-0.00628319 -0.359087
0 -0.340169
0.00628319 -0.321177
0.0125664 -0.302117
0.0188496 -0.282995
0.0251327 -0.263818
0.0314159 -0.244592
0.0376991 -0.225324
0.0439823 -0.20602
0.0502655 -0.186687
0.0565487 -0.16733
0.0628319 -0.147957
0.069115 -0.128574
0.0753982 -0.109187
0.0816814 -0.089802
0.0879646 -0.0704263
0.0942478 -0.0510659
0.100531 -0.0317271
0.106814 -0.0124165
0.113097 0.00685986
0.119381 0.0260955
0.125664 0.0452841
0.131947 0.0644195
0.13823 0.0834954
0.144513 0.102505
0.150796 0.121444
0.15708 0.140304
0.163363 0.15908
0.169646 0.177765
0.175929 0.196354
0.182212 0.214841
0.188496 0.233219
0.194779 0.251483
0.201062 0.269626
0.207345 0.287644
0.213628 0.305529
0.219911 0.323276
0.226195 0.34088
0.232478 0.358335
0.238761 0.375634
0.245044 0.392774
0.251327 0.409747
0.257611 0.426549
0.263894 0.443174
0.270177 0.459616
0.27646 0.475872
0.282743 0.491934
0.289027 0.507799
0.29531 0.52346
0.301593 0.538914
0.307876 0.554154
0.314159 0.569177
0.320442 0.583977
0.326726 0.598549
0.333009 0.612889
0.339292 0.626992
0.345575 0.640855
0.351858 0.654471
0.358142 0.667837
0.364425 0.680949
0.370708 0.693802
0.376991 0.706392
0.383274 0.718716
0.389557 0.730769
0.395841 0.742547
0.402124 0.754047
0.408407 0.765265
0.41469 0.776197
0.420973 0.78684
0.427257 0.797191
0.43354 0.807246
0.439823 0.817001
0.446106 0.826454
0.452389 0.835602
0.458673 0.844442
0.464956 0.852971
0.471239 0.861186
0.477522 0.869085
0.483805 0.876665
0.490088 0.883924
0.496372 0.890858
0.502655 0.897467
0.508938 0.903748
0.515221 0.909699
0.521504 0.915319
0.527788 0.920604
0.534071 0.925554
0.540354 0.930167
0.546637 0.934442
0.55292 0.938377
0.559203 0.941971
0.565487 0.945223
0.57177 0.948132
0.578053 0.950696
0.584336 0.952916
0.590619 0.95479
0.596903 0.956318
0.603186 0.9575
0.609469 0.958334
0.615752 0.958821
0.622035 0.958961
0.628319 0.958754
0.634602 0.958199
0.640885 0.957298
0.647168 0.95605
0.653451 0.954455
0.659734 0.952515
0.666018 0.95023
0.672301 0.947602
0.678584 0.944629
0.684867 0.941315
0.69115 0.93766
0.697434 0.933665
0.703717 0.929331
0.71 0.924661
0.716283 0.919655
0.722566 0.914316
0.728849 0.908645
0.735133 0.902645
0.741416 0.896316
0.747699 0.889663
0.753982 0.882686
0.760265 0.875388
0.766549 0.867772
0.772832 0.85984
0.779115 0.851595
0.785398 0.84304
0.791681 0.834178
0.797965 0.825011
0.804248 0.815544
0.810531 0.80578
0.816814 0.79572
0.823097 0.785371
0.82938 0.774734
0.835664 0.763813
0.841947 0.752613
0.84823 0.741137
0.854513 0.72939
0.860796 0.717374
0.86708 0.705096
0.873363 0.692558
0.879646 0.679765
0.885929 0.666723
0.892212 0.653434
0.898495 0.639905
0.904779 0.62614
0.911062 0.612143
0.917345 0.59792
0.923628 0.583476
0.929911 0.568815
0.936195 0.553944
0.942478 0.538867
0.948761 0.52359
0.955044 0.508119
0.961327 0.492458
0.967611 0.476614
0.973894 0.460592
0.980177 0.444398
0.98646 0.428038
0.992743 0.411518
0.999026 0.394844
1.00531 0.378021
1.01159 0.361057
1.01788 0.343957
1.02416 0.326728
1.03044 0.309375
1.03673 0.291906
1.04301 0.274327
1.04929 0.256644
1.05558 0.238863
1.06186 0.220993
1.06814 0.203038
1.07442 0.185007
1.08071 0.166905
1.08699 0.148739
1.09327 0.130517
1.09956 0.112245
1.10584 0.0939303
1.11212 0.0755796
1.11841 0.0572001
1.12469 0.0387988
1.13097 0.0203827
1.13726 0.00195899
1.14354 -0.0164653
1.14982 -0.034883
1.15611 -0.0532869
1.16239 -0.0716699
1.16867 -0.0900248
1.17496 -0.108344
1.18124 -0.126621
1.18752 -0.144849
1.19381 -0.163019
1.20009 -0.181125
1.20637 -0.199159
1.21265 -0.217115
1.21894 -0.234985
1.22522 -0.252762
1.2315 -0.270438
1.23779 -0.288007
1.24407 -0.305461
1.25035 -0.322794
1.25664 -0.339997
1.26292 -0.357064
1.2692 -0.373987
1.27549 -0.390761
1.28177 -0.407377
1.28805 -0.423828
1.29434 -0.440109
1.30062 -0.456211
1.3069 -0.472128
1.31319 -0.487852
1.31947 -0.503378
1.32575 -0.518699
1.33204 -0.533807
1.33832 -0.548696
1.3446 -0.56336
1.35088 -0.577792
1.35717 -0.591986
1.36345 -0.605934
1.36973 -0.619632
1.37602 -0.633072
1.3823 -0.646248
1.38858 -0.659155
1.39487 -0.671786
1.40115 -0.684136
1.40743 -0.696198
1.41372 -0.707967
1.42 -0.719437
1.42628 -0.730602
1.43257 -0.741458
1.43885 -0.751998
1.44513 -0.762218
1.45142 -0.772112
1.4577 -0.781676
1.46398 -0.790903
1.47027 -0.79979
1.47655 -0.808332
1.48283 -0.816524
1.48911 -0.824362
1.4954 -0.831841
1.50168 -0.838957
1.50796 -0.845706
1.51425 -0.852084
1.52053 -0.858087
1.52681 -0.863712
1.5331 -0.868955
1.53938 -0.873812
1.54566 -0.878281
1.55195 -0.882357
1.55823 -0.886039
1.56451 -0.889324
1.5708 -0.892208
1.57708 -0.894689
1.58336 -0.896766
1.58965 -0.898435
1.59593 -0.899695
1.60221 -0.900543
1.6085 -0.900979
1.61478 -0.901001
1.62106 -0.900607
1.62734 -0.899796
1.63363 -0.898567
1.63991 -0.896919
1.64619 -0.894853
1.65248 -0.892366
1.65876 -0.88946
1.66504 -0.886133
1.67133 -0.882387
1.67761 -0.878221
1.68389 -0.873636
1.69018 -0.868633
1.69646 -0.863211
1.70274 -0.857374
1.70903 -0.851121
1.71531 -0.844454
1.72159 -0.837376
1.72788 -0.829887
1.73416 -0.82199
1.74044 -0.813687
1.74673 -0.804981
1.75301 -0.795875
1.75929 -0.78637
1.76558 -0.776471
1.77186 -0.76618
1.77814 -0.755502
1.78442 -0.74444
1.79071 -0.732997
1.79699 -0.721179
1.80327 -0.708989
1.80956 -0.696431
1.81584 -0.683512
1.82212 -0.670235
1.82841 -0.656607
1.83469 -0.642631
1.84097 -0.628315
1.84726 -0.613664
1.85354 -0.598684
1.85982 -0.58338
1.86611 -0.567761
1.87239 -0.551832
1.87867 -0.5356
1.88496 -0.519073
1.89124 -0.502257
1.89752 -0.485161
1.90381 -0.467791
1.91009 -0.450157
1.91637 -0.432265
1.92265 -0.414125
1.92894 -0.395745
1.93522 -0.377134
1.9415 -0.3583
1.94779 -0.339253
1.95407 -0.320002
1.96035 -0.300556
1.96664 -0.280926
1.97292 -0.261121
1.9792 -0.241151
1.98549 -0.221026
1.99177 -0.200757
1.99805 -0.180355
2.00434 -0.15983
2.01062 -0.139194
2.0169 -0.118456
2.02319 -0.0976295
2.02947 -0.0767246
2.03575 -0.0557533
2.04204 -0.0347272
2.04832 -0.0136583
2.0546 0.00744151
2.06088 0.02856
2.06717 0.0496849
2.07345 0.0708038
2.07973 0.0919042
2.08602 0.112973
2.0923 0.133999
2.09858 0.154967
2.10487 0.175866
2.11115 0.196682
2.11743 0.217402
2.12372 0.238013
2.13 0.258502
2.13628 0.278854
2.14257 0.299057
2.14885 0.319098
2.15513 0.338962
2.16142 0.358637
2.1677 0.378108
2.17398 0.397361
2.18027 0.416384
2.18655 0.435163
2.19283 0.453683
2.19911 0.471932
2.2054 0.489895
2.21168 0.507559
2.21796 0.52491
2.22425 0.541936
2.23053 0.558622
2.23681 0.574954
2.2431 0.590921
2.24938 0.606507
2.25566 0.621701
2.26195 0.636489
2.26823 0.650859
2.27451 0.664797
2.2808 0.67829
2.28708 0.691327
2.29336 0.703895
2.29965 0.715981
2.30593 0.727574
2.31221 0.738663
2.3185 0.749234
2.32478 0.759278
2.33106 0.768783
2.33734 0.777738
2.34363 0.786133
2.34991 0.793957
2.35619 0.801201
2.36248 0.807854
2.36876 0.813908
2.37504 0.819354
2.38133 0.824183
2.38761 0.828386
2.39389 0.831956
2.40018 0.834886
2.40646 0.837169
2.41274 0.838798
2.41903 0.839767
2.42531 0.84007
2.43159 0.839703
2.43788 0.838661
2.44416 0.836939
2.45044 0.834536
2.45673 0.831447
2.46301 0.827671
2.46929 0.823205
2.47558 0.81805
2.48186 0.812204
2.48814 0.805669
2.49442 0.798445
2.50071 0.790533
2.50699 0.781938
2.51327 0.772662
2.51956 0.762709
2.52584 0.752084
2.53212 0.740793
2.53841 0.728844
2.54469 0.716243
2.55097 0.702999
2.55726 0.689123
2.56354 0.674623
2.56982 0.659512
2.57611 0.643803
2.58239 0.627508
2.58867 0.610644
2.59496 0.593225
2.60124 0.575268
2.60752 0.556793
2.61381 0.537817
2.62009 0.518362
2.62637 0.498449
2.63265 0.478103
2.63894 0.457346
2.64522 0.436206
2.6515 0.414709
2.65779 0.392885
2.66407 0.370762
2.67035 0.348373
2.67664 0.325752
2.68292 0.302932
2.6892 0.27995
2.69549 0.256845
2.70177 0.233655
2.70805 0.210423
2.71434 0.18719
2.72062 0.164003
2.7269 0.140907
2.73319 0.117952
2.73947 0.0951883
2.74575 0.0726675
2.75204 0.0504443
2.75832 0.0285752
2.7646 0.00711865
2.77088 -0.0138648
2.77717 -0.0343123
2.78345 -0.054159
2.78973 -0.0733379
2.79602 -0.0917793
2.8023 -0.109412
2.80858 -0.126161
2.81487 -0.14195
2.82115 -0.156701
2.82743 -0.170331
2.83372 -0.182757
2.84 -0.193892
2.84628 -0.203647
2.85257 -0.211929
2.85885 -0.218644
2.86513 -0.223695
2.87142 -0.22698
2.8777 -0.228397
2.88398 -0.22784
2.89027 -0.225198
2.89655 -0.22036
2.90283 -0.21321
2.90911 -0.20363
2.9154 -0.191497
2.92168 -0.176687
2.92796 -0.15907
2.93425 -0.138516
2.94053 -0.114888
2.94681 -0.0880473
2.9531 -0.0578522
2.95938 -0.024156
2.96566 0.0131909
2.97195 0.0543421
2.97823 0.0994551
2.98451 0.148691
2.9908 0.202216
2.99708 0.260198
3.00336 0.322811
3.00965 0.390232
3.01593 0.462644
3.02221 0.540231
3.0285 0.623186
3.03478 0.711701
3.04106 0.805977
3.04734 0.906218
3.05363 1.01263
3.05991 1.12543
3.06619 1.24483
3.07248 1.37106
3.07876 1.50435
3.08504 1.64492
3.09133 1.79301
3.09761 1.94888
3.10389 2.11276
3.11018 2.28491
3.11646 2.46559
3.12274 2.65506
3.12903 2.85359
3.13531 3.06146
3.14159 3.27895
