-3.14159 -2.74294
-3.13531 -2.73499
-3.12903 -2.72704
-3.12274 -2.71911
-3.11646 -2.71119
-3.11018 -2.70327
-3.10389 -2.69537
-3.09761 -2.68747
-3.09133 -2.67959
-3.08504 -2.67171
-3.07876 -2.66385
-3.07248 -2.65599
-3.06619 -2.64815
-3.05991 -2.64031
-3.05363 -2.63249
-3.04734 -2.62467
-3.04106 -2.61686
-3.03478 -2.60907
-3.0285 -2.60128
-3.02221 -2.59351
-3.01593 -2.58574
-3.00965 -2.57798
-3.00336 -2.57024
-2.99708 -2.5625
-2.9908 -2.55478
-2.98451 -2.54706
-2.97823 -2.53935
-2.97195 -2.53166
-2.96566 -2.52397
-2.95938 -2.51629
-2.9531 -2.50862
-2.94681 -2.50097
-2.94053 -2.49332
-2.93425 -2.48568
-2.92796 -2.47805
-2.92168 -2.47044
-2.9154 -2.46283
-2.90911 -2.45523
-2.90283 -2.44764
-2.89655 -2.44006
-2.89027 -2.4325
-2.88398 -2.42494
-2.8777 -2.41739
-2.87142 -2.40985
-2.86513 -2.40232
-2.85885 -2.3948
-2.85257 -2.38729
-2.84628 -2.3798
-2.84 -2.37231
-2.83372 -2.36483
-2.82743 -2.35736
-2.82115 -2.3499
-2.81487 -2.34245
-2.80858 -2.33501
-2.8023 -2.32758
-2.79602 -2.32016
-2.78973 -2.31275
-2.78345 -2.30535
-2.77717 -2.29796
-2.77088 -2.29058
-2.7646 -2.28321
-2.75832 -2.27585
-2.75204 -2.2685
-2.74575 -2.26116
-2.73947 -2.25383
-2.73319 -2.24651
-2.7269 -2.23919
-2.72062 -2.23189
-2.71434 -2.2246
-2.70805 -2.21732
-2.70177 -2.21005
-2.69549 -2.20279
-2.6892 -2.19554
-2.68292 -2.18829
-2.67664 -2.18106
-2.67035 -2.17384
-2.66407 -2.16663
-2.65779 -2.15943
-2.6515 -2.15223
-2.64522 -2.14505
-2.63894 -2.13788
-2.63265 -2.13072
-2.62637 -2.12356
-2.62009 -2.11642
-2.61381 -2.10929
-2.60752 -2.10216
-2.60124 -2.09505
-2.59496 -2.08795
-2.58867 -2.08085
-2.58239 -2.07377
-2.57611 -2.0667
-2.56982 -2.05963
-2.56354 -2.05258
-2.55726 -2.04554
-2.55097 -2.0385
-2.54469 -2.03148
-2.53841 -2.02446
-2.53212 -2.01746
-2.52584 -2.01046
-2.51956 -2.00348
-2.51327 -1.99651
-2.50699 -1.98954
-2.50071 -1.98259
-2.49442 -1.97564
-2.48814 -1.96871
-2.48186 -1.96178
-2.47558 -1.95486
-2.46929 -1.94796
-2.46301 -1.94106
-2.45673 -1.93418
-2.45044 -1.9273
-2.44416 -1.92044
-2.43788 -1.91358
-2.43159 -1.90673
-2.42531 -1.8999
-2.41903 -1.89307
-2.41274 -1.88626
-2.40646 -1.87945
-2.40018 -1.87265
-2.39389 -1.86587
-2.38761 -1.85909
-2.38133 -1.85232
-2.37504 -1.84556
-2.36876 -1.83882
-2.36248 -1.83208
-2.35619 -1.82535
-2.34991 -1.81864
-2.34363 -1.81193
-2.33734 -1.80523
-2.33106 -1.79854
-2.32478 -1.79186
-2.3185 -1.7852
-2.31221 -1.77854
-2.30593 -1.77189
-2.29965 -1.76525
-2.29336 -1.75862
-2.28708 -1.752
-2.2808 -1.7454
-2.27451 -1.7388
-2.26823 -1.73221
-2.26195 -1.72563
-2.25566 -1.71906
-2.24938 -1.7125
-2.2431 -1.70595
-2.23681 -1.69941
-2.23053 -1.69288
-2.22425 -1.68636
-2.21796 -1.67985
-2.21168 -1.67335
-2.2054 -1.66686
-2.19911 -1.66038
-2.19283 -1.65391
-2.18655 -1.64745
-2.18027 -1.641
-2.17398 -1.63456
-2.1677 -1.62813
-2.16142 -1.62171
-2.15513 -1.6153
-2.14885 -1.6089
-2.14257 -1.60251
-2.13628 -1.59613
-2.13 -1.58976
-2.12372 -1.58339
-2.11743 -1.57704
-2.11115 -1.5707
-2.10487 -1.56437
-2.09858 -1.55805
-2.0923 -1.55174
-2.08602 -1.54543
-2.07973 -1.53914
-2.07345 -1.53286
-2.06717 -1.52659
-2.06088 -1.52032
-2.0546 -1.51407
-2.04832 -1.50783
-2.04204 -1.5016
-2.03575 -1.49537
-2.02947 -1.48916
-2.02319 -1.48296
-2.0169 -1.47676
-2.01062 -1.47058
-2.00434 -1.46441
-1.99805 -1.45824
-1.99177 -1.45209
-1.98549 -1.44595
-1.9792 -1.43981
-1.97292 -1.43369
-1.96664 -1.42757
-1.96035 -1.42147
-1.95407 -1.41538
-1.94779 -1.40929
-1.9415 -1.40322
-1.93522 -1.39715
-1.92894 -1.3911
-1.92265 -1.38505
-1.91637 -1.37902
-1.91009 -1.37299
-1.90381 -1.36698
-1.89752 -1.36097
-1.89124 -1.35498
-1.88496 -1.34899
-1.87867 -1.34302
-1.87239 -1.33705
-1.86611 -1.3311
-1.85982 -1.32515
-1.85354 -1.31921
-1.84726 -1.31329
-1.84097 -1.30737
-1.83469 -1.30146
-1.82841 -1.29557
-1.82212 -1.28968
-1.81584 -1.28381
-1.80956 -1.27794
-1.80327 -1.27208
-1.79699 -1.26623
-1.79071 -1.2604
-1.78442 -1.25457
-1.77814 -1.24875
-1.77186 -1.24295
-1.76558 -1.23715
-1.75929 -1.23136
-1.75301 -1.22558
-1.74673 -1.21981
-1.74044 -1.21406
-1.73416 -1.20831
-1.72788 -1.20257
-1.72159 -1.19684
-1.71531 -1.19112
-1.70903 -1.18542
-1.70274 -1.17972
-1.69646 -1.17403
-1.69018 -1.16835
-1.68389 -1.16268
-1.67761 -1.15702
-1.67133 -1.15137
-1.66504 -1.14573
-1.65876 -1.1401
-1.65248 -1.13448
-1.64619 -1.12888
-1.63991 -1.12328
-1.63363 -1.11769
-1.62734 -1.11211
-1.62106 -1.10654
-1.61478 -1.10098
-1.6085 -1.09543
-1.60221 -1.08989
-1.59593 -1.08436
-1.58965 -1.07883
-1.58336 -1.07332
-1.57708 -1.06782
-1.5708 -1.06233
-1.56451 -1.05685
-1.55823 -1.05138
-1.55195 -1.04592
-1.54566 -1.04047
-1.53938 -1.03503
-1.5331 -1.0296
-1.52681 -1.02417
-1.52053 -1.01876
-1.51425 -1.01336
-1.50796 -1.00797
-1.50168 -1.00259
-1.4954 -0.997214
-1.48911 -0.991852
-1.48283 -0.986499
-1.47655 -0.981157
-1.47027 -0.975824
-1.46398 -0.970502
-1.4577 -0.965189
-1.45142 -0.959886
-1.44513 -0.954593
-1.43885 -0.94931
-1.43257 -0.944037
-1.42628 -0.938774
-1.42 -0.93352
-1.41372 -0.928277
-1.40743 -0.923043
-1.40115 -0.917819
-1.39487 -0.912605
-1.38858 -0.907401
-1.3823 -0.902207
-1.37602 -0.897023
-1.36973 -0.891849
-1.36345 -0.886685
-1.35717 -0.88153
-1.35088 -0.876386
-1.3446 -0.871251
-1.33832 -0.866126
-1.33204 -0.861011
-1.32575 -0.855906
-1.31947 -0.850811
-1.31319 -0.845726
-1.3069 -0.84065
-1.30062 -0.835585
-1.29434 -0.830529
-1.28805 -0.825484
-1.28177 -0.820448
-1.27549 -0.815422
-1.2692 -0.810406
-1.26292 -0.8054
-1.25664 -0.800404
-1.25035 -0.795417
-1.24407 -0.790441
-1.23779 -0.785474
-1.2315 -0.780518
-1.22522 -0.775571
-1.21894 -0.770634
-1.21265 -0.765707
-1.20637 -0.76079
-1.20009 -0.755883
-1.19381 -0.750986
-1.18752 -0.746098
-1.18124 -0.741221
-1.17496 -0.736353
-1.16867 -0.731495
-1.16239 -0.726648
-1.15611 -0.72181
-1.14982 -0.716982
-1.14354 -0.712164
-1.13726 -0.707355
-1.13097 -0.702557
-1.12469 -0.697768
-1.11841 -0.69299
-1.11212 -0.688221
-1.10584 -0.683462
-1.09956 -0.678713
-1.09327 -0.673974
-1.08699 -0.669245
-1.08071 -0.664526
-1.07442 -0.659817
-1.06814 -0.655117
-1.06186 -0.650428
-1.05558 -0.645748
-1.04929 -0.641078
-1.04301 -0.636419
-1.03673 -0.631769
-1.03044 -0.627129
-1.02416 -0.622498
-1.01788 -0.617878
-1.01159 -0.613268
-1.00531 -0.608667
-0.999026 -0.604076
-0.992743 -0.599496
-0.98646 -0.594925
-0.980177 -0.590364
-0.973894 -0.585813
-0.967611 -0.581272
-0.961327 -0.576741
-0.955044 -0.572219
-0.948761 -0.567708
-0.942478 -0.563206
-0.936195 -0.558714
-0.929911 -0.554233
-0.923628 -0.549761
-0.917345 -0.545299
-0.911062 -0.540847
-0.904779 -0.536404
-0.898495 -0.531972
-0.892212 -0.52755
-0.885929 -0.523137
-0.879646 -0.518734
-0.873363 -0.514342
-0.86708 -0.509959
-0.860796 -0.505586
-0.854513 -0.501223
-0.84823 -0.496869
-0.841947 -0.492526
-0.835664 -0.488193
-0.82938 -0.483869
-0.823097 -0.479555
-0.816814 -0.475252
-0.810531 -0.470958
-0.804248 -0.466674
-0.797965 -0.4624
-0.791681 -0.458136
-0.785398 -0.453881
-0.779115 -0.449637
-0.772832 -0.445403
-0.766549 -0.441178
-0.760265 -0.436963
-0.753982 -0.432758
-0.747699 -0.428564
-0.741416 -0.424379
-0.735133 -0.420203
-0.728849 -0.416038
-0.722566 -0.411883
-0.716283 -0.407737
-0.71 -0.403602
-0.703717 -0.399476
-0.697434 -0.39536
-0.69115 -0.391254
-0.684867 -0.387158
-0.678584 -0.383072
-0.672301 -0.378996
-0.666018 -0.37493
-0.659734 -0.370873
-0.653451 -0.366827
-0.647168 -0.36279
-0.640885 -0.358763
-0.634602 -0.354747
-0.628319 -0.35074
-0.622035 -0.346743
-0.615752 -0.342755
-0.609469 -0.338778
-0.603186 -0.334811
-0.596903 -0.330853
-0.590619 -0.326906
-0.584336 -0.322968
-0.578053 -0.31904
-0.57177 -0.315122
-0.565487 -0.311214
-0.559203 -0.307316
-0.55292 -0.303428
-0.546637 -0.299549
-0.540354 -0.295681
-0.534071 -0.291822
-0.527788 -0.287974
-0.521504 -0.284135
-0.515221 -0.280306
-0.508938 -0.276487
-0.502655 -0.272678
-0.496372 -0.268879
-0.490088 -0.265089
-0.483805 -0.26131
-0.477522 -0.25754
-0.471239 -0.253781
-0.464956 -0.250031
-0.458673 -0.246291
-0.452389 -0.242561
-0.446106 -0.238841
-0.439823 -0.235131
-0.43354 -0.23143
-0.427257 -0.22774
-0.420973 -0.224059
-0.41469 -0.220389
-0.408407 -0.216728
-0.402124 -0.213077
-0.395841 -0.209436
-0.389557 -0.205805
-0.383274 -0.202184
-0.376991 -0.198573
-0.370708 -0.194971
-0.364425 -0.19138
-0.358142 -0.187798
-0.351858 -0.184227
-0.345575 -0.180665
-0.339292 -0.177113
-0.333009 -0.173571
-0.326726 -0.170039
-0.320442 -0.166517
-0.314159 -0.163004
-0.307876 -0.159502
-0.301593 -0.156009
-0.29531 -0.152527
-0.289027 -0.149054
-0.282743 -0.145591
-0.27646 -0.142138
-0.270177 -0.138695
-0.263894 -0.135262
-0.257611 -0.131838
-0.251327 -0.128425
-0.245044 -0.125021
-0.238761 -0.121628
-0.232478 -0.118244
-0.226195 -0.11487
-0.219911 -0.111506
-0.213628 -0.108152
-0.207345 -0.104808
-0.201062 -0.101474
-0.194779 -0.0981493
-0.188496 -0.0948348
-0.182212 -0.0915302
-0.175929 -0.0882355
-0.169646 -0.0849507
-0.163363 -0.0816758
-0.15708 -0.0784107
-0.150796 -0.0751556
-0.144513 -0.0719104
-0.13823 -0.068675
-0.131947 -0.0654495
-0.125664 -0.062234
-0.119381 -0.0590283
-0.113097 -0.0558325
-0.106814 -0.0526466
-0.100531 -0.0494706
-0.0942478 -0.0463045
-0.0879646 -0.0431483
-0.0816814 -0.040002
-0.0753982 -0.0368655
-0.069115 -0.033739
-0.0628319 -0.0306224
-0.0565487 -0.0275156
-0.0502655 -0.0244187
-0.0439823 -0.0213318
-0.0376991 -0.0182547
-0.0314159 -0.0151875
-0.0251327 -0.0121302
-0.0188496 -0.00908284
-0.0125664 -0.00604533
-0.00628319 -0.00301772
0 5.03885e-16
0.00628319 0.00300783
0.0125664 0.00600576
0.0188496 0.00899381
0.0251327 0.011972
0.0314159 0.0149402
0.0376991 0.0178986
0.0439823 0.0208471
0.0502655 0.0237856
0.0565487 0.0267143
0.0628319 0.0296331
0.069115 0.032542
0.0753982 0.035441
0.0816814 0.0383301
0.0879646 0.0412094
0.0942478 0.0440787
0.100531 0.0469381
0.106814 0.0497877
0.113097 0.0526274
0.119381 0.0554571
0.125664 0.058277
0.131947 0.061087
0.13823 0.0638871
0.144513 0.0666772
0.150796 0.0694575
0.15708 0.072228
0.163363 0.0749885
0.169646 0.0777391
0.175929 0.0804798
0.182212 0.0832107
0.188496 0.0859316
0.194779 0.0886427
0.201062 0.0913438
0.207345 0.0940351
0.213628 0.0967165
0.219911 0.099388
0.226195 0.10205
0.232478 0.104701
0.238761 0.107343
0.245044 0.109975
0.251327 0.112597
0.257611 0.115209
0.263894 0.117811
0.270177 0.120404
0.27646 0.122986
0.282743 0.125559
0.289027 0.128121
0.29531 0.130674
0.301593 0.133217
0.307876 0.13575
0.314159 0.138273
0.320442 0.140786
0.326726 0.14329
0.333009 0.145783
0.339292 0.148267
0.345575 0.15074
0.351858 0.153204
0.358142 0.155658
0.364425 0.158102
0.370708 0.160536
0.376991 0.16296
0.383274 0.165374
0.389557 0.167779
0.395841 0.170173
0.402124 0.172558
0.408407 0.174933
0.41469 0.177297
0.420973 0.179652
0.427257 0.181997
0.43354 0.184332
0.439823 0.186658
0.446106 0.188973
0.452389 0.191279
0.458673 0.193574
0.464956 0.19586
0.471239 0.198136
0.477522 0.200401
0.483805 0.202657
0.490088 0.204904
0.496372 0.20714
0.502655 0.209366
0.508938 0.211583
0.515221 0.213789
0.521504 0.215986
0.527788 0.218172
0.534071 0.220349
0.540354 0.222516
0.546637 0.224673
0.55292 0.226821
0.559203 0.228958
0.565487 0.231085
0.57177 0.233203
0.578053 0.23531
0.584336 0.237408
0.590619 0.239496
0.596903 0.241574
0.603186 0.243642
0.609469 0.2457
0.615752 0.247748
0.622035 0.249787
0.628319 0.251815
0.634602 0.253834
0.640885 0.255842
0.647168 0.257841
0.653451 0.25983
0.659734 0.261809
0.666018 0.263778
0.672301 0.265738
0.678584 0.267687
0.684867 0.269626
0.69115 0.271556
0.697434 0.273475
0.703717 0.275385
0.71 0.277285
0.716283 0.279175
0.722566 0.281055
0.728849 0.282925
0.735133 0.284786
0.741416 0.286636
0.747699 0.288477
0.753982 0.290307
0.760265 0.292128
0.766549 0.293939
0.772832 0.29574
0.779115 0.297531
0.785398 0.299312
0.791681 0.301083
0.797965 0.302845
0.804248 0.304596
0.810531 0.306338
0.816814 0.308069
0.823097 0.309791
0.82938 0.311503
0.835664 0.313205
0.841947 0.314897
0.84823 0.31658
0.854513 0.318252
0.860796 0.319914
0.86708 0.321567
0.873363 0.32321
0.879646 0.324842
0.885929 0.326465
0.892212 0.328078
0.898495 0.329681
0.904779 0.331275
0.911062 0.332858
0.917345 0.334431
0.923628 0.335995
0.929911 0.337548
0.936195 0.339092
0.942478 0.340626
0.948761 0.34215
0.955044 0.343664
0.961327 0.345168
0.967611 0.346663
0.973894 0.348147
0.980177 0.349621
0.98646 0.351086
0.992743 0.352541
0.999026 0.353986
1.00531 0.355421
1.01159 0.356846
1.01788 0.358261
1.02416 0.359666
1.03044 0.361061
1.03673 0.362447
1.04301 0.363822
1.04929 0.365188
1.05558 0.366544
1.06186 0.36789
1.06814 0.369226
1.07442 0.370552
1.08071 0.371868
1.08699 0.373174
1.09327 0.374471
1.09956 0.375757
1.10584 0.377034
1.11212 0.378301
1.11841 0.379558
1.12469 0.380805
1.13097 0.382042
1.13726 0.383269
1.14354 0.384486
1.14982 0.385694
1.15611 0.386891
1.16239 0.388079
1.16867 0.389256
1.17496 0.390424
1.18124 0.391582
1.18752 0.39273
1.19381 0.393868
1.20009 0.394997
1.20637 0.396115
1.21265 0.397224
1.21894 0.398322
1.22522 0.399411
1.2315 0.40049
1.23779 0.401559
1.24407 0.402618
1.25035 0.403667
1.25664 0.404706
1.26292 0.405735
1.2692 0.406755
1.27549 0.407764
1.28177 0.408764
1.28805 0.409754
1.29434 0.410734
1.30062 0.411704
1.3069 0.412664
1.31319 0.413614
1.31947 0.414554
1.32575 0.415485
1.33204 0.416405
1.33832 0.417316
1.3446 0.418216
1.35088 0.419107
1.35717 0.419988
1.36345 0.420859
1.36973 0.42172
1.37602 0.422572
1.3823 0.423413
1.38858 0.424245
1.39487 0.425066
1.40115 0.425878
1.40743 0.42668
1.41372 0.427472
1.42 0.428254
1.42628 0.429026
1.43257 0.429788
1.43885 0.43054
1.44513 0.431283
1.45142 0.432015
1.4577 0.432738
1.46398 0.433451
1.47027 0.434154
1.47655 0.434847
1.48283 0.43553
1.48911 0.436203
1.4954 0.436866
1.50168 0.43752
1.50796 0.438163
1.51425 0.438797
1.52053 0.439421
1.52681 0.440035
1.5331 0.440639
1.53938 0.441233
1.54566 0.441817
1.55195 0.442391
1.55823 0.442955
1.56451 0.44351
1.5708 0.444055
1.57708 0.444589
1.58336 0.445114
1.58965 0.445629
1.59593 0.446134
1.60221 0.446629
1.6085 0.447114
1.61478 0.44759
1.62106 0.448055
1.62734 0.448511
1.63363 0.448957
1.63991 0.449392
1.64619 0.449818
1.65248 0.450234
1.65876 0.45064
1.66504 0.451037
1.67133 0.451423
1.67761 0.451799
1.68389 0.452166
1.69018 0.452523
1.69646 0.452869
1.70274 0.453206
1.70903 0.453533
1.71531 0.45385
1.72159 0.454157
1.72788 0.454455
1.73416 0.454742
1.74044 0.45502
1.74673 0.455287
1.75301 0.455545
1.75929 0.455793
1.76558 0.456031
1.77186 0.456259
1.77814 0.456477
1.78442 0.456685
1.79071 0.456884
1.79699 0.457072
1.80327 0.457251
1.80956 0.457419
1.81584 0.457578
1.82212 0.457727
1.82841 0.457866
1.83469 0.457995
1.84097 0.458115
1.84726 0.458224
1.85354 0.458323
1.85982 0.458413
1.86611 0.458493
1.87239 0.458562
1.87867 0.458622
1.88496 0.458672
1.89124 0.458712
1.89752 0.458742
1.90381 0.458763
1.91009 0.458773
1.91637 0.458774
1.92265 0.458764
1.92894 0.458745
1.93522 0.458716
1.9415 0.458677
1.94779 0.458628
1.95407 0.458569
1.96035 0.4585
1.96664 0.458422
1.97292 0.458333
1.9792 0.458235
1.98549 0.458127
1.99177 0.458008
1.99805 0.45788
2.00434 0.457742
2.01062 0.457594
2.0169 0.457437
2.02319 0.457269
2.02947 0.457092
2.03575 0.456904
2.04204 0.456707
2.04832 0.4565
2.0546 0.456282
2.06088 0.456055
2.06717 0.455819
2.07345 0.455572
2.07973 0.455315
2.08602 0.455049
2.0923 0.454772
2.09858 0.454486
2.10487 0.454189
2.11115 0.453883
2.11743 0.453567
2.12372 0.453241
2.13 0.452906
2.13628 0.45256
2.14257 0.452204
2.14885 0.451839
2.15513 0.451463
2.16142 0.451078
2.1677 0.450683
2.17398 0.450278
2.18027 0.449863
2.18655 0.449438
2.19283 0.449003
2.19911 0.448559
2.2054 0.448104
2.21168 0.44764
2.21796 0.447165
2.22425 0.446681
2.23053 0.446187
2.23681 0.445683
2.2431 0.445169
2.24938 0.444645
2.25566 0.444112
2.26195 0.443568
2.26823 0.443015
2.27451 0.442451
2.2808 0.441878
2.28708 0.441295
2.29336 0.440702
2.29965 0.440099
2.30593 0.439486
2.31221 0.438864
2.3185 0.438231
2.32478 0.437589
2.33106 0.436936
2.33734 0.436274
2.34363 0.435602
2.34991 0.43492
2.35619 0.434228
2.36248 0.433526
2.36876 0.432814
2.37504 0.432092
2.38133 0.431361
2.38761 0.43062
2.39389 0.429868
2.40018 0.429107
2.40646 0.428336
2.41274 0.427555
2.41903 0.426764
2.42531 0.425963
2.43159 0.425153
2.43788 0.424332
2.44416 0.423502
2.45044 0.422661
2.45673 0.421811
2.46301 0.420951
2.46929 0.420081
2.47558 0.419201
2.48186 0.418311
2.48814 0.417412
2.49442 0.416502
2.50071 0.415583
2.50699 0.414653
2.51327 0.413714
2.51956 0.412765
2.52584 0.411806
2.53212 0.410837
2.53841 0.409858
2.54469 0.408869
2.55097 0.407871
2.55726 0.406862
2.56354 0.405844
2.56982 0.404816
2.57611 0.403777
2.58239 0.402729
2.58867 0.401671
2.59496 0.400603
2.60124 0.399526
2.60752 0.398438
2.61381 0.39734
2.62009 0.396233
2.62637 0.395116
2.63265 0.393989
2.63894 0.392851
2.64522 0.391704
2.6515 0.390548
2.65779 0.389381
2.66407 0.388204
2.67035 0.387017
2.67664 0.385821
2.68292 0.384615
2.6892 0.383398
2.69549 0.382172
2.70177 0.380936
2.70805 0.37969
2.71434 0.378435
2.72062 0.377169
2.7269 0.375893
2.73319 0.374608
2.73947 0.373312
2.74575 0.372007
2.75204 0.370692
2.75832 0.369367
2.7646 0.368032
2.77088 0.366687
2.77717 0.365332
2.78345 0.363968
2.78973 0.362593
2.79602 0.361209
2.8023 0.359814
2.80858 0.35841
2.81487 0.356996
2.82115 0.355572
2.82743 0.354138
2.83372 0.352694
2.84 0.351241
2.84628 0.349777
2.85257 0.348304
2.85885 0.34682
2.86513 0.345327
2.87142 0.343824
2.8777 0.342311
2.88398 0.340788
2.89027 0.339255
2.89655 0.337713
2.90283 0.33616
2.90911 0.334598
2.9154 0.333025
2.92168 0.331443
2.92796 0.329851
2.93425 0.328249
2.94053 0.326637
2.94681 0.325015
2.9531 0.323383
2.95938 0.321742
2.96566 0.32009
2.97195 0.318429
2.97823 0.316757
2.98451 0.315076
2.9908 0.313385
2.99708 0.311684
3.00336 0.309973
3.00965 0.308252
3.01593 0.306522
3.02221 0.304781
3.0285 0.303031
3.03478 0.301271
3.04106 0.2995
3.04734 0.29772
3.05363 0.29593
3.05991 0.29413
3.06619 0.29232
3.07248 0.290501
3.07876 0.288671
3.08504 0.286832
3.09133 0.284982
3.09761 0.283123
3.10389 0.281254
3.11018 0.279375
3.11646 0.277486
3.12274 0.275587
3.12903 0.273678
3.13531 0.27176
3.14159 0.269831
