-3.14159 3.13529
-3.13531 3.00244
-3.12903 2.87181
-3.12274 2.7434
-3.11646 2.61717
-3.11018 2.4931
-3.10389 2.37118
-3.09761 2.25139
-3.09133 2.13369
-3.08504 2.01807
-3.07876 1.90452
-3.07248 1.79299
-3.06619 1.68349
-3.05991 1.57598
-3.05363 1.47045
-3.04734 1.36687
-3.04106 1.26523
-3.03478 1.1655
-3.0285 1.06766
-3.02221 0.971699
-3.01593 0.877592
-3.00965 0.785321
-3.00336 0.694864
-2.99708 0.606204
-2.9908 0.51932
-2.98451 0.434194
-2.97823 0.350806
-2.97195 0.269138
-2.96566 0.18917
-2.95938 0.110884
-2.9531 0.0342623
-2.94681 -0.0407146
-2.94053 -0.114065
-2.93425 -0.185806
-2.92796 -0.255957
-2.92168 -0.324535
-2.9154 -0.391558
-2.90911 -0.457044
-2.90283 -0.521011
-2.89655 -0.583475
-2.89027 -0.644454
-2.88398 -0.703965
-2.8777 -0.762026
-2.87142 -0.818653
-2.86513 -0.873864
-2.85885 -0.927674
-2.85257 -0.980101
-2.84628 -1.03116
-2.84 -1.08087
-2.83372 -1.12925
-2.82743 -1.1763
-2.82115 -1.22206
-2.81487 -1.26653
-2.80858 -1.30972
-2.8023 -1.35167
-2.79602 -1.39237
-2.78973 -1.43185
-2.78345 -1.47012
-2.77717 -1.5072
-2.77088 -1.5431
-2.7646 -1.57784
-2.75832 -1.61143
-2.75204 -1.64389
-2.74575 -1.67523
-2.73947 -1.70547
-2.73319 -1.73461
-2.7269 -1.76268
-2.72062 -1.78969
-2.71434 -1.81566
-2.70805 -1.84059
-2.70177 -1.8645
-2.69549 -1.88741
-2.6892 -1.90933
-2.68292 -1.93026
-2.67664 -1.95024
-2.67035 -1.96927
-2.66407 -1.98736
-2.65779 -2.00452
-2.6515 -2.02077
-2.64522 -2.03613
-2.63894 -2.0506
-2.63265 -2.0642
-2.62637 -2.07694
-2.62009 -2.08884
-2.61381 -2.0999
-2.60752 -2.11014
-2.60124 -2.11957
-2.59496 -2.1282
-2.58867 -2.13605
-2.58239 -2.14312
-2.57611 -2.14944
-2.56982 -2.155
-2.56354 -2.15983
-2.55726 -2.16393
-2.55097 -2.16732
-2.54469 -2.17
-2.53841 -2.172
-2.53212 -2.17331
-2.52584 -2.17395
-2.51956 -2.17394
-2.51327 -2.17328
-2.50699 -2.17199
-2.50071 -2.17006
-2.49442 -2.16753
-2.48814 -2.16439
-2.48186 -2.16066
-2.47558 -2.15634
-2.46929 -2.15145
-2.46301 -2.146
-2.45673 -2.14
-2.45044 -2.13346
-2.44416 -2.12638
-2.43788 -2.11878
-2.43159 -2.11067
-2.42531 -2.10206
-2.41903 -2.09296
-2.41274 -2.08337
-2.40646 -2.07331
-2.40018 -2.06278
-2.39389 -2.0518
-2.38761 -2.04037
-2.38133 -2.02851
-2.37504 -2.01622
-2.36876 -2.00351
-2.36248 -1.99039
-2.35619 -1.97687
-2.34991 -1.96295
-2.34363 -1.94866
-2.33734 -1.93399
-2.33106 -1.91895
-2.32478 -1.90355
-2.3185 -1.88781
-2.31221 -1.87172
-2.30593 -1.8553
-2.29965 -1.83855
-2.29336 -1.82149
-2.28708 -1.80412
-2.2808 -1.78644
-2.27451 -1.76848
-2.26823 -1.75022
-2.26195 -1.73169
-2.25566 -1.71289
-2.24938 -1.69383
-2.2431 -1.67451
-2.23681 -1.65494
-2.23053 -1.63512
-2.22425 -1.61508
-2.21796 -1.59481
-2.21168 -1.57431
-2.2054 -1.55361
-2.19911 -1.5327
-2.19283 -1.51159
-2.18655 -1.49028
-2.18027 -1.4688
-2.17398 -1.44713
-2.1677 -1.42529
-2.16142 -1.40328
-2.15513 -1.38111
-2.14885 -1.35879
-2.14257 -1.33632
-2.13628 -1.31371
-2.13 -1.29097
-2.12372 -1.26809
-2.11743 -1.2451
-2.11115 -1.22198
-2.10487 -1.19876
-2.09858 -1.17543
-2.0923 -1.152
-2.08602 -1.12847
-2.07973 -1.10486
-2.07345 -1.08117
-2.06717 -1.05739
-2.06088 -1.03355
-2.0546 -1.00963
-2.04832 -0.985659
-2.04204 -0.961629
-2.03575 -0.937547
-2.02947 -0.913419
-2.02319 -0.889249
-2.0169 -0.865044
-2.01062 -0.840807
-2.00434 -0.816543
-1.99805 -0.792258
-1.99177 -0.767956
-1.98549 -0.743641
-1.9792 -0.719318
-1.97292 -0.694992
-1.96664 -0.670668
-1.96035 -0.646349
-1.95407 -0.622039
-1.94779 -0.597744
-1.9415 -0.573468
-1.93522 -0.549214
-1.92894 -0.524986
-1.92265 -0.50079
-1.91637 -0.476628
-1.91009 -0.452505
-1.90381 -0.428425
-1.89752 -0.404391
-1.89124 -0.380408
-1.88496 -0.356478
-1.87867 -0.332606
-1.87239 -0.308796
-1.86611 -0.28505
-1.85982 -0.261373
-1.85354 -0.237768
-1.84726 -0.214238
-1.84097 -0.190787
-1.83469 -0.167417
-1.82841 -0.144133
-1.82212 -0.120937
-1.81584 -0.0978331
-1.80956 -0.0748236
-1.80327 -0.0519118
-1.79699 -0.0291007
-1.79071 -0.00639333
-1.78442 0.0162074
-1.77814 0.0386988
-1.77186 0.0610778
-1.76558 0.0833419
-1.75929 0.105488
-1.75301 0.127514
-1.74673 0.149417
-1.74044 0.171194
-1.73416 0.192843
-1.72788 0.214362
-1.72159 0.235748
-1.71531 0.256998
-1.70903 0.27811
-1.70274 0.299083
-1.69646 0.319913
-1.69018 0.340598
-1.68389 0.361137
-1.67761 0.381527
-1.67133 0.401767
-1.66504 0.421853
-1.65876 0.441784
-1.65248 0.461559
-1.64619 0.481175
-1.63991 0.50063
-1.63363 0.519923
-1.62734 0.539052
-1.62106 0.558015
-1.61478 0.57681
-1.6085 0.595436
-1.60221 0.613891
-1.59593 0.632173
-1.58965 0.650281
-1.58336 0.668214
-1.57708 0.68597
-1.5708 0.703548
-1.56451 0.720945
-1.55823 0.738162
-1.55195 0.755196
-1.54566 0.772046
-1.53938 0.788712
-1.5331 0.805191
-1.52681 0.821483
-1.52053 0.837587
-1.51425 0.853501
-1.50796 0.869224
-1.50168 0.884756
-1.4954 0.900096
-1.48911 0.915242
-1.48283 0.930193
-1.47655 0.944949
-1.47027 0.959509
-1.46398 0.973872
-1.4577 0.988038
-1.45142 1.002
-1.44513 1.01577
-1.43885 1.02934
-1.43257 1.04271
-1.42628 1.05587
-1.42 1.06884
-1.41372 1.0816
-1.40743 1.09416
-1.40115 1.10652
-1.39487 1.11867
-1.38858 1.13062
-1.3823 1.14236
-1.37602 1.1539
-1.36973 1.16524
-1.36345 1.17636
-1.35717 1.18729
-1.35088 1.198
-1.3446 1.20851
-1.33832 1.21882
-1.33204 1.22892
-1.32575 1.23881
-1.31947 1.24849
-1.31319 1.25797
-1.3069 1.26724
-1.30062 1.2763
-1.29434 1.28515
-1.28805 1.2938
-1.28177 1.30225
-1.27549 1.31048
-1.2692 1.31851
-1.26292 1.32633
-1.25664 1.33394
-1.25035 1.34135
-1.24407 1.34856
-1.23779 1.35555
-1.2315 1.36234
-1.22522 1.36893
-1.21894 1.37531
-1.21265 1.38149
-1.20637 1.38746
-1.20009 1.39322
-1.19381 1.39879
-1.18752 1.40415
-1.18124 1.40931
-1.17496 1.41426
-1.16867 1.41902
-1.16239 1.42357
-1.15611 1.42792
-1.14982 1.43207
-1.14354 1.43602
-1.13726 1.43977
-1.13097 1.44333
-1.12469 1.44668
-1.11841 1.44984
-1.11212 1.4528
-1.10584 1.45557
-1.09956 1.45814
-1.09327 1.46051
-1.08699 1.46269
-1.08071 1.46468
-1.07442 1.46648
-1.06814 1.46808
-1.06186 1.4695
-1.05558 1.47072
-1.04929 1.47176
-1.04301 1.4726
-1.03673 1.47326
-1.03044 1.47374
-1.02416 1.47402
-1.01788 1.47413
-1.01159 1.47405
-1.00531 1.47378
-0.999026 1.47334
-0.992743 1.47271
-0.98646 1.47191
-0.980177 1.47092
-0.973894 1.46976
-0.967611 1.46842
-0.961327 1.46691
-0.955044 1.46522
-0.948761 1.46335
-0.942478 1.46132
-0.936195 1.45911
-0.929911 1.45674
-0.923628 1.45419
-0.917345 1.45148
-0.911062 1.4486
-0.904779 1.44555
-0.898495 1.44234
-0.892212 1.43897
-0.885929 1.43544
-0.879646 1.43174
-0.873363 1.42788
-0.86708 1.42387
-0.860796 1.4197
-0.854513 1.41537
-0.84823 1.41089
-0.841947 1.40626
-0.835664 1.40147
-0.82938 1.39654
-0.823097 1.39145
-0.816814 1.38622
-0.810531 1.38084
-0.804248 1.37531
-0.797965 1.36964
-0.791681 1.36383
-0.785398 1.35788
-0.779115 1.35179
-0.772832 1.34555
-0.766549 1.33919
-0.760265 1.33268
-0.753982 1.32604
-0.747699 1.31927
-0.741416 1.31237
-0.735133 1.30534
-0.728849 1.29818
-0.722566 1.29089
-0.716283 1.28347
-0.71 1.27594
-0.703717 1.26827
-0.697434 1.26049
-0.69115 1.25259
-0.684867 1.24457
-0.678584 1.23643
-0.672301 1.22818
-0.666018 1.21981
-0.659734 1.21133
-0.653451 1.20274
-0.647168 1.19404
-0.640885 1.18524
-0.634602 1.17632
-0.628319 1.1673
-0.622035 1.15818
-0.615752 1.14896
-0.609469 1.13963
-0.603186 1.13021
-0.596903 1.12069
-0.590619 1.11107
-0.584336 1.10137
-0.578053 1.09156
-0.57177 1.08167
-0.565487 1.07169
-0.559203 1.06162
-0.55292 1.05146
-0.546637 1.04122
-0.540354 1.03089
-0.534071 1.02048
-0.527788 1.01
-0.521504 0.999429
-0.515221 0.988786
-0.508938 0.978068
-0.502655 0.967275
-0.496372 0.95641
-0.490088 0.945475
-0.483805 0.93447
-0.477522 0.923397
-0.471239 0.912259
-0.464956 0.901055
-0.458673 0.889789
-0.452389 0.878462
-0.446106 0.867074
-0.439823 0.855628
-0.43354 0.844126
-0.427257 0.832568
-0.420973 0.820957
-0.41469 0.809294
-0.408407 0.79758
-0.402124 0.785818
-0.395841 0.774008
-0.389557 0.762152
-0.383274 0.750252
-0.376991 0.738309
-0.370708 0.726325
-0.364425 0.714301
-0.358142 0.702239
-0.351858 0.690141
-0.345575 0.678008
-0.339292 0.665841
-0.333009 0.653643
-0.326726 0.641413
-0.320442 0.629155
-0.314159 0.61687
-0.307876 0.604559
-0.301593 0.592223
-0.29531 0.579865
-0.289027 0.567485
-0.282743 0.555086
-0.27646 0.542668
-0.270177 0.530233
-0.263894 0.517784
-0.257611 0.50532
-0.251327 0.492844
-0.245044 0.480357
-0.238761 0.46786
-0.232478 0.455356
-0.226195 0.442845
-0.219911 0.430329
-0.213628 0.41781
-0.207345 0.405288
-0.201062 0.392766
-0.194779 0.380244
-0.188496 0.367725
-0.182212 0.355209
-0.175929 0.342699
-0.169646 0.330194
-0.163363 0.317698
-0.15708 0.305211
-0.150796 0.292734
-0.144513 0.28027
-0.13823 0.267819
-0.131947 0.255383
-0.125664 0.242963
-0.119381 0.23056
-0.113097 0.218176
-0.106814 0.205813
-0.100531 0.193471
-0.0942478 0.181152
-0.0879646 0.168857
-0.0816814 0.156588
-0.0753982 0.144346
-0.069115 0.132132
-0.0628319 0.119947
-0.0565487 0.107793
-0.0502655 0.0956712
-0.0439823 0.0835826
-0.0376991 0.0715285
-0.0314159 0.0595103
-0.0251327 0.0475291
-0.0188496 0.0355863
-0.0125664 0.023683
-0.00628319 0.0118205
0 2.26557e-15
0.00628319 -0.0117773
0.0125664 -0.0235102
0.0188496 -0.0351976
0.0251327 -0.0468381
0.0314159 -0.0584307
0.0376991 -0.0699743
0.0439823 -0.0814675
0.0502655 -0.0929094
0.0565487 -0.104299
0.0628319 -0.115634
0.069115 -0.126915
0.0753982 -0.13814
0.0816814 -0.149308
0.0879646 -0.160418
0.0942478 -0.171469
0.100531 -0.182459
0.106814 -0.193388
0.113097 -0.204255
0.119381 -0.215059
0.125664 -0.225798
0.131947 -0.236471
0.13823 -0.247078
0.144513 -0.257618
0.150796 -0.268089
0.15708 -0.278491
0.163363 -0.288823
0.169646 -0.299083
0.175929 -0.309271
0.182212 -0.319385
0.188496 -0.329425
0.194779 -0.339391
0.201062 -0.34928
0.207345 -0.359093
0.213628 -0.368827
0.219911 -0.378483
0.226195 -0.38806
0.232478 -0.397556
0.238761 -0.406971
0.245044 -0.416304
0.251327 -0.425554
0.257611 -0.43472
0.263894 -0.443802
0.270177 -0.452798
0.27646 -0.461709
0.282743 -0.470533
0.289027 -0.479269
0.29531 -0.487917
0.301593 -0.496476
0.307876 -0.504945
0.314159 -0.513324
0.320442 -0.521612
0.326726 -0.529808
0.333009 -0.537911
0.339292 -0.545921
0.345575 -0.553837
0.351858 -0.561659
0.358142 -0.569386
0.364425 -0.577017
0.370708 -0.584552
0.376991 -0.59199
0.383274 -0.599331
0.389557 -0.606573
0.395841 -0.613717
0.402124 -0.620762
0.408407 -0.627707
0.41469 -0.634552
0.420973 -0.641297
0.427257 -0.64794
0.43354 -0.654481
0.439823 -0.660921
0.446106 -0.667258
0.452389 -0.673491
0.458673 -0.679622
0.464956 -0.685648
0.471239 -0.69157
0.477522 -0.697388
0.483805 -0.7031
0.490088 -0.708707
0.496372 -0.714208
0.502655 -0.719603
0.508938 -0.724891
0.515221 -0.730073
0.521504 -0.735147
0.527788 -0.740114
0.534071 -0.744974
0.540354 -0.749725
0.546637 -0.754368
0.55292 -0.758902
0.559203 -0.763328
0.565487 -0.767645
0.57177 -0.771853
0.578053 -0.775951
0.584336 -0.779939
0.590619 -0.783818
0.596903 -0.787587
0.603186 -0.791246
0.609469 -0.794795
0.615752 -0.798233
0.622035 -0.801561
0.628319 -0.804779
0.634602 -0.807885
0.640885 -0.810881
0.647168 -0.813766
0.653451 -0.816541
0.659734 -0.819204
0.666018 -0.821757
0.672301 -0.824199
0.678584 -0.826529
0.684867 -0.828749
0.69115 -0.830858
0.697434 -0.832856
0.703717 -0.834743
0.71 -0.83652
0.716283 -0.838186
0.722566 -0.839741
0.728849 -0.841186
0.735133 -0.84252
0.741416 -0.843744
0.747699 -0.844858
0.753982 -0.845862
0.760265 -0.846756
0.766549 -0.84754
0.772832 -0.848215
0.779115 -0.848781
0.785398 -0.849237
0.791681 -0.849584
0.797965 -0.849823
0.804248 -0.849954
0.810531 -0.849976
0.816814 -0.84989
0.823097 -0.849697
0.82938 -0.849396
0.835664 -0.848988
0.841947 -0.848474
0.84823 -0.847853
0.854513 -0.847126
0.860796 -0.846293
0.86708 -0.845355
0.873363 -0.844312
0.879646 -0.843164
0.885929 -0.841912
0.892212 -0.840556
0.898495 -0.839097
0.904779 -0.837534
0.911062 -0.835869
0.917345 -0.834102
0.923628 -0.832234
0.929911 -0.830264
0.936195 -0.828193
0.942478 -0.826022
0.948761 -0.823752
0.955044 -0.821382
0.961327 -0.818914
0.967611 -0.816347
0.973894 -0.813683
0.980177 -0.810922
0.98646 -0.808064
0.992743 -0.805111
0.999026 -0.802062
1.00531 -0.798919
1.01159 -0.795681
1.01788 -0.79235
1.02416 -0.788926
1.03044 -0.78541
1.03673 -0.781803
1.04301 -0.778105
1.04929 -0.774316
1.05558 -0.770438
1.06186 -0.766471
1.06814 -0.762416
1.07442 -0.758274
1.08071 -0.754045
1.08699 -0.74973
1.09327 -0.74533
1.09956 -0.740845
1.10584 -0.736277
1.11212 -0.731626
1.11841 -0.726893
1.12469 -0.722078
1.13097 -0.717183
1.13726 -0.712208
1.14354 -0.707154
1.14982 -0.702023
1.15611 -0.696814
1.16239 -0.691528
1.16867 -0.686167
1.17496 -0.680732
1.18124 -0.675222
1.18752 -0.66964
1.19381 -0.663986
1.20009 -0.65826
1.20637 -0.652465
1.21265 -0.6466
1.21894 -0.640666
1.22522 -0.634666
1.2315 -0.628598
1.23779 -0.622465
1.24407 -0.616268
1.25035 -0.610007
1.25664 -0.603683
1.26292 -0.597298
1.2692 -0.590851
1.27549 -0.584346
1.28177 -0.577781
1.28805 -0.571159
1.29434 -0.56448
1.30062 -0.557745
1.3069 -0.550956
1.31319 -0.544113
1.31947 -0.537217
1.32575 -0.53027
1.33204 -0.523273
1.33832 -0.516226
1.3446 -0.509131
1.35088 -0.501989
1.35717 -0.4948
1.36345 -0.487566
1.36973 -0.480289
1.37602 -0.472968
1.3823 -0.465606
1.38858 -0.458203
1.39487 -0.450761
1.40115 -0.44328
1.40743 -0.435762
1.41372 -0.428207
1.42 -0.420618
1.42628 -0.412995
1.43257 -0.405339
1.43885 -0.397651
1.44513 -0.389933
1.45142 -0.382186
1.4577 -0.374411
1.46398 -0.366608
1.47027 -0.35878
1.47655 -0.350928
1.48283 -0.343052
1.48911 -0.335153
1.4954 -0.327234
1.50168 -0.319295
1.50796 -0.311337
1.51425 -0.303362
1.52053 -0.295371
1.52681 -0.287364
1.5331 -0.279344
1.53938 -0.271312
1.54566 -0.263267
1.55195 -0.255213
1.55823 -0.24715
1.56451 -0.239079
1.5708 -0.231002
1.57708 -0.222919
1.58336 -0.214832
1.58965 -0.206743
1.59593 -0.198652
1.60221 -0.19056
1.6085 -0.18247
1.61478 -0.174381
1.62106 -0.166296
1.62734 -0.158216
1.63363 -0.150142
1.63991 -0.142074
1.64619 -0.134015
1.65248 -0.125966
1.65876 -0.117927
1.66504 -0.1099
1.67133 -0.101887
1.67761 -0.0938881
1.68389 -0.0859051
1.69018 -0.0779392
1.69646 -0.0699915
1.70274 -0.0620633
1.70903 -0.0541559
1.71531 -0.0462705
1.72159 -0.0384082
1.72788 -0.0305705
1.73416 -0.0227584
1.74044 -0.0149732
1.74673 -0.00721624
1.75301 0.00051138
1.75929 0.00820839
1.76558 0.0158736
1.77186 0.0235057
1.77814 0.0311036
1.78442 0.038666
1.79071 0.0461916
1.79699 0.0536794
1.80327 0.0611281
1.80956 0.0685364
1.81584 0.0759032
1.82212 0.0832273
1.82841 0.0905075
1.83469 0.0977426
1.84097 0.104931
1.84726 0.112073
1.85354 0.119166
1.85982 0.126209
1.86611 0.1332
1.87239 0.14014
1.87867 0.147027
1.88496 0.153859
1.89124 0.160636
1.89752 0.167355
1.90381 0.174018
1.91009 0.180621
1.91637 0.187164
1.92265 0.193645
1.92894 0.200065
1.93522 0.206421
1.9415 0.212712
1.94779 0.218938
1.95407 0.225098
1.96035 0.231189
1.96664 0.237212
1.97292 0.243165
1.9792 0.249047
1.98549 0.254857
1.99177 0.260594
1.99805 0.266258
2.00434 0.271846
2.01062 0.277358
2.0169 0.282793
2.02319 0.288151
2.02947 0.293429
2.03575 0.298627
2.04204 0.303745
2.04832 0.308781
2.0546 0.313734
2.06088 0.318603
2.06717 0.323388
2.07345 0.328087
2.07973 0.3327
2.08602 0.337226
2.0923 0.341664
2.09858 0.346012
2.10487 0.350271
2.11115 0.35444
2.11743 0.358516
2.12372 0.362501
2.13 0.366393
2.13628 0.37019
2.14257 0.373893
2.14885 0.377501
2.15513 0.381013
2.16142 0.384428
2.1677 0.387745
2.17398 0.390965
2.18027 0.394085
2.18655 0.397106
2.19283 0.400026
2.19911 0.402846
2.2054 0.405564
2.21168 0.408181
2.21796 0.410694
2.22425 0.413104
2.23053 0.415411
2.23681 0.417613
2.2431 0.419711
2.24938 0.421703
2.25566 0.423589
2.26195 0.425369
2.26823 0.427042
2.27451 0.428608
2.2808 0.430066
2.28708 0.431417
2.29336 0.432659
2.29965 0.433792
2.30593 0.434816
2.31221 0.43573
2.3185 0.436535
2.32478 0.43723
2.33106 0.437815
2.33734 0.438289
2.34363 0.438652
2.34991 0.438905
2.35619 0.439046
2.36248 0.439076
2.36876 0.438995
2.37504 0.438802
2.38133 0.438497
2.38761 0.438081
2.39389 0.437552
2.40018 0.436913
2.40646 0.436161
2.41274 0.435297
2.41903 0.434322
2.42531 0.433235
2.43159 0.432037
2.43788 0.430727
2.44416 0.429305
2.45044 0.427773
2.45673 0.426129
2.46301 0.424375
2.46929 0.42251
2.47558 0.420535
2.48186 0.41845
2.48814 0.416255
2.49442 0.413951
2.50071 0.411538
2.50699 0.409016
2.51327 0.406386
2.51956 0.403649
2.52584 0.400804
2.53212 0.397852
2.53841 0.394795
2.54469 0.391631
2.55097 0.388363
2.55726 0.38499
2.56354 0.381513
2.56982 0.377933
2.57611 0.374251
2.58239 0.370467
2.58867 0.366583
2.59496 0.362598
2.60124 0.358514
2.60752 0.354331
2.61381 0.350051
2.62009 0.345675
2.62637 0.341203
2.63265 0.336636
2.63894 0.331975
2.64522 0.327222
2.6515 0.322378
2.65779 0.317443
2.66407 0.312419
2.67035 0.307307
2.67664 0.302108
2.68292 0.296823
2.6892 0.291455
2.69549 0.286003
2.70177 0.28047
2.70805 0.274856
2.71434 0.269164
2.72062 0.263395
2.7269 0.257549
2.73319 0.25163
2.73947 0.245638
2.74575 0.239575
2.75204 0.233442
2.75832 0.227242
2.7646 0.220976
2.77088 0.214646
2.77717 0.208253
2.78345 0.2018
2.78973 0.195288
2.79602 0.188719
2.8023 0.182096
2.80858 0.17542
2.81487 0.168693
2.82115 0.161918
2.82743 0.155096
2.83372 0.148229
2.84 0.141321
2.84628 0.134373
2.85257 0.127387
2.85885 0.120366
2.86513 0.113312
2.87142 0.106228
2.8777 0.0991161
2.88398 0.0919785
2.89027 0.0848181
2.89655 0.0776375
2.90283 0.0704392
2.90911 0.063226
2.9154 0.0560006
2.92168 0.0487658
2.92796 0.0415244
2.93425 0.0342794
2.94053 0.0270336
2.94681 0.01979
2.9531 0.0125516
2.95938 0.00532144
2.96566 -0.00189728
2.97195 -0.00910144
2.97823 -0.0162878
2.98451 -0.0234532
2.9908 -0.0305942
2.99708 -0.0377075
3.00336 -0.0447897
3.00965 -0.0518373
3.01593 -0.0588469
3.02221 -0.0658148
3.0285 -0.0727375
3.03478 -0.0796112
3.04106 -0.0864324
3.04734 -0.0931971
3.05363 -0.0999016
3.05991 -0.106542
3.06619 -0.113114
3.07248 -0.119615
3.07876 -0.126039
3.08504 -0.132383
3.09133 -0.138643
3.09761 -0.144815
3.10389 -0.150893
3.11018 -0.156875
3.11646 -0.162755
3.12274 -0.16853
3.12903 -0.174194
3.13531 -0.179743
3.14159 -0.185173
