-3.14159 1.4788
-3.13531 1.48212
-3.12903 1.48035
-3.12274 1.47379
-3.11646 1.46272
-3.11018 1.44741
-3.10389 1.42811
-3.09761 1.40509
-3.09133 1.37856
-3.08504 1.34877
-3.07876 1.31592
-3.07248 1.28023
-3.06619 1.2419
-3.05991 1.20112
-3.05363 1.15807
-3.04734 1.11293
-3.04106 1.06586
-3.03478 1.01702
-3.0285 0.966569
-3.02221 0.914649
-3.01593 0.861399
-3.00965 0.806953
-3.00336 0.751437
-2.99708 0.694972
-2.9908 0.637674
-2.98451 0.579652
-2.97823 0.521011
-2.97195 0.461851
-2.96566 0.402267
-2.95938 0.342348
-2.9531 0.282182
-2.94681 0.221849
-2.94053 0.161427
-2.93425 0.10099
-2.92796 0.0406076
-2.92168 -0.0196532
-2.9154 -0.0797296
-2.90911 -0.139562
-2.90283 -0.199094
-2.89655 -0.258272
-2.89027 -0.317044
-2.88398 -0.375365
-2.8777 -0.433187
-2.87142 -0.490468
-2.86513 -0.547168
-2.85885 -0.60325
-2.85257 -0.658676
-2.84628 -0.713413
-2.84 -0.767431
-2.83372 -0.820698
-2.82743 -0.873187
-2.82115 -0.924872
-2.81487 -0.975729
-2.80858 -1.02573
-2.8023 -1.07487
-2.79602 -1.12311
-2.78973 -1.17043
-2.78345 -1.21683
-2.77717 -1.26229
-2.77088 -1.30679
-2.7646 -1.35031
-2.75832 -1.39285
-2.75204 -1.43439
-2.74575 -1.47493
-2.73947 -1.51445
-2.73319 -1.55295
-2.7269 -1.59041
-2.72062 -1.62684
-2.71434 -1.66222
-2.70805 -1.69655
-2.70177 -1.72983
-2.69549 -1.76205
-2.6892 -1.7932
-2.68292 -1.8233
-2.67664 -1.85232
-2.67035 -1.88028
-2.66407 -1.90717
-2.65779 -1.93299
-2.6515 -1.95775
-2.64522 -1.98143
-2.63894 -2.00405
-2.63265 -2.0256
-2.62637 -2.04609
-2.62009 -2.06552
-2.61381 -2.08389
-2.60752 -2.10121
-2.60124 -2.11747
-2.59496 -2.13269
-2.58867 -2.14687
-2.58239 -2.16
-2.57611 -2.1721
-2.56982 -2.18317
-2.56354 -2.19322
-2.55726 -2.20225
-2.55097 -2.21027
-2.54469 -2.21728
-2.53841 -2.2233
-2.53212 -2.22832
-2.52584 -2.23235
-2.51956 -2.23541
-2.51327 -2.23749
-2.50699 -2.23861
-2.50071 -2.23877
-2.49442 -2.23799
-2.48814 -2.23626
-2.48186 -2.23361
-2.47558 -2.23003
-2.46929 -2.22554
-2.46301 -2.22014
-2.45673 -2.21385
-2.45044 -2.20667
-2.44416 -2.19861
-2.43788 -2.18969
-2.43159 -2.17991
-2.42531 -2.16928
-2.41903 -2.15782
-2.41274 -2.14553
-2.40646 -2.13242
-2.40018 -2.11851
-2.39389 -2.1038
-2.38761 -2.08831
-2.38133 -2.07204
-2.37504 -2.05502
-2.36876 -2.03725
-2.36248 -2.01874
-2.35619 -1.9995
-2.34991 -1.97955
-2.34363 -1.95889
-2.33734 -1.93755
-2.33106 -1.91553
-2.32478 -1.89284
-2.3185 -1.8695
-2.31221 -1.84553
-2.30593 -1.82092
-2.29965 -1.7957
-2.29336 -1.76988
-2.28708 -1.74347
-2.2808 -1.71649
-2.27451 -1.68895
-2.26823 -1.66086
-2.26195 -1.63223
-2.25566 -1.60309
-2.24938 -1.57344
-2.2431 -1.54329
-2.23681 -1.51267
-2.23053 -1.48159
-2.22425 -1.45005
-2.21796 -1.41808
-2.21168 -1.38569
-2.2054 -1.35289
-2.19911 -1.3197
-2.19283 -1.28613
-2.18655 -1.25219
-2.18027 -1.21791
-2.17398 -1.1833
-2.1677 -1.14837
-2.16142 -1.11313
-2.15513 -1.07761
-2.14885 -1.04181
-2.14257 -1.00575
-2.13628 -0.969449
-2.13 -0.932918
-2.12372 -0.896174
-2.11743 -0.859231
-2.11115 -0.822104
-2.10487 -0.784809
-2.09858 -0.747361
-2.0923 -0.709774
-2.08602 -0.672065
-2.07973 -0.634247
-2.07345 -0.596337
-2.06717 -0.558349
-2.06088 -0.520298
-2.0546 -0.482199
-2.04832 -0.444068
-2.04204 -0.405918
-2.03575 -0.367766
-2.02947 -0.329625
-2.02319 -0.291512
-2.0169 -0.253439
-2.01062 -0.215423
-2.00434 -0.177477
-1.99805 -0.139617
-1.99177 -0.101856
-1.98549 -0.0642085
-1.9792 -0.0266896
-1.97292 0.010687
-1.96664 0.0479073
-1.96035 0.0849572
-1.95407 0.121823
-1.94779 0.158491
-1.9415 0.194947
-1.93522 0.231179
-1.92894 0.267172
-1.92265 0.302913
-1.91637 0.33839
-1.91009 0.37359
-1.90381 0.408499
-1.89752 0.443105
-1.89124 0.477396
-1.88496 0.511359
-1.87867 0.544983
-1.87239 0.578255
-1.86611 0.611163
-1.85982 0.643695
-1.85354 0.675842
-1.84726 0.70759
-1.84097 0.73893
-1.83469 0.76985
-1.82841 0.800339
-1.82212 0.830388
-1.81584 0.859986
-1.80956 0.889122
-1.80327 0.917788
-1.79699 0.945973
-1.79071 0.973669
-1.78442 1.00087
-1.77814 1.02755
-1.77186 1.05373
-1.76558 1.07937
-1.75929 1.10449
-1.75301 1.12906
-1.74673 1.15308
-1.74044 1.17655
-1.73416 1.19945
-1.72788 1.22178
-1.72159 1.24354
-1.71531 1.26471
-1.70903 1.28529
-1.70274 1.30527
-1.69646 1.32466
-1.69018 1.34343
-1.68389 1.36159
-1.67761 1.37914
-1.67133 1.39606
-1.66504 1.41236
-1.65876 1.42802
-1.65248 1.44305
-1.64619 1.45744
-1.63991 1.47119
-1.63363 1.4843
-1.62734 1.49675
-1.62106 1.50856
-1.61478 1.51972
-1.6085 1.53022
-1.60221 1.54006
-1.59593 1.54925
-1.58965 1.55778
-1.58336 1.56564
-1.57708 1.57285
-1.5708 1.5794
-1.56451 1.58529
-1.55823 1.59051
-1.55195 1.59508
-1.54566 1.59898
-1.53938 1.60223
-1.5331 1.60482
-1.52681 1.60675
-1.52053 1.60803
-1.51425 1.60866
-1.50796 1.60864
-1.50168 1.60797
-1.4954 1.60665
-1.48911 1.60469
-1.48283 1.6021
-1.47655 1.59887
-1.47027 1.59501
-1.46398 1.59052
-1.4577 1.5854
-1.45142 1.57967
-1.44513 1.57333
-1.43885 1.56637
-1.43257 1.55882
-1.42628 1.55066
-1.42 1.54191
-1.41372 1.53257
-1.40743 1.52266
-1.40115 1.51216
-1.39487 1.5011
-1.38858 1.48948
-1.3823 1.47731
-1.37602 1.46458
-1.36973 1.45132
-1.36345 1.43752
-1.35717 1.42319
-1.35088 1.40835
-1.3446 1.393
-1.33832 1.37715
-1.33204 1.36081
-1.32575 1.34398
-1.31947 1.32667
-1.31319 1.3089
-1.3069 1.29067
-1.30062 1.27199
-1.29434 1.25287
-1.28805 1.23333
-1.28177 1.21336
-1.27549 1.19298
-1.2692 1.1722
-1.26292 1.15103
-1.25664 1.12948
-1.25035 1.10755
-1.24407 1.08527
-1.23779 1.06264
-1.2315 1.03967
-1.22522 1.01637
-1.21894 0.992748
-1.21265 0.968823
-1.20637 0.944601
-1.20009 0.920094
-1.19381 0.895312
-1.18752 0.870268
-1.18124 0.844971
-1.17496 0.819434
-1.16867 0.793667
-1.16239 0.767682
-1.15611 0.741491
-1.14982 0.715103
-1.14354 0.688532
-1.13726 0.661789
-1.13097 0.634884
-1.12469 0.60783
-1.11841 0.580638
-1.11212 0.55332
-1.10584 0.525887
-1.09956 0.498351
-1.09327 0.470723
-1.08699 0.443015
-1.08071 0.415238
-1.07442 0.387404
-1.06814 0.359524
-1.06186 0.331611
-1.05558 0.303674
-1.04929 0.275726
-1.04301 0.247778
-1.03673 0.219842
-1.03044 0.191927
-1.02416 0.164047
-1.01788 0.136211
-1.01159 0.108432
-1.00531 0.0807193
-0.999026 0.0530845
-0.992743 0.0255386
-0.98646 -0.00190785
-0.980177 -0.029244
-0.973894 -0.0564593
-0.967611 -0.0835433
-0.961327 -0.110485
-0.955044 -0.137275
-0.948761 -0.163903
-0.942478 -0.190358
-0.936195 -0.216631
-0.929911 -0.242711
-0.923628 -0.268589
-0.917345 -0.294256
-0.911062 -0.319701
-0.904779 -0.344915
-0.898495 -0.369889
-0.892212 -0.394615
-0.885929 -0.419082
-0.879646 -0.443282
-0.873363 -0.467206
-0.86708 -0.490847
-0.860796 -0.514194
-0.854513 -0.537241
-0.84823 -0.559978
-0.841947 -0.582399
-0.835664 -0.604495
-0.82938 -0.626259
-0.823097 -0.647682
-0.816814 -0.668759
-0.810531 -0.689481
-0.804248 -0.709843
-0.797965 -0.729836
-0.791681 -0.749454
-0.785398 -0.768692
-0.779115 -0.787543
-0.772832 -0.806
-0.766549 -0.824058
-0.760265 -0.841711
-0.753982 -0.858954
-0.747699 -0.875781
-0.741416 -0.892188
-0.735133 -0.908169
-0.728849 -0.923719
-0.722566 -0.938834
-0.716283 -0.95351
-0.71 -0.967743
-0.703717 -0.981528
-0.697434 -0.994862
-0.69115 -1.00774
-0.684867 -1.02016
-0.678584 -1.03212
-0.672301 -1.04362
-0.666018 -1.05464
-0.659734 -1.0652
-0.653451 -1.07529
-0.647168 -1.0849
-0.640885 -1.09404
-0.634602 -1.1027
-0.628319 -1.11088
-0.622035 -1.11857
-0.615752 -1.12579
-0.609469 -1.13252
-0.603186 -1.13877
-0.596903 -1.14454
-0.590619 -1.14982
-0.584336 -1.15461
-0.578053 -1.15892
-0.57177 -1.16275
-0.565487 -1.16609
-0.559203 -1.16895
-0.55292 -1.17132
-0.546637 -1.17321
-0.540354 -1.17463
-0.534071 -1.17556
-0.527788 -1.17601
-0.521504 -1.17599
-0.515221 -1.1755
-0.508938 -1.17453
-0.502655 -1.1731
-0.496372 -1.17119
-0.490088 -1.16882
-0.483805 -1.16599
-0.477522 -1.1627
-0.471239 -1.15896
-0.464956 -1.15476
-0.458673 -1.15012
-0.452389 -1.14502
-0.446106 -1.13949
-0.439823 -1.13352
-0.43354 -1.12712
-0.427257 -1.12029
-0.420973 -1.11303
-0.41469 -1.10536
-0.408407 -1.09727
-0.402124 -1.08877
-0.395841 -1.07987
-0.389557 -1.07056
-0.383274 -1.06086
-0.376991 -1.05078
-0.370708 -1.0403
-0.364425 -1.02946
-0.358142 -1.01824
-0.351858 -1.00665
-0.345575 -0.994708
-0.339292 -0.98241
-0.333009 -0.969766
-0.326726 -0.956782
-0.320442 -0.943464
-0.314159 -0.929819
-0.307876 -0.915853
-0.301593 -0.901575
-0.29531 -0.88699
-0.289027 -0.872106
-0.282743 -0.856931
-0.27646 -0.84147
-0.270177 -0.825733
-0.263894 -0.809725
-0.257611 -0.793455
-0.251327 -0.776931
-0.245044 -0.760159
-0.238761 -0.743149
-0.232478 -0.725906
-0.226195 -0.708441
-0.219911 -0.690759
-0.213628 -0.67287
-0.207345 -0.654781
-0.201062 -0.636501
-0.194779 -0.618037
-0.188496 -0.599398
-0.182212 -0.580593
-0.175929 -0.561628
-0.169646 -0.542512
-0.163363 -0.523255
-0.15708 -0.503864
-0.150796 -0.484347
-0.144513 -0.464713
-0.13823 -0.44497
-0.131947 -0.425126
-0.125664 -0.405191
-0.119381 -0.385172
-0.113097 -0.365078
-0.106814 -0.344917
-0.100531 -0.324697
-0.0942478 -0.304427
-0.0879646 -0.284116
-0.0816814 -0.263771
-0.0753982 -0.243401
-0.069115 -0.223015
-0.0628319 -0.20262
-0.0565487 -0.182225
-0.0502655 -0.161837
-0.0439823 -0.141466
-0.0376991 -0.12112
-0.0314159 -0.100805
-0.0251327 -0.0805315
-0.0188496 -0.0603061
-0.0125664 -0.0401372
-0.00628319 -0.0200325
0 6.21725e-15
0.00628319 0.0199526
0.0125664 0.0398175
0.0188496 0.0595871
0.0251327 0.0792539
0.0314159 0.0988102
0.0376991 0.118249
0.0439823 0.137562
0.0502655 0.156743
0.0565487 0.175784
0.0628319 0.194678
0.069115 0.213419
0.0753982 0.231999
0.0816814 0.250411
0.0879646 0.268649
0.0942478 0.286706
0.100531 0.304576
0.106814 0.322251
0.113097 0.339726
0.119381 0.356995
0.125664 0.374051
0.131947 0.390888
0.13823 0.4075
0.144513 0.423882
0.150796 0.440028
0.15708 0.455932
0.163363 0.471589
0.169646 0.486994
0.175929 0.502141
0.182212 0.517025
0.188496 0.531642
0.194779 0.545986
0.201062 0.560053
0.207345 0.573838
0.213628 0.587336
0.219911 0.600545
0.226195 0.613458
0.232478 0.626073
0.238761 0.638386
0.245044 0.650392
0.251327 0.662088
0.257611 0.67347
0.263894 0.684536
0.270177 0.695282
0.27646 0.705704
0.282743 0.715801
0.289027 0.725569
0.29531 0.735006
0.301593 0.744108
0.307876 0.752875
0.314159 0.761303
0.320442 0.769391
0.326726 0.777136
0.333009 0.784537
0.339292 0.791593
0.345575 0.798301
0.351858 0.80466
0.358142 0.81067
0.364425 0.816329
0.370708 0.821637
0.376991 0.826592
0.383274 0.831194
0.389557 0.835443
0.395841 0.839338
0.402124 0.842879
0.408407 0.846066
0.41469 0.8489
0.420973 0.851379
0.427257 0.853506
0.43354 0.85528
0.439823 0.856702
0.446106 0.857773
0.452389 0.858494
0.458673 0.858866
0.464956 0.85889
0.471239 0.858568
0.477522 0.857901
0.483805 0.85689
0.490088 0.855538
0.496372 0.853847
0.502655 0.851818
0.508938 0.849453
0.515221 0.846755
0.521504 0.843727
0.527788 0.84037
0.534071 0.836688
0.540354 0.832684
0.546637 0.828359
0.55292 0.823718
0.559203 0.818762
0.565487 0.813497
0.57177 0.807924
0.578053 0.802048
0.584336 0.795872
0.590619 0.789399
0.596903 0.782634
0.603186 0.77558
0.609469 0.768241
0.615752 0.760622
0.622035 0.752726
0.628319 0.744559
0.634602 0.736123
0.640885 0.727425
0.647168 0.718467
0.653451 0.709256
0.659734 0.699795
0.666018 0.69009
0.672301 0.680145
0.678584 0.669965
0.684867 0.659556
0.69115 0.648923
0.697434 0.63807
0.703717 0.627003
0.71 0.615727
0.716283 0.604248
0.722566 0.59257
0.728849 0.580701
0.735133 0.568645
0.741416 0.556407
0.747699 0.543994
0.753982 0.531411
0.760265 0.518663
0.766549 0.505758
0.772832 0.4927
0.779115 0.479495
0.785398 0.46615
0.791681 0.45267
0.797965 0.439061
0.804248 0.425329
0.810531 0.411481
0.816814 0.397522
0.823097 0.383458
0.82938 0.369296
0.835664 0.355042
0.841947 0.340701
0.84823 0.32628
0.854513 0.311785
0.860796 0.297222
0.86708 0.282598
0.873363 0.267918
0.879646 0.253188
0.885929 0.238416
0.892212 0.223606
0.898495 0.208765
0.904779 0.193899
0.911062 0.179015
0.917345 0.164117
0.923628 0.149213
0.929911 0.134309
0.936195 0.11941
0.942478 0.104522
0.948761 0.0896519
0.955044 0.0748048
0.961327 0.059987
0.967611 0.0452042
0.973894 0.0304623
0.980177 0.0157671
0.98646 0.00112427
0.992743 -0.0134605
0.999026 -0.0279814
1.00531 -0.042433
1.01159 -0.0568097
1.01788 -0.071106
1.02416 -0.0853165
1.03044 -0.0994356
1.03673 -0.113458
1.04301 -0.127379
1.04929 -0.141193
1.05558 -0.154894
1.06186 -0.168479
1.06814 -0.181941
1.07442 -0.195275
1.08071 -0.208478
1.08699 -0.221544
1.09327 -0.234468
1.09956 -0.247246
1.10584 -0.259873
1.11212 -0.272345
1.11841 -0.284657
1.12469 -0.296805
1.13097 -0.308785
1.13726 -0.320593
1.14354 -0.332224
1.14982 -0.343674
1.15611 -0.35494
1.16239 -0.366019
1.16867 -0.376905
1.17496 -0.387595
1.18124 -0.398087
1.18752 -0.408376
1.19381 -0.41846
1.20009 -0.428334
1.20637 -0.437997
1.21265 -0.447444
1.21894 -0.456673
1.22522 -0.465681
1.2315 -0.474466
1.23779 -0.483024
1.24407 -0.491353
1.25035 -0.499451
1.25664 -0.507315
1.26292 -0.514943
1.2692 -0.522334
1.27549 -0.529484
1.28177 -0.536392
1.28805 -0.543057
1.29434 -0.549476
1.30062 -0.555648
1.3069 -0.561572
1.31319 -0.567246
1.31947 -0.572668
1.32575 -0.577838
1.33204 -0.582754
1.33832 -0.587417
1.3446 -0.591823
1.35088 -0.595974
1.35717 -0.599868
1.36345 -0.603505
1.36973 -0.606885
1.37602 -0.610006
1.3823 -0.612869
1.38858 -0.615474
1.39487 -0.61782
1.40115 -0.619908
1.40743 -0.621738
1.41372 -0.623311
1.42 -0.624626
1.42628 -0.625684
1.43257 -0.626485
1.43885 -0.627032
1.44513 -0.627323
1.45142 -0.627361
1.4577 -0.627145
1.46398 -0.626678
1.47027 -0.62596
1.47655 -0.624993
1.48283 -0.623778
1.48911 -0.622317
1.4954 -0.620611
1.50168 -0.618661
1.50796 -0.61647
1.51425 -0.614039
1.52053 -0.61137
1.52681 -0.608466
1.5331 -0.605328
1.53938 -0.601959
1.54566 -0.59836
1.55195 -0.594535
1.55823 -0.590485
1.56451 -0.586213
1.5708 -0.581722
1.57708 -0.577014
1.58336 -0.572093
1.58965 -0.56696
1.59593 -0.561619
1.60221 -0.556073
1.6085 -0.550325
1.61478 -0.544377
1.62106 -0.538234
1.62734 -0.531898
1.63363 -0.525372
1.63991 -0.518661
1.64619 -0.511766
1.65248 -0.504693
1.65876 -0.497444
1.66504 -0.490023
1.67133 -0.482433
1.67761 -0.474679
1.68389 -0.466764
1.69018 -0.458692
1.69646 -0.450466
1.70274 -0.442092
1.70903 -0.433571
1.71531 -0.424909
1.72159 -0.41611
1.72788 -0.407178
1.73416 -0.398116
1.74044 -0.388929
1.74673 -0.379621
1.75301 -0.370197
1.75929 -0.36066
1.76558 -0.351014
1.77186 -0.341265
1.77814 -0.331417
1.78442 -0.321473
1.79071 -0.311438
1.79699 -0.301316
1.80327 -0.291113
1.80956 -0.280832
1.81584 -0.270477
1.82212 -0.260054
1.82841 -0.249567
1.83469 -0.23902
1.84097 -0.228417
1.84726 -0.217764
1.85354 -0.207065
1.85982 -0.196323
1.86611 -0.185545
1.87239 -0.174733
1.87867 -0.163893
1.88496 -0.15303
1.89124 -0.142147
1.89752 -0.13125
1.90381 -0.120342
1.91009 -0.109428
1.91637 -0.0985129
1.92265 -0.0876009
1.92894 -0.0766965
1.93522 -0.0658039
1.9415 -0.0549278
1.94779 -0.0440723
1.95407 -0.0332419
1.96035 -0.022441
1.96664 -0.0116738
1.97292 -0.000944624
1.9792 0.00974226
1.98549 0.0203826
1.99177 0.0309723
1.99805 0.041507
2.00434 0.0519827
2.01062 0.0623953
2.0169 0.0727407
2.02319 0.0830149
2.02947 0.0932138
2.03575 0.103334
2.04204 0.11337
2.04832 0.12332
2.0546 0.133179
2.06088 0.142944
2.06717 0.15261
2.07345 0.162175
2.07973 0.171634
2.08602 0.180984
2.0923 0.190221
2.09858 0.199342
2.10487 0.208344
2.11115 0.217223
2.11743 0.225976
2.12372 0.2346
2.13 0.243091
2.13628 0.251447
2.14257 0.259664
2.14885 0.26774
2.15513 0.275671
2.16142 0.283455
2.1677 0.291089
2.17398 0.298571
2.18027 0.305897
2.18655 0.313065
2.19283 0.320073
2.19911 0.326919
2.2054 0.333599
2.21168 0.340112
2.21796 0.346456
2.22425 0.352629
2.23053 0.358628
2.23681 0.364452
2.2431 0.370099
2.24938 0.375567
2.25566 0.380854
2.26195 0.38596
2.26823 0.390882
2.27451 0.39562
2.2808 0.400171
2.28708 0.404536
2.29336 0.408712
2.29965 0.412699
2.30593 0.416496
2.31221 0.420101
2.3185 0.423516
2.32478 0.426738
2.33106 0.429768
2.33734 0.432604
2.34363 0.435248
2.34991 0.437697
2.35619 0.439954
2.36248 0.442017
2.36876 0.443887
2.37504 0.445564
2.38133 0.447048
2.38761 0.448341
2.39389 0.449442
2.40018 0.450352
2.40646 0.451072
2.41274 0.451603
2.41903 0.451946
2.42531 0.452103
2.43159 0.452074
2.43788 0.451861
2.44416 0.451466
2.45044 0.45089
2.45673 0.450135
2.46301 0.449203
2.46929 0.448095
2.47558 0.446815
2.48186 0.445363
2.48814 0.443743
2.49442 0.441958
2.50071 0.440008
2.50699 0.437898
2.51327 0.43563
2.51956 0.433207
2.52584 0.430632
2.53212 0.427909
2.53841 0.425039
2.54469 0.422028
2.55097 0.418878
2.55726 0.415593
2.56354 0.412176
2.56982 0.408632
2.57611 0.404964
2.58239 0.401176
2.58867 0.397273
2.59496 0.393258
2.60124 0.389136
2.60752 0.384911
2.61381 0.380588
2.62009 0.37617
2.62637 0.371663
2.63265 0.367071
2.63894 0.362399
2.64522 0.357652
2.6515 0.352834
2.65779 0.34795
2.66407 0.343005
2.67035 0.338004
2.67664 0.332952
2.68292 0.327853
2.6892 0.322713
2.69549 0.317537
2.70177 0.312329
2.70805 0.307094
2.71434 0.301837
2.72062 0.296563
2.7269 0.291276
2.73319 0.285981
2.73947 0.280683
2.74575 0.275386
2.75204 0.270094
2.75832 0.264812
2.7646 0.259543
2.77088 0.254291
2.77717 0.24906
2.78345 0.243853
2.78973 0.238674
2.79602 0.233525
2.8023 0.228409
2.80858 0.223329
2.81487 0.218286
2.82115 0.213283
2.82743 0.208319
2.83372 0.203398
2.84 0.198518
2.84628 0.19368
2.85257 0.188883
2.85885 0.184127
2.86513 0.179409
2.87142 0.174728
2.8777 0.170081
2.88398 0.165464
2.89027 0.160874
2.89655 0.156304
2.90283 0.15175
2.90911 0.147205
2.9154 0.14266
2.92168 0.138109
2.92796 0.13354
2.93425 0.128944
2.94053 0.124309
2.94681 0.119622
2.9531 0.11487
2.95938 0.110035
2.96566 0.105103
2.97195 0.100055
2.97823 0.09487
2.98451 0.0895282
2.9908 0.0840063
2.99708 0.0782796
3.00336 0.0723216
3.00965 0.066104
3.01593 0.0595965
3.02221 0.0527665
3.0285 0.0455796
3.03478 0.0379988
3.04106 0.029985
3.04734 0.0214963
3.05363 0.0124884
3.05991 0.00291445
3.06619 -0.00727547
3.07248 -0.0181341
3.07876 -0.0297173
3.08504 -0.042084
3.09133 -0.0552965
3.09761 -0.0694206
3.10389 -0.0845258
3.11018 -0.100685
3.11646 -0.117975
3.12274 -0.136478
3.12903 -0.156278
3.13531 -0.177465
3.14159 -0.200134
