-3.14159 1.4788
-3.13531 1.51519
-3.12903 1.55081
-3.12274 1.58567
-3.11646 1.61977
-3.11018 1.65311
-3.10389 1.68572
-3.09761 1.71759
-3.09133 1.74873
-3.08504 1.77915
-3.07876 1.80885
-3.07248 1.83784
-3.06619 1.86612
-3.05991 1.89371
-3.05363 1.92061
-3.04734 1.94683
-3.04106 1.97236
-3.03478 1.99723
-3.0285 2.02143
-3.02221 2.04497
-3.01593 2.06787
-3.00965 2.09011
-3.00336 2.11172
-2.99708 2.13269
-2.9908 2.15303
-2.98451 2.17275
-2.97823 2.19186
-2.97195 2.21036
-2.96566 2.22826
-2.95938 2.24556
-2.9531 2.26227
-2.94681 2.27839
-2.94053 2.29393
-2.93425 2.3089
-2.92796 2.32331
-2.92168 2.33715
-2.9154 2.35044
-2.90911 2.36317
-2.90283 2.37537
-2.89655 2.38702
-2.89027 2.39814
-2.88398 2.40874
-2.8777 2.41881
-2.87142 2.42837
-2.86513 2.43742
-2.85885 2.44596
-2.85257 2.45401
-2.84628 2.46156
-2.84 2.46862
-2.83372 2.4752
-2.82743 2.48131
-2.82115 2.48694
-2.81487 2.4921
-2.80858 2.49681
-2.8023 2.50105
-2.79602 2.50485
-2.78973 2.5082
-2.78345 2.51112
-2.77717 2.51359
-2.77088 2.51564
-2.7646 2.51726
-2.75832 2.51846
-2.75204 2.51925
-2.74575 2.51963
-2.73947 2.5196
-2.73319 2.51918
-2.7269 2.51836
-2.72062 2.51715
-2.71434 2.51556
-2.70805 2.51358
-2.70177 2.51123
-2.69549 2.50851
-2.6892 2.50543
-2.68292 2.50198
-2.67664 2.49818
-2.67035 2.49403
-2.66407 2.48953
-2.65779 2.48469
-2.6515 2.47951
-2.64522 2.474
-2.63894 2.46817
-2.63265 2.462
-2.62637 2.45552
-2.62009 2.44873
-2.61381 2.44163
-2.60752 2.43422
-2.60124 2.4265
-2.59496 2.4185
-2.58867 2.4102
-2.58239 2.40161
-2.57611 2.39274
-2.56982 2.38358
-2.56354 2.37416
-2.55726 2.36446
-2.55097 2.3545
-2.54469 2.34427
-2.53841 2.33379
-2.53212 2.32305
-2.52584 2.31206
-2.51956 2.30082
-2.51327 2.28935
-2.50699 2.27763
-2.50071 2.26568
-2.49442 2.2535
-2.48814 2.2411
-2.48186 2.22847
-2.47558 2.21563
-2.46929 2.20257
-2.46301 2.1893
-2.45673 2.17582
-2.45044 2.16214
-2.44416 2.14827
-2.43788 2.13419
-2.43159 2.11993
-2.42531 2.10548
-2.41903 2.09084
-2.41274 2.07602
-2.40646 2.06103
-2.40018 2.04586
-2.39389 2.03052
-2.38761 2.01502
-2.38133 1.99936
-2.37504 1.98353
-2.36876 1.96755
-2.36248 1.95142
-2.35619 1.93514
-2.34991 1.91871
-2.34363 1.90214
-2.33734 1.88544
-2.33106 1.8686
-2.32478 1.85162
-2.3185 1.83452
-2.31221 1.81729
-2.30593 1.79994
-2.29965 1.78248
-2.29336 1.76489
-2.28708 1.7472
-2.2808 1.72939
-2.27451 1.71148
-2.26823 1.69346
-2.26195 1.67535
-2.25566 1.65714
-2.24938 1.63883
-2.2431 1.62044
-2.23681 1.60195
-2.23053 1.58339
-2.22425 1.56474
-2.21796 1.54601
-2.21168 1.5272
-2.2054 1.50832
-2.19911 1.48937
-2.19283 1.47036
-2.18655 1.45127
-2.18027 1.43213
-2.17398 1.41293
-2.1677 1.39367
-2.16142 1.37436
-2.15513 1.355
-2.14885 1.33559
-2.14257 1.31613
-2.13628 1.29663
-2.13 1.27709
-2.12372 1.25751
-2.11743 1.2379
-2.11115 1.21825
-2.10487 1.19858
-2.09858 1.17887
-2.0923 1.15915
-2.08602 1.1394
-2.07973 1.11962
-2.07345 1.09984
-2.06717 1.08003
-2.06088 1.06022
-2.0546 1.04039
-2.04832 1.02055
-2.04204 1.00071
-2.03575 0.980866
-2.02947 0.961019
-2.02319 0.941174
-2.0169 0.921331
-2.01062 0.901495
-2.00434 0.881665
-1.99805 0.861846
-1.99177 0.842038
-1.98549 0.822245
-1.9792 0.802467
-1.97292 0.782708
-1.96664 0.76297
-1.96035 0.743253
-1.95407 0.723562
-1.94779 0.703896
-1.9415 0.684259
-1.93522 0.664653
-1.92894 0.645079
-1.92265 0.625539
-1.91637 0.606036
-1.91009 0.58657
-1.90381 0.567145
-1.89752 0.547762
-1.89124 0.528422
-1.88496 0.509128
-1.87867 0.489882
-1.87239 0.470684
-1.86611 0.451537
-1.85982 0.432443
-1.85354 0.413404
-1.84726 0.39442
-1.84097 0.375495
-1.83469 0.356629
-1.82841 0.337823
-1.82212 0.319081
-1.81584 0.300403
-1.80956 0.281791
-1.80327 0.263246
-1.79699 0.244771
-1.79071 0.226366
-1.78442 0.208033
-1.77814 0.189774
-1.77186 0.171591
-1.76558 0.153483
-1.75929 0.135454
-1.75301 0.117504
-1.74673 0.0996357
-1.74044 0.0818492
-1.73416 0.0641465
-1.72788 0.0465288
-1.72159 0.0289975
-1.71531 0.0115539
-1.70903 -0.0058006
-1.70274 -0.0230648
-1.69646 -0.0402374
-1.69018 -0.0573171
-1.68389 -0.0743028
-1.67761 -0.0911931
-1.67133 -0.107987
-1.66504 -0.124683
-1.65876 -0.14128
-1.65248 -0.157777
-1.64619 -0.174173
-1.63991 -0.190467
-1.63363 -0.206657
-1.62734 -0.222742
-1.62106 -0.238723
-1.61478 -0.254596
-1.6085 -0.270362
-1.60221 -0.286019
-1.59593 -0.301566
-1.58965 -0.317003
-1.58336 -0.332328
-1.57708 -0.34754
-1.5708 -0.362639
-1.56451 -0.377624
-1.55823 -0.392492
-1.55195 -0.407245
-1.54566 -0.421881
-1.53938 -0.436398
-1.5331 -0.450797
-1.52681 -0.465075
-1.52053 -0.479234
-1.51425 -0.493271
-1.50796 -0.507185
-1.50168 -0.520977
-1.4954 -0.534646
-1.48911 -0.54819
-1.48283 -0.561608
-1.47655 -0.574901
-1.47027 -0.588068
-1.46398 -0.601107
-1.4577 -0.614019
-1.45142 -0.626802
-1.44513 -0.639456
-1.43885 -0.65198
-1.43257 -0.664373
-1.42628 -0.676636
-1.42 -0.688767
-1.41372 -0.700767
-1.40743 -0.712633
-1.40115 -0.724367
-1.39487 -0.735966
-1.38858 -0.747432
-1.3823 -0.758763
-1.37602 -0.769958
-1.36973 -0.781019
-1.36345 -0.791943
-1.35717 -0.80273
-1.35088 -0.813381
-1.3446 -0.823894
-1.33832 -0.83427
-1.33204 -0.844507
-1.32575 -0.854606
-1.31947 -0.864567
-1.31319 -0.874388
-1.3069 -0.88407
-1.30062 -0.893612
-1.29434 -0.903013
-1.28805 -0.912275
-1.28177 -0.921396
-1.27549 -0.930376
-1.2692 -0.939215
-1.26292 -0.947912
-1.25664 -0.956468
-1.25035 -0.964882
-1.24407 -0.973154
-1.23779 -0.981284
-1.2315 -0.989272
-1.22522 -0.997117
-1.21894 -1.00482
-1.21265 -1.01238
-1.20637 -1.0198
-1.20009 -1.02707
-1.19381 -1.0342
-1.18752 -1.04119
-1.18124 -1.04803
-1.17496 -1.05473
-1.16867 -1.06129
-1.16239 -1.06771
-1.15611 -1.07398
-1.14982 -1.0801
-1.14354 -1.08609
-1.13726 -1.09193
-1.13097 -1.09763
-1.12469 -1.10318
-1.11841 -1.10859
-1.11212 -1.11386
-1.10584 -1.11898
-1.09956 -1.12396
-1.09327 -1.1288
-1.08699 -1.1335
-1.08071 -1.13805
-1.07442 -1.14246
-1.06814 -1.14673
-1.06186 -1.15085
-1.05558 -1.15484
-1.04929 -1.15868
-1.04301 -1.16238
-1.03673 -1.16594
-1.03044 -1.16935
-1.02416 -1.17263
-1.01788 -1.17576
-1.01159 -1.17875
-1.00531 -1.18161
-0.999026 -1.18432
-0.992743 -1.18689
-0.98646 -1.18933
-0.980177 -1.19162
-0.973894 -1.19377
-0.967611 -1.19579
-0.961327 -1.19767
-0.955044 -1.19941
-0.948761 -1.20101
-0.942478 -1.20247
-0.936195 -1.2038
-0.929911 -1.20499
-0.923628 -1.20604
-0.917345 -1.20696
-0.911062 -1.20774
-0.904779 -1.20838
-0.898495 -1.20889
-0.892212 -1.20927
-0.885929 -1.20952
-0.879646 -1.20962
-0.873363 -1.2096
-0.86708 -1.20945
-0.860796 -1.20916
-0.854513 -1.20874
-0.84823 -1.20819
-0.841947 -1.2075
-0.835664 -1.20669
-0.82938 -1.20575
-0.823097 -1.20468
-0.816814 -1.20348
-0.810531 -1.20215
-0.804248 -1.2007
-0.797965 -1.19911
-0.791681 -1.19741
-0.785398 -1.19557
-0.779115 -1.19361
-0.772832 -1.19153
-0.766549 -1.18932
-0.760265 -1.18699
-0.753982 -1.18453
-0.747699 -1.18195
-0.741416 -1.17925
-0.735133 -1.17643
-0.728849 -1.17349
-0.722566 -1.17043
-0.716283 -1.16725
-0.71 -1.16396
-0.703717 -1.16054
-0.697434 -1.15701
-0.69115 -1.15336
-0.684867 -1.14959
-0.678584 -1.14571
-0.672301 -1.14172
-0.666018 -1.13761
-0.659734 -1.13339
-0.653451 -1.12906
-0.647168 -1.12461
-0.640885 -1.12006
-0.634602 -1.11539
-0.628319 -1.11062
-0.622035 -1.10574
-0.615752 -1.10075
-0.609469 -1.09565
-0.603186 -1.09044
-0.596903 -1.08514
-0.590619 -1.07972
-0.584336 -1.07421
-0.578053 -1.06859
-0.57177 -1.06286
-0.565487 -1.05704
-0.559203 -1.05112
-0.55292 -1.04509
-0.546637 -1.03897
-0.540354 -1.03275
-0.534071 -1.02643
-0.527788 -1.02002
-0.521504 -1.01351
-0.515221 -1.0069
-0.508938 -1.00021
-0.502655 -0.993417
-0.496372 -0.986534
-0.490088 -0.97956
-0.483805 -0.972496
-0.477522 -0.965343
-0.471239 -0.958102
-0.464956 -0.950772
-0.458673 -0.943357
-0.452389 -0.935855
-0.446106 -0.928269
-0.439823 -0.920599
-0.43354 -0.912846
-0.427257 -0.905011
-0.420973 -0.897094
-0.41469 -0.889098
-0.408407 -0.881022
-0.402124 -0.872869
-0.395841 -0.864638
-0.389557 -0.85633
-0.383274 -0.847947
-0.376991 -0.83949
-0.370708 -0.830959
-0.364425 -0.822356
-0.358142 -0.813682
-0.351858 -0.804937
-0.345575 -0.796122
-0.339292 -0.787239
-0.333009 -0.778288
-0.326726 -0.76927
-0.320442 -0.760188
-0.314159 -0.75104
-0.307876 -0.741829
-0.301593 -0.732555
-0.29531 -0.72322
-0.289027 -0.713825
-0.282743 -0.70437
-0.27646 -0.694856
-0.270177 -0.685285
-0.263894 -0.675657
-0.257611 -0.665974
-0.251327 -0.656237
-0.245044 -0.646447
-0.238761 -0.636604
-0.232478 -0.62671
-0.226195 -0.616765
-0.219911 -0.606772
-0.213628 -0.59673
-0.207345 -0.586641
-0.201062 -0.576507
-0.194779 -0.566327
-0.188496 -0.556103
-0.182212 -0.545837
-0.175929 -0.535529
-0.169646 -0.52518
-0.163363 -0.514791
-0.15708 -0.504364
-0.150796 -0.4939
-0.144513 -0.483399
-0.13823 -0.472862
-0.131947 -0.462291
-0.125664 -0.451687
-0.119381 -0.441051
-0.113097 -0.430384
-0.106814 -0.419687
-0.100531 -0.408961
-0.0942478 -0.398207
-0.0879646 -0.387426
-0.0816814 -0.37662
-0.0753982 -0.365789
-0.069115 -0.354935
-0.0628319 -0.344058
-0.0565487 -0.33316
-0.0502655 -0.322242
-0.0439823 -0.311305
-0.0376991 -0.30035
-0.0314159 -0.289377
-0.0251327 -0.278389
-0.0188496 -0.267386
-0.0125664 -0.25637
-0.00628319 -0.245341
0 -0.2343
0.00628319 -0.223249
0.0125664 -0.212189
0.0188496 -0.20112
0.0251327 -0.190045
0.0314159 -0.178963
0.0376991 -0.167877
0.0439823 -0.156787
0.0502655 -0.145694
0.0565487 -0.134599
0.0628319 -0.123504
0.069115 -0.112409
0.0753982 -0.101316
0.0816814 -0.090226
0.0879646 -0.0791396
0.0942478 -0.0680582
0.100531 -0.0569827
0.106814 -0.0459143
0.113097 -0.0348542
0.119381 -0.0238032
0.125664 -0.0127627
0.131947 -0.00173359
0.13823 0.00928299
0.144513 0.020286
0.150796 0.0312742
0.15708 0.0422467
0.163363 0.0532024
0.169646 0.0641401
0.175929 0.0750588
0.182212 0.0859574
0.188496 0.0968349
0.194779 0.10769
0.201062 0.118522
0.207345 0.12933
0.213628 0.140112
0.219911 0.150868
0.226195 0.161596
0.232478 0.172295
0.238761 0.182965
0.245044 0.193604
0.251327 0.204212
0.257611 0.214786
0.263894 0.225327
0.270177 0.235832
0.27646 0.246302
0.282743 0.256735
0.289027 0.26713
0.29531 0.277485
0.301593 0.287801
0.307876 0.298075
0.314159 0.308307
0.320442 0.318496
0.326726 0.328641
0.333009 0.33874
0.339292 0.348794
0.345575 0.358799
0.351858 0.368757
0.358142 0.378666
0.364425 0.388524
0.370708 0.398331
0.376991 0.408085
0.383274 0.417786
0.389557 0.427433
0.395841 0.437025
0.402124 0.446561
0.408407 0.456039
0.41469 0.465459
0.420973 0.47482
0.427257 0.484121
0.43354 0.493361
0.439823 0.502539
0.446106 0.511654
0.452389 0.520705
0.458673 0.529691
0.464956 0.538611
0.471239 0.547464
0.477522 0.55625
0.483805 0.564967
0.490088 0.573615
0.496372 0.582192
0.502655 0.590698
0.508938 0.599132
0.515221 0.607492
0.521504 0.615778
0.527788 0.62399
0.534071 0.632125
0.540354 0.640184
0.546637 0.648165
0.55292 0.656068
0.559203 0.663891
0.565487 0.671635
0.57177 0.679297
0.578053 0.686877
0.584336 0.694374
0.590619 0.701788
0.596903 0.709118
0.603186 0.716362
0.609469 0.72352
0.615752 0.730591
0.622035 0.737575
0.628319 0.74447
0.634602 0.751275
0.640885 0.757991
0.647168 0.764616
0.653451 0.771149
0.659734 0.777589
0.666018 0.783937
0.672301 0.79019
0.678584 0.796349
0.684867 0.802412
0.69115 0.80838
0.697434 0.81425
0.703717 0.820022
0.71 0.825696
0.716283 0.831271
0.722566 0.836747
0.728849 0.842121
0.735133 0.847395
0.741416 0.852566
0.747699 0.857636
0.753982 0.862601
0.760265 0.867463
0.766549 0.872221
0.772832 0.876873
0.779115 0.88142
0.785398 0.885859
0.791681 0.890192
0.797965 0.894418
0.804248 0.898534
0.810531 0.902542
0.816814 0.906441
0.823097 0.910229
0.82938 0.913907
0.835664 0.917473
0.841947 0.920928
0.84823 0.92427
0.854513 0.927499
0.860796 0.930615
0.86708 0.933617
0.873363 0.936505
0.879646 0.939277
0.885929 0.941934
0.892212 0.944475
0.898495 0.946899
0.904779 0.949207
0.911062 0.951397
0.917345 0.953469
0.923628 0.955423
0.929911 0.957258
0.936195 0.958973
0.942478 0.96057
0.948761 0.962046
0.955044 0.963402
0.961327 0.964636
0.967611 0.96575
0.973894 0.966742
0.980177 0.967612
0.98646 0.96836
0.992743 0.968985
0.999026 0.969487
1.00531 0.969865
1.01159 0.97012
1.01788 0.970251
1.02416 0.970258
1.03044 0.970141
1.03673 0.969898
1.04301 0.96953
1.04929 0.969037
1.05558 0.968419
1.06186 0.967674
1.06814 0.966804
1.07442 0.965807
1.08071 0.964683
1.08699 0.963433
1.09327 0.962057
1.09956 0.960553
1.10584 0.958922
1.11212 0.957163
1.11841 0.955278
1.12469 0.953264
1.13097 0.951123
1.13726 0.948854
1.14354 0.946457
1.14982 0.943932
1.15611 0.941279
1.16239 0.938497
1.16867 0.935588
1.17496 0.93255
1.18124 0.929384
1.18752 0.92609
1.19381 0.922667
1.20009 0.919117
1.20637 0.915438
1.21265 0.91163
1.21894 0.907695
1.22522 0.903631
1.2315 0.899439
1.23779 0.89512
1.24407 0.890672
1.25035 0.886097
1.25664 0.881394
1.26292 0.876563
1.2692 0.871605
1.27549 0.86652
1.28177 0.861308
1.28805 0.855968
1.29434 0.850502
1.30062 0.84491
1.3069 0.839191
1.31319 0.833347
1.31947 0.827376
1.32575 0.82128
1.33204 0.815058
1.33832 0.808712
1.3446 0.802241
1.35088 0.795645
1.35717 0.788926
1.36345 0.782082
1.36973 0.775115
1.37602 0.768026
1.3823 0.760813
1.38858 0.753479
1.39487 0.746022
1.40115 0.738444
1.40743 0.730745
1.41372 0.722925
1.42 0.714986
1.42628 0.706926
1.43257 0.698748
1.43885 0.690451
1.44513 0.682035
1.45142 0.673502
1.4577 0.664852
1.46398 0.656086
1.47027 0.647204
1.47655 0.638206
1.48283 0.629094
1.48911 0.619867
1.4954 0.610527
1.50168 0.601074
1.50796 0.591509
1.51425 0.581832
1.52053 0.572045
1.52681 0.562148
1.5331 0.552141
1.53938 0.542025
1.54566 0.531802
1.55195 0.521471
1.55823 0.511034
1.56451 0.500492
1.5708 0.489845
1.57708 0.479094
1.58336 0.46824
1.58965 0.457283
1.59593 0.446226
1.60221 0.435067
1.6085 0.42381
1.61478 0.412454
1.62106 0.401
1.62734 0.389449
1.63363 0.377803
1.63991 0.366062
1.64619 0.354227
1.65248 0.342299
1.65876 0.33028
1.66504 0.31817
1.67133 0.305971
1.67761 0.293683
1.68389 0.281307
1.69018 0.268846
1.69646 0.256299
1.70274 0.243668
1.70903 0.230955
1.71531 0.21816
1.72159 0.205284
1.72788 0.19233
1.73416 0.179297
1.74044 0.166188
1.74673 0.153003
1.75301 0.139744
1.75929 0.126412
1.76558 0.113009
1.77186 0.0995357
1.77814 0.0859936
1.78442 0.072384
1.79071 0.0587083
1.79699 0.0449681
1.80327 0.0311646
1.80956 0.0172994
1.81584 0.00337399
1.82212 -0.0106102
1.82841 -0.0246518
1.83469 -0.0387491
1.84097 -0.0529006
1.84726 -0.0671048
1.85354 -0.0813601
1.85982 -0.0956648
1.86611 -0.110018
1.87239 -0.124416
1.87867 -0.13886
1.88496 -0.153346
1.89124 -0.167874
1.89752 -0.182442
1.90381 -0.197047
1.91009 -0.211688
1.91637 -0.226363
1.92265 -0.241071
1.92894 -0.25581
1.93522 -0.270578
1.9415 -0.285373
1.94779 -0.300193
1.95407 -0.315036
1.96035 -0.329901
1.96664 -0.344785
1.97292 -0.359687
1.9792 -0.374605
1.98549 -0.389536
1.99177 -0.404479
1.99805 -0.419432
2.00434 -0.434392
2.01062 -0.449358
2.0169 -0.464328
2.02319 -0.479298
2.02947 -0.494268
2.03575 -0.509236
2.04204 -0.524198
2.04832 -0.539153
2.0546 -0.554099
2.06088 -0.569033
2.06717 -0.583953
2.07345 -0.598858
2.07973 -0.613744
2.08602 -0.628609
2.0923 -0.643451
2.09858 -0.658268
2.10487 -0.673058
2.11115 -0.687817
2.11743 -0.702544
2.12372 -0.717236
2.13 -0.731891
2.13628 -0.746506
2.14257 -0.761078
2.14885 -0.775606
2.15513 -0.790087
2.16142 -0.804518
2.1677 -0.818896
2.17398 -0.83322
2.18027 -0.847486
2.18655 -0.861691
2.19283 -0.875834
2.19911 -0.889911
2.2054 -0.90392
2.21168 -0.917857
2.21796 -0.931721
2.22425 -0.945509
2.23053 -0.959217
2.23681 -0.972843
2.2431 -0.986384
2.24938 -0.999837
2.25566 -1.0132
2.26195 -1.02647
2.26823 -1.03964
2.27451 -1.05271
2.2808 -1.06568
2.28708 -1.07855
2.29336 -1.09131
2.29965 -1.10395
2.30593 -1.11648
2.31221 -1.12889
2.3185 -1.14119
2.32478 -1.15335
2.33106 -1.1654
2.33734 -1.17731
2.34363 -1.18908
2.34991 -1.20073
2.35619 -1.21223
2.36248 -1.22359
2.36876 -1.2348
2.37504 -1.24586
2.38133 -1.25677
2.38761 -1.26752
2.39389 -1.27811
2.40018 -1.28854
2.40646 -1.29881
2.41274 -1.3089
2.41903 -1.31882
2.42531 -1.32856
2.43159 -1.33812
2.43788 -1.3475
2.44416 -1.35669
2.45044 -1.36569
2.45673 -1.37449
2.46301 -1.38309
2.46929 -1.39149
2.47558 -1.39969
2.48186 -1.40768
2.48814 -1.41545
2.49442 -1.423
2.50071 -1.43034
2.50699 -1.43745
2.51327 -1.44433
2.51956 -1.45098
2.52584 -1.45739
2.53212 -1.46356
2.53841 -1.46949
2.54469 -1.47516
2.55097 -1.48059
2.55726 -1.48576
2.56354 -1.49067
2.56982 -1.49531
2.57611 -1.49969
2.58239 -1.50379
2.58867 -1.50762
2.59496 -1.51116
2.60124 -1.51442
2.60752 -1.51739
2.61381 -1.52007
2.62009 -1.52245
2.62637 -1.52453
2.63265 -1.52629
2.63894 -1.52775
2.64522 -1.5289
2.6515 -1.52972
2.65779 -1.53022
2.66407 -1.53039
2.67035 -1.53022
2.67664 -1.52972
2.68292 -1.52888
2.6892 -1.52769
2.69549 -1.52614
2.70177 -1.52425
2.70805 -1.52199
2.71434 -1.51936
2.72062 -1.51637
2.7269 -1.513
2.73319 -1.50925
2.73947 -1.50511
2.74575 -1.50059
2.75204 -1.49567
2.75832 -1.49036
2.7646 -1.48464
2.77088 -1.47851
2.77717 -1.47197
2.78345 -1.465
2.78973 -1.45762
2.79602 -1.4498
2.8023 -1.44156
2.80858 -1.43287
2.81487 -1.42374
2.82115 -1.41416
2.82743 -1.40412
2.83372 -1.39363
2.84 -1.38267
2.84628 -1.37124
2.85257 -1.35933
2.85885 -1.34695
2.86513 -1.33407
2.87142 -1.32071
2.8777 -1.30685
2.88398 -1.29249
2.89027 -1.27762
2.89655 -1.26224
2.90283 -1.24633
2.90911 -1.22991
2.9154 -1.21295
2.92168 -1.19546
2.92796 -1.17742
2.93425 -1.15884
2.94053 -1.13971
2.94681 -1.12002
2.9531 -1.09977
2.95938 -1.07894
2.96566 -1.05754
2.97195 -1.03556
2.97823 -1.01299
2.98451 -0.989831
2.9908 -0.96607
2.99708 -0.941704
3.00336 -0.916728
3.00965 -0.891133
3.01593 -0.864916
3.02221 -0.83807
3.0285 -0.810588
3.03478 -0.782465
3.04106 -0.753694
3.04734 -0.72427
3.05363 -0.694185
3.05991 -0.663434
3.06619 -0.632011
3.07248 -0.599909
3.07876 -0.567121
3.08504 -0.533641
3.09133 -0.499464
3.09761 -0.464582
3.10389 -0.428989
3.11018 -0.392679
3.11646 -0.355644
3.12274 -0.317879
3.12903 -0.279377
3.13531 -0.240131
3.14159 -0.200134
