-3.14159 1.4788
-3.13531 1.47457
-3.12903 1.47034
-3.12274 1.46612
-3.11646 1.4619
-3.11018 1.45769
-3.10389 1.45348
-3.09761 1.44927
-3.09133 1.44508
-3.08504 1.44088
-3.07876 1.4367
-3.07248 1.43251
-3.06619 1.42834
-3.05991 1.42416
-3.05363 1.42
-3.04734 1.41583
-3.04106 1.41168
-3.03478 1.40753
-3.0285 1.40338
-3.02221 1.39924
-3.01593 1.3951
-3.00965 1.39097
-3.00336 1.38684
-2.99708 1.38272
-2.9908 1.37861
-2.98451 1.37449
-2.97823 1.37039
-2.97195 1.36629
-2.96566 1.36219
-2.95938 1.3581
-2.9531 1.35402
-2.94681 1.34994
-2.94053 1.34586
-2.93425 1.34179
-2.92796 1.33773
-2.92168 1.33367
-2.9154 1.32961
-2.90911 1.32556
-2.90283 1.32152
-2.89655 1.31748
-2.89027 1.31344
-2.88398 1.30941
-2.8777 1.30539
-2.87142 1.30137
-2.86513 1.29736
-2.85885 1.29335
-2.85257 1.28935
-2.84628 1.28535
-2.84 1.28135
-2.83372 1.27737
-2.82743 1.27338
-2.82115 1.2694
-2.81487 1.26543
-2.80858 1.26146
-2.8023 1.2575
-2.79602 1.25354
-2.78973 1.24959
-2.78345 1.24564
-2.77717 1.2417
-2.77088 1.23776
-2.7646 1.23383
-2.75832 1.22991
-2.75204 1.22598
-2.74575 1.22207
-2.73947 1.21816
-2.73319 1.21425
-2.7269 1.21035
-2.72062 1.20645
-2.71434 1.20256
-2.70805 1.19868
-2.70177 1.19479
-2.69549 1.19092
-2.6892 1.18705
-2.68292 1.18318
-2.67664 1.17932
-2.67035 1.17547
-2.66407 1.17162
-2.65779 1.16777
-2.6515 1.16393
-2.64522 1.1601
-2.63894 1.15627
-2.63265 1.15244
-2.62637 1.14862
-2.62009 1.14481
-2.61381 1.141
-2.60752 1.1372
-2.60124 1.1334
-2.59496 1.1296
-2.58867 1.12581
-2.58239 1.12203
-2.57611 1.11825
-2.56982 1.11448
-2.56354 1.11071
-2.55726 1.10695
-2.55097 1.10319
-2.54469 1.09944
-2.53841 1.09569
-2.53212 1.09195
-2.52584 1.08821
-2.51956 1.08448
-2.51327 1.08075
-2.50699 1.07703
-2.50071 1.07331
-2.49442 1.0696
-2.48814 1.06589
-2.48186 1.06219
-2.47558 1.05849
-2.46929 1.0548
-2.46301 1.05111
-2.45673 1.04743
-2.45044 1.04376
-2.44416 1.04009
-2.43788 1.03642
-2.43159 1.03276
-2.42531 1.0291
-2.41903 1.02545
-2.41274 1.02181
-2.40646 1.01817
-2.40018 1.01453
-2.39389 1.0109
-2.38761 1.00728
-2.38133 1.00366
-2.37504 1.00004
-2.36876 0.996431
-2.36248 0.992826
-2.35619 0.989227
-2.34991 0.985632
-2.34363 0.982043
-2.33734 0.978459
-2.33106 0.97488
-2.32478 0.971306
-2.3185 0.967737
-2.31221 0.964174
-2.30593 0.960615
-2.29965 0.957062
-2.29336 0.953513
-2.28708 0.94997
-2.2808 0.946432
-2.27451 0.942899
-2.26823 0.939371
-2.26195 0.935848
-2.25566 0.93233
-2.24938 0.928818
-2.2431 0.925311
-2.23681 0.921808
-2.23053 0.918311
-2.22425 0.914819
-2.21796 0.911332
-2.21168 0.90785
-2.2054 0.904373
-2.19911 0.900902
-2.19283 0.897435
-2.18655 0.893974
-2.18027 0.890517
-2.17398 0.887066
-2.1677 0.88362
-2.16142 0.880179
-2.15513 0.876743
-2.14885 0.873313
-2.14257 0.869887
-2.13628 0.866467
-2.13 0.863051
-2.12372 0.859641
-2.11743 0.856236
-2.11115 0.852836
-2.10487 0.849441
-2.09858 0.846051
-2.0923 0.842667
-2.08602 0.839287
-2.07973 0.835913
-2.07345 0.832543
-2.06717 0.829179
-2.06088 0.82582
-2.0546 0.822466
-2.04832 0.819117
-2.04204 0.815773
-2.03575 0.812435
-2.02947 0.809101
-2.02319 0.805773
-2.0169 0.802449
-2.01062 0.799131
-2.00434 0.795818
-1.99805 0.79251
-1.99177 0.789207
-1.98549 0.78591
-1.9792 0.782617
-1.97292 0.779329
-1.96664 0.776047
-1.96035 0.77277
-1.95407 0.769498
-1.94779 0.766231
-1.9415 0.762969
-1.93522 0.759712
-1.92894 0.75646
-1.92265 0.753213
-1.91637 0.749972
-1.91009 0.746736
-1.90381 0.743504
-1.89752 0.740278
-1.89124 0.737057
-1.88496 0.733841
-1.87867 0.730631
-1.87239 0.727425
-1.86611 0.724224
-1.85982 0.721029
-1.85354 0.717839
-1.84726 0.714653
-1.84097 0.711473
-1.83469 0.708298
-1.82841 0.705128
-1.82212 0.701964
-1.81584 0.698804
-1.80956 0.69565
-1.80327 0.6925
-1.79699 0.689356
-1.79071 0.686217
-1.78442 0.683083
-1.77814 0.679954
-1.77186 0.67683
-1.76558 0.673711
-1.75929 0.670598
-1.75301 0.667489
-1.74673 0.664386
-1.74044 0.661287
-1.73416 0.658194
-1.72788 0.655106
-1.72159 0.652023
-1.71531 0.648946
-1.70903 0.645873
-1.70274 0.642805
-1.69646 0.639743
-1.69018 0.636685
-1.68389 0.633633
-1.67761 0.630586
-1.67133 0.627544
-1.66504 0.624507
-1.65876 0.621475
-1.65248 0.618449
-1.64619 0.615427
-1.63991 0.612411
-1.63363 0.6094
-1.62734 0.606393
-1.62106 0.603392
-1.61478 0.600396
-1.6085 0.597405
-1.60221 0.59442
-1.59593 0.591439
-1.58965 0.588464
-1.58336 0.585493
-1.57708 0.582528
-1.5708 0.579568
-1.56451 0.576613
-1.55823 0.573663
-1.55195 0.570718
-1.54566 0.567778
-1.53938 0.564844
-1.5331 0.561914
-1.52681 0.55899
-1.52053 0.556071
-1.51425 0.553156
-1.50796 0.550247
-1.50168 0.547344
-1.4954 0.544445
-1.48911 0.541551
-1.48283 0.538663
-1.47655 0.535779
-1.47027 0.532901
-1.46398 0.530028
-1.4577 0.527159
-1.45142 0.524296
-1.44513 0.521439
-1.43885 0.518586
-1.43257 0.515738
-1.42628 0.512896
-1.42 0.510058
-1.41372 0.507226
-1.40743 0.504399
-1.40115 0.501577
-1.39487 0.49876
-1.38858 0.495948
-1.3823 0.493141
-1.37602 0.49034
-1.36973 0.487543
-1.36345 0.484752
-1.35717 0.481965
-1.35088 0.479184
-1.3446 0.476408
-1.33832 0.473637
-1.33204 0.470872
-1.32575 0.468111
-1.31947 0.465355
-1.31319 0.462605
-1.3069 0.45986
-1.30062 0.457119
-1.29434 0.454384
-1.28805 0.451654
-1.28177 0.448929
-1.27549 0.446209
-1.2692 0.443495
-1.26292 0.440785
-1.25664 0.438081
-1.25035 0.435382
-1.24407 0.432687
-1.23779 0.429998
-1.2315 0.427314
-1.22522 0.424635
-1.21894 0.421962
-1.21265 0.419293
-1.20637 0.41663
-1.20009 0.413971
-1.19381 0.411318
-1.18752 0.40867
-1.18124 0.406027
-1.17496 0.403389
-1.16867 0.400756
-1.16239 0.398128
-1.15611 0.395506
-1.14982 0.392888
-1.14354 0.390276
-1.13726 0.387668
-1.13097 0.385066
-1.12469 0.382469
-1.11841 0.379877
-1.11212 0.377291
-1.10584 0.374709
-1.09956 0.372132
-1.09327 0.369561
-1.08699 0.366995
-1.08071 0.364433
-1.07442 0.361877
-1.06814 0.359326
-1.06186 0.35678
-1.05558 0.35424
-1.04929 0.351704
-1.04301 0.349174
-1.03673 0.346648
-1.03044 0.344128
-1.02416 0.341613
-1.01788 0.339103
-1.01159 0.336598
-1.00531 0.334098
-0.999026 0.331603
-0.992743 0.329113
-0.98646 0.326629
-0.980177 0.32415
-0.973894 0.321675
-0.967611 0.319206
-0.961327 0.316742
-0.955044 0.314283
-0.948761 0.311829
-0.942478 0.309381
-0.936195 0.306937
-0.929911 0.304499
-0.923628 0.302065
-0.917345 0.299637
-0.911062 0.297214
-0.904779 0.294796
-0.898495 0.292383
-0.892212 0.289975
-0.885929 0.287573
-0.879646 0.285175
-0.873363 0.282783
-0.86708 0.280395
-0.860796 0.278013
-0.854513 0.275636
-0.84823 0.273264
-0.841947 0.270897
-0.835664 0.268535
-0.82938 0.266179
-0.823097 0.263827
-0.816814 0.261481
-0.810531 0.25914
-0.804248 0.256803
-0.797965 0.254472
-0.791681 0.252146
-0.785398 0.249826
-0.779115 0.24751
-0.772832 0.245199
-0.766549 0.242894
-0.760265 0.240593
-0.753982 0.238298
-0.747699 0.236008
-0.741416 0.233723
-0.735133 0.231443
-0.728849 0.229168
-0.722566 0.226899
-0.716283 0.224634
-0.71 0.222375
-0.703717 0.22012
-0.697434 0.217871
-0.69115 0.215627
-0.684867 0.213388
-0.678584 0.211154
-0.672301 0.208925
-0.666018 0.206702
-0.659734 0.204483
-0.653451 0.20227
-0.647168 0.200061
-0.640885 0.197858
-0.634602 0.19566
-0.628319 0.193467
-0.622035 0.191279
-0.615752 0.189096
-0.609469 0.186919
-0.603186 0.184746
-0.596903 0.182579
-0.590619 0.180417
-0.584336 0.17826
-0.578053 0.176107
-0.57177 0.173961
-0.565487 0.171819
-0.559203 0.169682
-0.55292 0.16755
-0.546637 0.165424
-0.540354 0.163303
-0.534071 0.161186
-0.527788 0.159075
-0.521504 0.156969
-0.515221 0.154868
-0.508938 0.152773
-0.502655 0.150682
-0.496372 0.148596
-0.490088 0.146516
-0.483805 0.144441
-0.477522 0.14237
-0.471239 0.140305
-0.464956 0.138245
-0.458673 0.13619
-0.452389 0.134141
-0.446106 0.132096
-0.439823 0.130057
-0.43354 0.128022
-0.427257 0.125993
-0.420973 0.123969
-0.41469 0.12195
-0.408407 0.119936
-0.402124 0.117927
-0.395841 0.115923
-0.389557 0.113924
-0.383274 0.111931
-0.376991 0.109943
-0.370708 0.107959
-0.364425 0.105981
-0.358142 0.104008
-0.351858 0.10204
-0.345575 0.100077
-0.339292 0.0981198
-0.333009 0.0961672
-0.326726 0.0942198
-0.320442 0.0922774
-0.314159 0.0903402
-0.307876 0.0884081
-0.301593 0.0864811
-0.29531 0.0845592
-0.289027 0.0826424
-0.282743 0.0807308
-0.27646 0.0788242
-0.270177 0.0769228
-0.263894 0.0750265
-0.257611 0.0731353
-0.251327 0.0712492
-0.245044 0.0693682
-0.238761 0.0674924
-0.232478 0.0656217
-0.226195 0.063756
-0.219911 0.0618955
-0.213628 0.0600401
-0.207345 0.0581899
-0.201062 0.0563447
-0.194779 0.0545046
-0.188496 0.0526697
-0.182212 0.0508399
-0.175929 0.0490152
-0.169646 0.0471956
-0.163363 0.0453811
-0.15708 0.0435718
-0.150796 0.0417675
-0.144513 0.0399684
-0.13823 0.0381744
-0.131947 0.0363855
-0.125664 0.0346017
-0.119381 0.032823
-0.113097 0.0310494
-0.106814 0.029281
-0.100531 0.0275177
-0.0942478 0.0257595
-0.0879646 0.0240064
-0.0816814 0.0222584
-0.0753982 0.0205155
-0.069115 0.0187777
-0.0628319 0.0170451
-0.0565487 0.0153176
-0.0502655 0.0135952
-0.0439823 0.0118779
-0.0376991 0.0101657
-0.0314159 0.00845862
-0.0251327 0.00675666
-0.0188496 0.00505983
-0.0125664 0.0033681
-0.00628319 0.00168149
0 0
0.00628319 -0.00167638
0.0125664 -0.00334764
0.0188496 -0.00501379
0.0251327 -0.00667483
0.0314159 -0.00833075
0.0376991 -0.00998156
0.0439823 -0.0116272
0.0502655 -0.0132678
0.0565487 -0.0149033
0.0628319 -0.0165336
0.069115 -0.0181589
0.0753982 -0.019779
0.0816814 -0.021394
0.0879646 -0.0230039
0.0942478 -0.0246087
0.100531 -0.0262083
0.106814 -0.0278029
0.113097 -0.0293923
0.119381 -0.0309766
0.125664 -0.0325558
0.131947 -0.0341299
0.13823 -0.0356989
0.144513 -0.0372627
0.150796 -0.0388215
0.15708 -0.0403751
0.163363 -0.0419236
0.169646 -0.043467
0.175929 -0.0450053
0.182212 -0.0465384
0.188496 -0.0480665
0.194779 -0.0495894
0.201062 -0.0511073
0.207345 -0.05262
0.213628 -0.0541276
0.219911 -0.0556301
0.226195 -0.0571274
0.232478 -0.0586197
0.238761 -0.0601068
0.245044 -0.0615888
0.251327 -0.0630657
0.257611 -0.0645375
0.263894 -0.0660042
0.270177 -0.0674658
0.27646 -0.0689222
0.282743 -0.0703736
0.289027 -0.0718198
0.29531 -0.0732609
0.301593 -0.0746969
0.307876 -0.0761277
0.314159 -0.0775535
0.320442 -0.0789741
0.326726 -0.0803897
0.333009 -0.0818001
0.339292 -0.0832054
0.345575 -0.0846056
0.351858 -0.0860007
0.358142 -0.0873906
0.364425 -0.0887755
0.370708 -0.0901552
0.376991 -0.0915298
0.383274 -0.0928993
0.389557 -0.0942637
0.395841 -0.095623
0.402124 -0.0969771
0.408407 -0.0983261
0.41469 -0.0996701
0.420973 -0.101009
0.427257 -0.102343
0.43354 -0.103671
0.439823 -0.104995
0.446106 -0.106313
0.452389 -0.107626
0.458673 -0.108934
0.464956 -0.110237
0.471239 -0.111535
0.477522 -0.112828
0.483805 -0.114116
0.490088 -0.115398
0.496372 -0.116676
0.502655 -0.117948
0.508938 -0.119215
0.515221 -0.120477
0.521504 -0.121734
0.527788 -0.122986
0.534071 -0.124233
0.540354 -0.125475
0.546637 -0.126711
0.55292 -0.127942
0.559203 -0.129169
0.565487 -0.13039
0.57177 -0.131606
0.578053 -0.132817
0.584336 -0.134023
0.590619 -0.135223
0.596903 -0.136419
0.603186 -0.13761
0.609469 -0.138795
0.615752 -0.139975
0.622035 -0.14115
0.628319 -0.14232
0.634602 -0.143485
0.640885 -0.144645
0.647168 -0.1458
0.653451 -0.146949
0.659734 -0.148094
0.666018 -0.149233
0.672301 -0.150367
0.678584 -0.151496
0.684867 -0.15262
0.69115 -0.153739
0.697434 -0.154853
0.703717 -0.155962
0.71 -0.157065
0.716283 -0.158164
0.722566 -0.159257
0.728849 -0.160345
0.735133 -0.161428
0.741416 -0.162506
0.747699 -0.163579
0.753982 -0.164647
0.760265 -0.165709
0.766549 -0.166767
0.772832 -0.167819
0.779115 -0.168867
0.785398 -0.169909
0.791681 -0.170946
0.797965 -0.171978
0.804248 -0.173005
0.810531 -0.174026
0.816814 -0.175043
0.823097 -0.176054
0.82938 -0.177061
0.835664 -0.178062
0.841947 -0.179058
0.84823 -0.180049
0.854513 -0.181035
0.860796 -0.182016
0.86708 -0.182991
0.873363 -0.183962
0.879646 -0.184927
0.885929 -0.185888
0.892212 -0.186843
0.898495 -0.187793
0.904779 -0.188738
0.911062 -0.189678
0.917345 -0.190613
0.923628 -0.191542
0.929911 -0.192467
0.936195 -0.193386
0.942478 -0.1943
0.948761 -0.19521
0.955044 -0.196114
0.961327 -0.197013
0.967611 -0.197906
0.973894 -0.198795
0.980177 -0.199679
0.98646 -0.200557
0.992743 -0.201431
0.999026 -0.202299
1.00531 -0.203162
1.01159 -0.20402
1.01788 -0.204873
1.02416 -0.205721
1.03044 -0.206564
1.03673 -0.207401
1.04301 -0.208234
1.04929 -0.209061
1.05558 -0.209883
1.06186 -0.2107
1.06814 -0.211512
1.07442 -0.212319
1.08071 -0.213121
1.08699 -0.213918
1.09327 -0.214709
1.09956 -0.215496
1.10584 -0.216277
1.11212 -0.217053
1.11841 -0.217824
1.12469 -0.21859
1.13097 -0.219351
1.13726 -0.220107
1.14354 -0.220857
1.14982 -0.221603
1.15611 -0.222343
1.16239 -0.223078
1.16867 -0.223809
1.17496 -0.224534
1.18124 -0.225254
1.18752 -0.225968
1.19381 -0.226678
1.20009 -0.227383
1.20637 -0.228082
1.21265 -0.228777
1.21894 -0.229466
1.22522 -0.23015
1.2315 -0.230829
1.23779 -0.231503
1.24407 -0.232172
1.25035 -0.232835
1.25664 -0.233494
1.26292 -0.234147
1.2692 -0.234796
1.27549 -0.235439
1.28177 -0.236077
1.28805 -0.23671
1.29434 -0.237338
1.30062 -0.237961
1.3069 -0.238578
1.31319 -0.239191
1.31947 -0.239798
1.32575 -0.2404
1.33204 -0.240998
1.33832 -0.24159
1.3446 -0.242177
1.35088 -0.242759
1.35717 -0.243335
1.36345 -0.243907
1.36973 -0.244473
1.37602 -0.245035
1.3823 -0.245591
1.38858 -0.246142
1.39487 -0.246688
1.40115 -0.247229
1.40743 -0.247765
1.41372 -0.248296
1.42 -0.248821
1.42628 -0.249342
1.43257 -0.249857
1.43885 -0.250367
1.44513 -0.250872
1.45142 -0.251372
1.4577 -0.251867
1.46398 -0.252357
1.47027 -0.252842
1.47655 -0.253321
1.48283 -0.253796
1.48911 -0.254265
1.4954 -0.254729
1.50168 -0.255188
1.50796 -0.255642
1.51425 -0.256091
1.52053 -0.256535
1.52681 -0.256973
1.5331 -0.257407
1.53938 -0.257835
1.54566 -0.258259
1.55195 -0.258677
1.55823 -0.25909
1.56451 -0.259498
1.5708 -0.259901
1.57708 -0.260298
1.58336 -0.260691
1.58965 -0.261078
1.59593 -0.261461
1.60221 -0.261838
1.6085 -0.26221
1.61478 -0.262577
1.62106 -0.262939
1.62734 -0.263296
1.63363 -0.263648
1.63991 -0.263994
1.64619 -0.264336
1.65248 -0.264672
1.65876 -0.265003
1.66504 -0.265329
1.67133 -0.26565
1.67761 -0.265966
1.68389 -0.266277
1.69018 -0.266583
1.69646 -0.266883
1.70274 -0.267179
1.70903 -0.267469
1.71531 -0.267754
1.72159 -0.268034
1.72788 -0.268309
1.73416 -0.268579
1.74044 -0.268844
1.74673 -0.269103
1.75301 -0.269358
1.75929 -0.269607
1.76558 -0.269851
1.77186 -0.270091
1.77814 -0.270325
1.78442 -0.270553
1.79071 -0.270777
1.79699 -0.270996
1.80327 -0.27121
1.80956 -0.271418
1.81584 -0.271621
1.82212 -0.27182
1.82841 -0.272013
1.83469 -0.272201
1.84097 -0.272384
1.84726 -0.272561
1.85354 -0.272734
1.85982 -0.272902
1.86611 -0.273064
1.87239 -0.273221
1.87867 -0.273374
1.88496 -0.273521
1.89124 -0.273663
1.89752 -0.2738
1.90381 -0.273931
1.91009 -0.274058
1.91637 -0.274179
1.92265 -0.274296
1.92894 -0.274407
1.93522 -0.274513
1.9415 -0.274614
1.94779 -0.27471
1.95407 -0.274801
1.96035 -0.274887
1.96664 -0.274967
1.97292 -0.275043
1.9792 -0.275113
1.98549 -0.275179
1.99177 -0.275239
1.99805 -0.275294
2.00434 -0.275344
2.01062 -0.275388
2.0169 -0.275428
2.02319 -0.275463
2.02947 -0.275492
2.03575 -0.275517
2.04204 -0.275536
2.04832 -0.27555
2.0546 -0.275559
2.06088 -0.275563
2.06717 -0.275562
2.07345 -0.275555
2.07973 -0.275544
2.08602 -0.275527
2.0923 -0.275505
2.09858 -0.275479
2.10487 -0.275447
2.11115 -0.27541
2.11743 -0.275368
2.12372 -0.27532
2.13 -0.275268
2.13628 -0.27521
2.14257 -0.275148
2.14885 -0.27508
2.15513 -0.275007
2.16142 -0.274929
2.1677 -0.274846
2.17398 -0.274758
2.18027 -0.274665
2.18655 -0.274566
2.19283 -0.274463
2.19911 -0.274354
2.2054 -0.27424
2.21168 -0.274121
2.21796 -0.273998
2.22425 -0.273868
2.23053 -0.273734
2.23681 -0.273595
2.2431 -0.27345
2.24938 -0.273301
2.25566 -0.273146
2.26195 -0.272986
2.26823 -0.272821
2.27451 -0.272651
2.2808 -0.272476
2.28708 -0.272296
2.29336 -0.272111
2.29965 -0.27192
2.30593 -0.271725
2.31221 -0.271524
2.3185 -0.271318
2.32478 -0.271107
2.33106 -0.270891
2.33734 -0.27067
2.34363 -0.270444
2.34991 -0.270212
2.35619 -0.269976
2.36248 -0.269734
2.36876 -0.269487
2.37504 -0.269236
2.38133 -0.268979
2.38761 -0.268717
2.39389 -0.268449
2.40018 -0.268177
2.40646 -0.2679
2.41274 -0.267617
2.41903 -0.267329
2.42531 -0.267037
2.43159 -0.266739
2.43788 -0.266436
2.44416 -0.266128
2.45044 -0.265814
2.45673 -0.265496
2.46301 -0.265173
2.46929 -0.264844
2.47558 -0.26451
2.48186 -0.264172
2.48814 -0.263828
2.49442 -0.263479
2.50071 -0.263124
2.50699 -0.262765
2.51327 -0.262401
2.51956 -0.262031
2.52584 -0.261657
2.53212 -0.261277
2.53841 -0.260892
2.54469 -0.260502
2.55097 -0.260107
2.55726 -0.259707
2.56354 -0.259302
2.56982 -0.258891
2.57611 -0.258476
2.58239 -0.258055
2.58867 -0.257629
2.59496 -0.257199
2.60124 -0.256763
2.60752 -0.256321
2.61381 -0.255875
2.62009 -0.255424
2.62637 -0.254967
2.63265 -0.254506
2.63894 -0.254039
2.64522 -0.253567
2.6515 -0.253091
2.65779 -0.252609
2.66407 -0.252121
2.67035 -0.251629
2.67664 -0.251132
2.68292 -0.250629
2.6892 -0.250122
2.69549 -0.249609
2.70177 -0.249091
2.70805 -0.248568
2.71434 -0.24804
2.72062 -0.247507
2.7269 -0.246969
2.73319 -0.246425
2.73947 -0.245877
2.74575 -0.245323
2.75204 -0.244765
2.75832 -0.244201
2.7646 -0.243632
2.77088 -0.243058
2.77717 -0.242479
2.78345 -0.241894
2.78973 -0.241305
2.79602 -0.24071
2.8023 -0.240111
2.80858 -0.239506
2.81487 -0.238896
2.82115 -0.238281
2.82743 -0.237661
2.83372 -0.237036
2.84 -0.236405
2.84628 -0.23577
2.85257 -0.235129
2.85885 -0.234484
2.86513 -0.233833
2.87142 -0.233177
2.8777 -0.232516
2.88398 -0.23185
2.89027 -0.231178
2.89655 -0.230502
2.90283 -0.229821
2.90911 -0.229134
2.9154 -0.228442
2.92168 -0.227745
2.92796 -0.227044
2.93425 -0.226336
2.94053 -0.225624
2.94681 -0.224907
2.9531 -0.224185
2.95938 -0.223457
2.96566 -0.222724
2.97195 -0.221987
2.97823 -0.221244
2.98451 -0.220496
2.9908 -0.219743
2.99708 -0.218985
3.00336 -0.218221
3.00965 -0.217453
3.01593 -0.216679
3.02221 -0.215901
3.0285 -0.215117
3.03478 -0.214328
3.04106 -0.213534
3.04734 -0.212735
3.05363 -0.211931
3.05991 -0.211121
3.06619 -0.210307
3.07248 -0.209487
3.07876 -0.208662
3.08504 -0.207833
3.09133 -0.206998
3.09761 -0.206158
3.10389 -0.205313
3.11018 -0.204462
3.11646 -0.203607
3.12274 -0.202746
3.12903 -0.201881
3.13531 -0.20101
3.14159 -0.200134
