-3.14159 1.21367
-3.13531 1.19068
-3.12903 1.16532
-3.12274 1.13776
-3.11646 1.10811
-3.11018 1.0765
-3.10389 1.04308
-3.09761 1.00794
-3.09133 0.971217
-3.08504 0.93301
-3.07876 0.893426
-3.07248 0.852567
-3.06619 0.810529
-3.05991 0.767405
-3.05363 0.723283
-3.04734 0.67825
-3.04106 0.632385
-3.03478 0.585768
-3.0285 0.538474
-3.02221 0.490572
-3.01593 0.442133
-3.00965 0.393222
-3.00336 0.343901
-2.99708 0.294231
-2.9908 0.24427
-2.98451 0.194072
-2.97823 0.143691
-2.97195 0.0931778
-2.96566 0.0425797
-2.95938 -0.00805624
-2.9531 -0.0586857
-2.94681 -0.109266
-2.94053 -0.159756
-2.93425 -0.210118
-2.92796 -0.260313
-2.92168 -0.310306
-2.9154 -0.360063
-2.90911 -0.409551
-2.90283 -0.458738
-2.89655 -0.507594
-2.89027 -0.55609
-2.88398 -0.604199
-2.8777 -0.651894
-2.87142 -0.69915
-2.86513 -0.745943
-2.85885 -0.792248
-2.85257 -0.838045
-2.84628 -0.883311
-2.84 -0.928026
-2.83372 -0.97217
-2.82743 -1.01573
-2.82115 -1.05867
-2.81487 -1.101
-2.80858 -1.14268
-2.8023 -1.1837
-2.79602 -1.22406
-2.78973 -1.26372
-2.78345 -1.30269
-2.77717 -1.34094
-2.77088 -1.37847
-2.7646 -1.41525
-2.75832 -1.45129
-2.75204 -1.48657
-2.74575 -1.52108
-2.73947 -1.5548
-2.73319 -1.58773
-2.7269 -1.61987
-2.72062 -1.65119
-2.71434 -1.6817
-2.70805 -1.71139
-2.70177 -1.74024
-2.69549 -1.76826
-2.6892 -1.79543
-2.68292 -1.82174
-2.67664 -1.84721
-2.67035 -1.87181
-2.66407 -1.89554
-2.65779 -1.9184
-2.6515 -1.94038
-2.64522 -1.96149
-2.63894 -1.98171
-2.63265 -2.00105
-2.62637 -2.01949
-2.62009 -2.03704
-2.61381 -2.0537
-2.60752 -2.06947
-2.60124 -2.08433
-2.59496 -2.0983
-2.58867 -2.11137
-2.58239 -2.12353
-2.57611 -2.1348
-2.56982 -2.14516
-2.56354 -2.15463
-2.55726 -2.16319
-2.55097 -2.17086
-2.54469 -2.17763
-2.53841 -2.1835
-2.53212 -2.18848
-2.52584 -2.19256
-2.51956 -2.19576
-2.51327 -2.19807
-2.50699 -2.19949
-2.50071 -2.20004
-2.49442 -2.19971
-2.48814 -2.1985
-2.48186 -2.19643
-2.47558 -2.19349
-2.46929 -2.1897
-2.46301 -2.18504
-2.45673 -2.17954
-2.45044 -2.1732
-2.44416 -2.16602
-2.43788 -2.158
-2.43159 -2.14916
-2.42531 -2.13951
-2.41903 -2.12904
-2.41274 -2.11777
-2.40646 -2.1057
-2.40018 -2.09284
-2.39389 -2.0792
-2.38761 -2.06479
-2.38133 -2.04962
-2.37504 -2.03369
-2.36876 -2.01701
-2.36248 -1.9996
-2.35619 -1.98146
-2.34991 -1.9626
-2.34363 -1.94303
-2.33734 -1.92277
-2.33106 -1.90182
-2.32478 -1.8802
-2.3185 -1.85791
-2.31221 -1.83497
-2.30593 -1.81138
-2.29965 -1.78717
-2.29336 -1.76233
-2.28708 -1.73689
-2.2808 -1.71085
-2.27451 -1.68423
-2.26823 -1.65705
-2.26195 -1.6293
-2.25566 -1.60101
-2.24938 -1.57219
-2.2431 -1.54285
-2.23681 -1.51301
-2.23053 -1.48268
-2.22425 -1.45186
-2.21796 -1.42059
-2.21168 -1.38887
-2.2054 -1.35671
-2.19911 -1.32414
-2.19283 -1.29115
-2.18655 -1.25778
-2.18027 -1.22403
-2.17398 -1.18991
-2.1677 -1.15545
-2.16142 -1.12066
-2.15513 -1.08555
-2.14885 -1.05014
-2.14257 -1.01444
-2.13628 -0.978472
-2.13 -0.942247
-2.12372 -0.90578
-2.11743 -0.869089
-2.11115 -0.832187
-2.10487 -0.795092
-2.09858 -0.757818
-2.0923 -0.72038
-2.08602 -0.682796
-2.07973 -0.645079
-2.07345 -0.607247
-2.06717 -0.569314
-2.06088 -0.531296
-2.0546 -0.493208
-2.04832 -0.455067
-2.04204 -0.416888
-2.03575 -0.378686
-2.02947 -0.340477
-2.02319 -0.302276
-2.0169 -0.264099
-2.01062 -0.225961
-2.00434 -0.187878
-1.99805 -0.149863
-1.99177 -0.111934
-1.98549 -0.0741036
-1.9792 -0.0363881
-1.97292 0.00119805
-1.96664 0.03864
-1.96035 0.0759232
-1.95407 0.113033
-1.94779 0.149955
-1.9415 0.186675
-1.93522 0.223179
-1.92894 0.259453
-1.92265 0.295483
-1.91637 0.331255
-1.91009 0.366756
-1.90381 0.401972
-1.89752 0.43689
-1.89124 0.471497
-1.88496 0.50578
-1.87867 0.539727
-1.87239 0.573324
-1.86611 0.606559
-1.85982 0.639421
-1.85354 0.671897
-1.84726 0.703976
-1.84097 0.735645
-1.83469 0.766894
-1.82841 0.797711
-1.82212 0.828086
-1.81584 0.858008
-1.80956 0.887466
-1.80327 0.91645
-1.79699 0.944951
-1.79071 0.972957
-1.78442 1.00046
-1.77814 1.02745
-1.77186 1.05392
-1.76558 1.07986
-1.75929 1.10526
-1.75301 1.13011
-1.74673 1.15441
-1.74044 1.17814
-1.73416 1.20131
-1.72788 1.22389
-1.72159 1.2459
-1.71531 1.26731
-1.70903 1.28812
-1.70274 1.30833
-1.69646 1.32792
-1.69018 1.34691
-1.68389 1.36527
-1.67761 1.383
-1.67133 1.40011
-1.66504 1.41658
-1.65876 1.43241
-1.65248 1.44759
-1.64619 1.46213
-1.63991 1.47602
-1.63363 1.48925
-1.62734 1.50183
-1.62106 1.51375
-1.61478 1.525
-1.6085 1.5356
-1.60221 1.54553
-1.59593 1.55479
-1.58965 1.56338
-1.58336 1.57131
-1.57708 1.57857
-1.5708 1.58515
-1.56451 1.59107
-1.55823 1.59632
-1.55195 1.6009
-1.54566 1.60481
-1.53938 1.60806
-1.5331 1.61064
-1.52681 1.61255
-1.52053 1.61381
-1.51425 1.6144
-1.50796 1.61434
-1.50168 1.61362
-1.4954 1.61225
-1.48911 1.61023
-1.48283 1.60757
-1.47655 1.60426
-1.47027 1.60032
-1.46398 1.59575
-1.4577 1.59054
-1.45142 1.58471
-1.44513 1.57826
-1.43885 1.5712
-1.43257 1.56353
-1.42628 1.55525
-1.42 1.54638
-1.41372 1.53692
-1.40743 1.52687
-1.40115 1.51624
-1.39487 1.50504
-1.38858 1.49327
-1.3823 1.48095
-1.37602 1.46808
-1.36973 1.45466
-1.36345 1.4407
-1.35717 1.42622
-1.35088 1.41122
-1.3446 1.39571
-1.33832 1.3797
-1.33204 1.36319
-1.32575 1.34619
-1.31947 1.32872
-1.31319 1.31078
-1.3069 1.29238
-1.30062 1.27354
-1.29434 1.25425
-1.28805 1.23453
-1.28177 1.2144
-1.27549 1.19385
-1.2692 1.1729
-1.26292 1.15156
-1.25664 1.12985
-1.25035 1.10776
-1.24407 1.08531
-1.23779 1.06252
-1.2315 1.03939
-1.22522 1.01593
-1.21894 0.992157
-1.21265 0.968078
-1.20637 0.943704
-1.20009 0.919048
-1.19381 0.894121
-1.18752 0.868933
-1.18124 0.843495
-1.17496 0.81782
-1.16867 0.791919
-1.16239 0.765803
-1.15611 0.739483
-1.14982 0.712972
-1.14354 0.68628
-1.13726 0.659419
-1.13097 0.632401
-1.12469 0.605238
-1.11841 0.577941
-1.11212 0.550521
-1.10584 0.52299
-1.09956 0.495361
-1.09327 0.467644
-1.08699 0.439851
-1.08071 0.411993
-1.07442 0.384083
-1.06814 0.356132
-1.06186 0.328151
-1.05558 0.300151
-1.04929 0.272145
-1.04301 0.244143
-1.03673 0.216156
-1.03044 0.188197
-1.02416 0.160276
-1.01788 0.132405
-1.01159 0.104593
-1.00531 0.0768537
-0.999026 0.0491963
-0.992743 0.0216321
-0.98646 -0.00582809
-0.980177 -0.0331737
-0.973894 -0.0603941
-0.967611 -0.0874789
-0.961327 -0.114418
-0.955044 -0.1412
-0.948761 -0.167816
-0.942478 -0.194255
-0.936195 -0.220508
-0.929911 -0.246564
-0.923628 -0.272414
-0.917345 -0.298049
-0.911062 -0.323458
-0.904779 -0.348634
-0.898495 -0.373565
-0.892212 -0.398244
-0.885929 -0.422661
-0.879646 -0.446808
-0.873363 -0.470676
-0.86708 -0.494257
-0.860796 -0.517542
-0.854513 -0.540523
-0.84823 -0.563192
-0.841947 -0.585541
-0.835664 -0.607563
-0.82938 -0.629249
-0.823097 -0.650594
-0.816814 -0.671589
-0.810531 -0.692227
-0.804248 -0.712502
-0.797965 -0.732407
-0.791681 -0.751936
-0.785398 -0.771082
-0.779115 -0.789838
-0.772832 -0.8082
-0.766549 -0.826162
-0.760265 -0.843717
-0.753982 -0.86086
-0.747699 -0.877587
-0.741416 -0.893891
-0.735133 -0.90977
-0.728849 -0.925217
-0.722566 -0.940228
-0.716283 -0.954799
-0.71 -0.968926
-0.703717 -0.982606
-0.697434 -0.995834
-0.69115 -1.00861
-0.684867 -1.02092
-0.678584 -1.03278
-0.672301 -1.04416
-0.666018 -1.05509
-0.659734 -1.06554
-0.653451 -1.07552
-0.647168 -1.08503
-0.640885 -1.09406
-0.634602 -1.10262
-0.628319 -1.1107
-0.622035 -1.11829
-0.615752 -1.12541
-0.609469 -1.13204
-0.603186 -1.1382
-0.596903 -1.14386
-0.590619 -1.14905
-0.584336 -1.15375
-0.578053 -1.15797
-0.57177 -1.16171
-0.565487 -1.16496
-0.559203 -1.16773
-0.55292 -1.17002
-0.546637 -1.17183
-0.540354 -1.17316
-0.534071 -1.17402
-0.527788 -1.1744
-0.521504 -1.1743
-0.515221 -1.17374
-0.508938 -1.1727
-0.502655 -1.1712
-0.496372 -1.16923
-0.490088 -1.1668
-0.483805 -1.16391
-0.477522 -1.16056
-0.471239 -1.15676
-0.464956 -1.15251
-0.458673 -1.14781
-0.452389 -1.14268
-0.446106 -1.1371
-0.439823 -1.13109
-0.43354 -1.12465
-0.427257 -1.11778
-0.420973 -1.11049
-0.41469 -1.10279
-0.408407 -1.09467
-0.402124 -1.08614
-0.395841 -1.07721
-0.389557 -1.06789
-0.383274 -1.05817
-0.376991 -1.04807
-0.370708 -1.03759
-0.364425 -1.02673
-0.358142 -1.01551
-0.351858 -1.00392
-0.345575 -0.991974
-0.339292 -0.979679
-0.333009 -0.967039
-0.326726 -0.954061
-0.320442 -0.940753
-0.314159 -0.92712
-0.307876 -0.913169
-0.301593 -0.898908
-0.29531 -0.884343
-0.289027 -0.869481
-0.282743 -0.854329
-0.27646 -0.838896
-0.270177 -0.823187
-0.263894 -0.80721
-0.257611 -0.790974
-0.251327 -0.774485
-0.245044 -0.757751
-0.238761 -0.74078
-0.232478 -0.723579
-0.226195 -0.706157
-0.219911 -0.68852
-0.213628 -0.670678
-0.207345 -0.652638
-0.201062 -0.634408
-0.194779 -0.615997
-0.188496 -0.597411
-0.182212 -0.578661
-0.175929 -0.559752
-0.169646 -0.540695
-0.163363 -0.521496
-0.15708 -0.502165
-0.150796 -0.48271
-0.144513 -0.463138
-0.13823 -0.443459
-0.131947 -0.42368
-0.125664 -0.40381
-0.119381 -0.383857
-0.113097 -0.36383
-0.106814 -0.343736
-0.100531 -0.323585
-0.0942478 -0.303384
-0.0879646 -0.283141
-0.0816814 -0.262866
-0.0753982 -0.242566
-0.069115 -0.22225
-0.0628319 -0.201925
-0.0565487 -0.1816
-0.0502655 -0.161283
-0.0439823 -0.140982
-0.0376991 -0.120705
-0.0314159 -0.100461
-0.0251327 -0.0802567
-0.0188496 -0.0601006
-0.0125664 -0.0400006
-0.00628319 -0.0199645
0 -3.78324e-14
0.00628319 0.0198851
0.0125664 0.0396832
0.0188496 0.0593867
0.0251327 0.0789881
0.0314159 0.0984799
0.0376991 0.117855
0.0439823 0.137105
0.0502655 0.156224
0.0565487 0.175205
0.0628319 0.194039
0.069115 0.212721
0.0753982 0.231244
0.0816814 0.2496
0.0879646 0.267783
0.0942478 0.285786
0.100531 0.303604
0.106814 0.321228
0.113097 0.338654
0.119381 0.355875
0.125664 0.372884
0.131947 0.389676
0.13823 0.406245
0.144513 0.422586
0.150796 0.438691
0.15708 0.454557
0.163363 0.470178
0.169646 0.485547
0.175929 0.500661
0.182212 0.515513
0.188496 0.5301
0.194779 0.544416
0.201062 0.558457
0.207345 0.572217
0.213628 0.585693
0.219911 0.598881
0.226195 0.611776
0.232478 0.624373
0.238761 0.63667
0.245044 0.648663
0.251327 0.660347
0.257611 0.67172
0.263894 0.682777
0.270177 0.693517
0.27646 0.703935
0.282743 0.714029
0.289027 0.723796
0.29531 0.733234
0.301593 0.742339
0.307876 0.75111
0.314159 0.759544
0.320442 0.76764
0.326726 0.775394
0.333009 0.782806
0.339292 0.789875
0.345575 0.796597
0.351858 0.802973
0.358142 0.809
0.364425 0.814678
0.370708 0.820006
0.376991 0.824983
0.383274 0.829608
0.389557 0.833881
0.395841 0.837802
0.402124 0.84137
0.408407 0.844586
0.41469 0.847449
0.420973 0.849959
0.427257 0.852118
0.43354 0.853925
0.439823 0.855381
0.446106 0.856487
0.452389 0.857244
0.458673 0.857653
0.464956 0.857715
0.471239 0.857431
0.477522 0.856803
0.483805 0.855833
0.490088 0.854521
0.496372 0.852871
0.502655 0.850884
0.508938 0.848561
0.515221 0.845906
0.521504 0.842921
0.527788 0.839608
0.534071 0.83597
0.540354 0.832009
0.546637 0.827729
0.55292 0.823132
0.559203 0.818222
0.565487 0.813001
0.57177 0.807473
0.578053 0.801641
0.584336 0.795509
0.590619 0.789081
0.596903 0.78236
0.603186 0.77535
0.609469 0.768055
0.615752 0.760479
0.622035 0.752627
0.628319 0.744502
0.634602 0.736108
0.640885 0.727451
0.647168 0.718535
0.653451 0.709364
0.659734 0.699943
0.666018 0.690277
0.672301 0.680371
0.678584 0.670229
0.684867 0.659857
0.69115 0.649259
0.697434 0.638442
0.703717 0.627409
0.71 0.616167
0.716283 0.60472
0.722566 0.593075
0.728849 0.581236
0.735133 0.56921
0.741416 0.557001
0.747699 0.544615
0.753982 0.532058
0.760265 0.519337
0.766549 0.506455
0.772832 0.49342
0.779115 0.480238
0.785398 0.466913
0.791681 0.453453
0.797965 0.439862
0.804248 0.426148
0.810531 0.412316
0.816814 0.398372
0.823097 0.384322
0.82938 0.370172
0.835664 0.355929
0.841947 0.341598
0.84823 0.327186
0.854513 0.312698
0.860796 0.298142
0.86708 0.283522
0.873363 0.268846
0.879646 0.254119
0.885929 0.239348
0.892212 0.224539
0.898495 0.209697
0.904779 0.19483
0.911062 0.179942
0.917345 0.165041
0.923628 0.150132
0.929911 0.135221
0.936195 0.120315
0.942478 0.105419
0.948761 0.0905389
0.955044 0.0756816
0.961327 0.0608526
0.967611 0.0460577
0.973894 0.0313028
0.980177 0.0165937
0.98646 0.00193616
0.992743 -0.012664
0.999026 -0.0272012
1.00531 -0.0416698
1.01159 -0.0560641
1.01788 -0.0703787
1.02416 -0.084608
1.03044 -0.0987466
1.03673 -0.112789
1.04301 -0.126731
1.04929 -0.140565
1.05558 -0.154288
1.06186 -0.167894
1.06814 -0.181378
1.07442 -0.194736
1.08071 -0.207961
1.08699 -0.22105
1.09327 -0.233997
1.09956 -0.246798
1.10584 -0.259449
1.11212 -0.271944
1.11841 -0.28428
1.12469 -0.296451
1.13097 -0.308455
1.13726 -0.320286
1.14354 -0.33194
1.14982 -0.343413
1.15611 -0.354702
1.16239 -0.365803
1.16867 -0.376711
1.17496 -0.387424
1.18124 -0.397937
1.18752 -0.408248
1.19381 -0.418352
1.20009 -0.428247
1.20637 -0.437929
1.21265 -0.447396
1.21894 -0.456643
1.22522 -0.46567
1.2315 -0.474472
1.23779 -0.483047
1.24407 -0.491392
1.25035 -0.499506
1.25664 -0.507385
1.26292 -0.515027
1.2692 -0.522431
1.27549 -0.529594
1.28177 -0.536514
1.28805 -0.54319
1.29434 -0.549619
1.30062 -0.555801
1.3069 -0.561733
1.31319 -0.567414
1.31947 -0.572844
1.32575 -0.57802
1.33204 -0.582942
1.33832 -0.587608
1.3446 -0.592018
1.35088 -0.596172
1.35717 -0.600068
1.36345 -0.603706
1.36973 -0.607085
1.37602 -0.610206
1.3823 -0.613067
1.38858 -0.61567
1.39487 -0.618013
1.40115 -0.620097
1.40743 -0.621923
1.41372 -0.62349
1.42 -0.624799
1.42628 -0.62585
1.43257 -0.626645
1.43885 -0.627183
1.44513 -0.627466
1.45142 -0.627494
1.4577 -0.627269
1.46398 -0.626792
1.47027 -0.626064
1.47655 -0.625085
1.48283 -0.623859
1.48911 -0.622386
1.4954 -0.620667
1.50168 -0.618705
1.50796 -0.616502
1.51425 -0.614058
1.52053 -0.611377
1.52681 -0.60846
1.5331 -0.605309
1.53938 -0.601927
1.54566 -0.598315
1.55195 -0.594477
1.55823 -0.590415
1.56451 -0.586131
1.5708 -0.581628
1.57708 -0.576908
1.58336 -0.571976
1.58965 -0.566832
1.59593 -0.561481
1.60221 -0.555925
1.6085 -0.550167
1.61478 -0.544211
1.62106 -0.53806
1.62734 -0.531717
1.63363 -0.525185
1.63991 -0.518468
1.64619 -0.511569
1.65248 -0.504492
1.65876 -0.49724
1.66504 -0.489818
1.67133 -0.482228
1.67761 -0.474474
1.68389 -0.466561
1.69018 -0.458491
1.69646 -0.45027
1.70274 -0.441901
1.70903 -0.433387
1.71531 -0.424734
1.72159 -0.415944
1.72788 -0.407022
1.73416 -0.397973
1.74044 -0.388799
1.74673 -0.379507
1.75301 -0.370099
1.75929 -0.36058
1.76558 -0.350954
1.77186 -0.341226
1.77814 -0.331399
1.78442 -0.321479
1.79071 -0.31147
1.79699 -0.301375
1.80327 -0.2912
1.80956 -0.280948
1.81584 -0.270625
1.82212 -0.260235
1.82841 -0.249781
1.83469 -0.239269
1.84097 -0.228702
1.84726 -0.218087
1.85354 -0.207426
1.85982 -0.196724
1.86611 -0.185986
1.87239 -0.175216
1.87867 -0.164419
1.88496 -0.153598
1.89124 -0.14276
1.89752 -0.131907
1.90381 -0.121044
1.91009 -0.110176
1.91637 -0.0993066
1.92265 -0.0884408
1.92894 -0.0775827
1.93522 -0.0667365
1.9415 -0.0559065
1.94779 -0.0450971
1.95407 -0.0343123
1.96035 -0.0235565
1.96664 -0.0128338
1.97292 -0.00214835
1.9792 0.00849576
1.98549 0.0190944
1.99177 0.0296436
1.99805 0.0401393
2.00434 0.0505775
2.01062 0.0609543
2.0169 0.0712658
2.02319 0.0815081
2.02947 0.0916775
2.03575 0.10177
2.04204 0.111782
2.04832 0.12171
2.0546 0.131551
2.06088 0.1413
2.06717 0.150954
2.07345 0.160509
2.07973 0.169963
2.08602 0.179312
2.0923 0.188552
2.09858 0.197681
2.10487 0.206694
2.11115 0.21559
2.11743 0.224364
2.12372 0.233014
2.13 0.241536
2.13628 0.249929
2.14257 0.258188
2.14885 0.266312
2.15513 0.274297
2.16142 0.282141
2.1677 0.28984
2.17398 0.297394
2.18027 0.304798
2.18655 0.312052
2.19283 0.319151
2.19911 0.326095
2.2054 0.33288
2.21168 0.339506
2.21796 0.345969
2.22425 0.352267
2.23053 0.358399
2.23681 0.364363
2.2431 0.370158
2.24938 0.37578
2.25566 0.381229
2.26195 0.386503
2.26823 0.391601
2.27451 0.396521
2.2808 0.401262
2.28708 0.405822
2.29336 0.410201
2.29965 0.414397
2.30593 0.418409
2.31221 0.422236
2.3185 0.425877
2.32478 0.429332
2.33106 0.432599
2.33734 0.435679
2.34363 0.438569
2.34991 0.441271
2.35619 0.443783
2.36248 0.446105
2.36876 0.448237
2.37504 0.450179
2.38133 0.45193
2.38761 0.45349
2.39389 0.454859
2.40018 0.456038
2.40646 0.457027
2.41274 0.457826
2.41903 0.458434
2.42531 0.458854
2.43159 0.459084
2.43788 0.459127
2.44416 0.458981
2.45044 0.458649
2.45673 0.45813
2.46301 0.457427
2.46929 0.456539
2.47558 0.455468
2.48186 0.454214
2.48814 0.45278
2.49442 0.451166
2.50071 0.449374
2.50699 0.447405
2.51327 0.44526
2.51956 0.442942
2.52584 0.440451
2.53212 0.43779
2.53841 0.43496
2.54469 0.431964
2.55097 0.428802
2.55726 0.425478
2.56354 0.421994
2.56982 0.41835
2.57611 0.414551
2.58239 0.410597
2.58867 0.406492
2.59496 0.402237
2.60124 0.397836
2.60752 0.393291
2.61381 0.388604
2.62009 0.383779
2.62637 0.378817
2.63265 0.373722
2.63894 0.368497
2.64522 0.363145
2.6515 0.357669
2.65779 0.352071
2.66407 0.346354
2.67035 0.340523
2.67664 0.33458
2.68292 0.328528
2.6892 0.32237
2.69549 0.316111
2.70177 0.309752
2.70805 0.303299
2.71434 0.296753
2.72062 0.290119
2.7269 0.283399
2.73319 0.276597
2.73947 0.269718
2.74575 0.262763
2.75204 0.255737
2.75832 0.248643
2.7646 0.241484
2.77088 0.234264
2.77717 0.226987
2.78345 0.219655
2.78973 0.212272
2.79602 0.20484
2.8023 0.197365
2.80858 0.189847
2.81487 0.182292
2.82115 0.1747
2.82743 0.167076
2.83372 0.159423
2.84 0.151742
2.84628 0.144036
2.85257 0.136308
2.85885 0.128561
2.86513 0.120795
2.87142 0.113013
2.8777 0.105217
2.88398 0.0974088
2.89027 0.0895886
2.89655 0.081758
2.90283 0.0739177
2.90911 0.0660683
2.9154 0.0582099
2.92168 0.0503425
2.92796 0.0424655
2.93425 0.0345783
2.94053 0.0266795
2.94681 0.0187677
2.9531 0.0108407
2.95938 0.00289615
2.96566 -0.00506899
2.97195 -0.0130582
2.97823 -0.0210755
2.98451 -0.0291254
2.9908 -0.0372132
2.99708 -0.0453448
3.00336 -0.0535266
3.00965 -0.0617659
3.01593 -0.0700707
3.02221 -0.0784497
3.0285 -0.0869125
3.03478 -0.0954696
3.04106 -0.104132
3.04734 -0.112913
3.05363 -0.121825
3.05991 -0.130883
3.06619 -0.140102
3.07248 -0.1495
3.07876 -0.159093
3.08504 -0.168901
3.09133 -0.178944
3.09761 -0.189246
3.10389 -0.199828
3.11018 -0.210716
3.11646 -0.221936
3.12274 -0.233517
3.12903 -0.245488
3.13531 -0.257881
3.14159 -0.27073
