-3.14159 -2.12807
-3.13531 -2.09524
-3.12903 -2.06263
-3.12274 -2.03023
-3.11646 -1.99805
-3.11018 -1.96609
-3.10389 -1.93434
-3.09761 -1.9028
-3.09133 -1.87148
-3.08504 -1.84036
-3.07876 -1.80946
-3.07248 -1.77877
-3.06619 -1.74829
-3.05991 -1.71802
-3.05363 -1.68796
-3.04734 -1.6581
-3.04106 -1.62845
-3.03478 -1.59901
-3.0285 -1.56977
-3.02221 -1.54074
-3.01593 -1.51191
-3.00965 -1.48328
-3.00336 -1.45485
-2.99708 -1.42663
-2.9908 -1.39861
-2.98451 -1.37079
-2.97823 -1.34316
-2.97195 -1.31574
-2.96566 -1.28851
-2.95938 -1.26148
-2.9531 -1.23464
-2.94681 -1.20801
-2.94053 -1.18156
-2.93425 -1.15531
-2.92796 -1.12925
-2.92168 -1.10339
-2.9154 -1.07772
-2.90911 -1.05224
-2.90283 -1.02695
-2.89655 -1.00185
-2.89027 -0.976935
-2.88398 -0.952211
-2.8777 -0.927675
-2.87142 -0.903326
-2.86513 -0.879163
-2.85885 -0.855185
-2.85257 -0.831392
-2.84628 -0.807783
-2.84 -0.784357
-2.83372 -0.761114
-2.82743 -0.738052
-2.82115 -0.715172
-2.81487 -0.692472
-2.80858 -0.669951
-2.8023 -0.64761
-2.79602 -0.625447
-2.78973 -0.603461
-2.78345 -0.581652
-2.77717 -0.56002
-2.77088 -0.538563
-2.7646 -0.51728
-2.75832 -0.496172
-2.75204 -0.475237
-2.74575 -0.454474
-2.73947 -0.433884
-2.73319 -0.413465
-2.7269 -0.393216
-2.72062 -0.373138
-2.71434 -0.353228
-2.70805 -0.333487
-2.70177 -0.313914
-2.69549 -0.294508
-2.6892 -0.275269
-2.68292 -0.256195
-2.67664 -0.237286
-2.67035 -0.218542
-2.66407 -0.199962
-2.65779 -0.181544
-2.6515 -0.163289
-2.64522 -0.145195
-2.63894 -0.127263
-2.63265 -0.109491
-2.62637 -0.0918783
-2.62009 -0.0744248
-2.61381 -0.0571297
-2.60752 -0.0399921
-2.60124 -0.0230116
-2.59496 -0.00618738
-2.58867 0.0104812
-2.58239 0.0269948
-2.57611 0.0433541
-2.56982 0.0595597
-2.56354 0.0756123
-2.55726 0.0915127
-2.55097 0.107261
-2.54469 0.122859
-2.53841 0.138306
-2.53212 0.153604
-2.52584 0.168752
-2.51956 0.183752
-2.51327 0.198605
-2.50699 0.21331
-2.50071 0.227869
-2.49442 0.242282
-2.48814 0.25655
-2.48186 0.270673
-2.47558 0.284653
-2.46929 0.298489
-2.46301 0.312183
-2.45673 0.325734
-2.45044 0.339145
-2.44416 0.352415
-2.43788 0.365545
-2.43159 0.378535
-2.42531 0.391387
-2.41903 0.4041
-2.41274 0.416677
-2.40646 0.429116
-2.40018 0.441419
-2.39389 0.453586
-2.38761 0.465619
-2.38133 0.477517
-2.37504 0.489282
-2.36876 0.500913
-2.36248 0.512412
-2.35619 0.523779
-2.34991 0.535015
-2.34363 0.54612
-2.33734 0.557096
-2.33106 0.567942
-2.32478 0.578659
-2.3185 0.589248
-2.31221 0.599709
-2.30593 0.610044
-2.29965 0.620252
-2.29336 0.630335
-2.28708 0.640293
-2.2808 0.650126
-2.27451 0.659835
-2.26823 0.669421
-2.26195 0.678885
-2.25566 0.688226
-2.24938 0.697446
-2.2431 0.706545
-2.23681 0.715524
-2.23053 0.724383
-2.22425 0.733123
-2.21796 0.741745
-2.21168 0.750248
-2.2054 0.758635
-2.19911 0.766905
-2.19283 0.775058
-2.18655 0.783097
-2.18027 0.79102
-2.17398 0.798829
-2.1677 0.806524
-2.16142 0.814106
-2.15513 0.821576
-2.14885 0.828934
-2.14257 0.83618
-2.13628 0.843315
-2.13 0.85034
-2.12372 0.857256
-2.11743 0.864062
-2.11115 0.87076
-2.10487 0.87735
-2.09858 0.883832
-2.0923 0.890208
-2.08602 0.896478
-2.07973 0.902641
-2.07345 0.9087
-2.06717 0.914654
-2.06088 0.920505
-2.0546 0.926252
-2.04832 0.931896
-2.04204 0.937438
-2.03575 0.942878
-2.02947 0.948217
-2.02319 0.953455
-2.0169 0.958593
-2.01062 0.963632
-2.00434 0.968572
-1.99805 0.973414
-1.99177 0.978158
-1.98549 0.982804
-1.9792 0.987354
-1.97292 0.991808
-1.96664 0.996166
-1.96035 1.00043
-1.95407 1.0046
-1.94779 1.00867
-1.9415 1.01265
-1.93522 1.01654
-1.92894 1.02034
-1.92265 1.02404
-1.91637 1.02765
-1.91009 1.03118
-1.90381 1.03461
-1.89752 1.03795
-1.89124 1.0412
-1.88496 1.04437
-1.87867 1.04744
-1.87239 1.05043
-1.86611 1.05333
-1.85982 1.05615
-1.85354 1.05888
-1.84726 1.06152
-1.84097 1.06408
-1.83469 1.06655
-1.82841 1.06895
-1.82212 1.07125
-1.81584 1.07348
-1.80956 1.07562
-1.80327 1.07768
-1.79699 1.07966
-1.79071 1.08156
-1.78442 1.08338
-1.77814 1.08511
-1.77186 1.08677
-1.76558 1.08835
-1.75929 1.08986
-1.75301 1.09128
-1.74673 1.09263
-1.74044 1.0939
-1.73416 1.09509
-1.72788 1.09621
-1.72159 1.09726
-1.71531 1.09822
-1.70903 1.09912
-1.70274 1.09994
-1.69646 1.10069
-1.69018 1.10136
-1.68389 1.10197
-1.67761 1.1025
-1.67133 1.10296
-1.66504 1.10335
-1.65876 1.10367
-1.65248 1.10391
-1.64619 1.10409
-1.63991 1.10421
-1.63363 1.10425
-1.62734 1.10422
-1.62106 1.10413
-1.61478 1.10397
-1.6085 1.10375
-1.60221 1.10346
-1.59593 1.1031
-1.58965 1.10268
-1.58336 1.10219
-1.57708 1.10164
-1.5708 1.10103
-1.56451 1.10035
-1.55823 1.09961
-1.55195 1.09881
-1.54566 1.09795
-1.53938 1.09702
-1.5331 1.09604
-1.52681 1.09499
-1.52053 1.09389
-1.51425 1.09272
-1.50796 1.0915
-1.50168 1.09022
-1.4954 1.08888
-1.48911 1.08748
-1.48283 1.08603
-1.47655 1.08452
-1.47027 1.08295
-1.46398 1.08133
-1.4577 1.07965
-1.45142 1.07792
-1.44513 1.07613
-1.43885 1.07429
-1.43257 1.0724
-1.42628 1.07045
-1.42 1.06845
-1.41372 1.0664
-1.40743 1.0643
-1.40115 1.06214
-1.39487 1.05994
-1.38858 1.05768
-1.3823 1.05537
-1.37602 1.05302
-1.36973 1.05062
-1.36345 1.04816
-1.35717 1.04566
-1.35088 1.04311
-1.3446 1.04052
-1.33832 1.03787
-1.33204 1.03519
-1.32575 1.03245
-1.31947 1.02967
-1.31319 1.02684
-1.3069 1.02397
-1.30062 1.02106
-1.29434 1.0181
-1.28805 1.0151
-1.28177 1.01205
-1.27549 1.00896
-1.2692 1.00583
-1.26292 1.00266
-1.25664 0.999445
-1.25035 0.99619
-1.24407 0.992895
-1.23779 0.989559
-1.2315 0.986183
-1.22522 0.982769
-1.21894 0.979315
-1.21265 0.975822
-1.20637 0.972292
-1.20009 0.968723
-1.19381 0.965118
-1.18752 0.961475
-1.18124 0.957796
-1.17496 0.95408
-1.16867 0.950329
-1.16239 0.946542
-1.15611 0.942721
-1.14982 0.938865
-1.14354 0.934974
-1.13726 0.93105
-1.13097 0.927092
-1.12469 0.923102
-1.11841 0.919078
-1.11212 0.915023
-1.10584 0.910935
-1.09956 0.906816
-1.09327 0.902666
-1.08699 0.898485
-1.08071 0.894274
-1.07442 0.890033
-1.06814 0.885762
-1.06186 0.881462
-1.05558 0.877133
-1.04929 0.872775
-1.04301 0.86839
-1.03673 0.863976
-1.03044 0.859536
-1.02416 0.855068
-1.01788 0.850574
-1.01159 0.846053
-1.00531 0.841507
-0.999026 0.836935
-0.992743 0.832337
-0.98646 0.827715
-0.980177 0.823069
-0.973894 0.818398
-0.967611 0.813704
-0.961327 0.808986
-0.955044 0.804245
-0.948761 0.799482
-0.942478 0.794696
-0.936195 0.789888
-0.929911 0.785059
-0.923628 0.780208
-0.917345 0.775336
-0.911062 0.770444
-0.904779 0.765531
-0.898495 0.760599
-0.892212 0.755647
-0.885929 0.750676
-0.879646 0.745686
-0.873363 0.740678
-0.86708 0.735651
-0.860796 0.730606
-0.854513 0.725544
-0.84823 0.720465
-0.841947 0.715369
-0.835664 0.710256
-0.82938 0.705127
-0.823097 0.699982
-0.816814 0.694822
-0.810531 0.689647
-0.804248 0.684456
-0.797965 0.679252
-0.791681 0.674033
-0.785398 0.6688
-0.779115 0.663553
-0.772832 0.658293
-0.766549 0.65302
-0.760265 0.647735
-0.753982 0.642437
-0.747699 0.637128
-0.741416 0.631806
-0.735133 0.626473
-0.728849 0.62113
-0.722566 0.615775
-0.716283 0.61041
-0.71 0.605035
-0.703717 0.59965
-0.697434 0.594256
-0.69115 0.588852
-0.684867 0.583439
-0.678584 0.578018
-0.672301 0.572589
-0.666018 0.567151
-0.659734 0.561706
-0.653451 0.556254
-0.647168 0.550794
-0.640885 0.545328
-0.634602 0.539855
-0.628319 0.534375
-0.622035 0.52889
-0.615752 0.5234
-0.609469 0.517903
-0.603186 0.512402
-0.596903 0.506896
-0.590619 0.501386
-0.584336 0.495871
-0.578053 0.490352
-0.57177 0.48483
-0.565487 0.479305
-0.559203 0.473776
-0.55292 0.468244
-0.546637 0.46271
-0.540354 0.457174
-0.534071 0.451636
-0.527788 0.446096
-0.521504 0.440554
-0.515221 0.435012
-0.508938 0.429469
-0.502655 0.423924
-0.496372 0.41838
-0.490088 0.412836
-0.483805 0.407291
-0.477522 0.401747
-0.471239 0.396204
-0.464956 0.390662
-0.458673 0.385121
-0.452389 0.379582
-0.446106 0.374044
-0.439823 0.368508
-0.43354 0.362975
-0.427257 0.357444
-0.420973 0.351915
-0.41469 0.34639
-0.408407 0.340868
-0.402124 0.33535
-0.395841 0.329835
-0.389557 0.324325
-0.383274 0.318818
-0.376991 0.313316
-0.370708 0.307819
-0.364425 0.302327
-0.358142 0.29684
-0.351858 0.291359
-0.345575 0.285883
-0.339292 0.280414
-0.333009 0.27495
-0.326726 0.269493
-0.320442 0.264042
-0.314159 0.258599
-0.307876 0.253162
-0.301593 0.247733
-0.29531 0.242312
-0.289027 0.236898
-0.282743 0.231492
-0.27646 0.226095
-0.270177 0.220706
-0.263894 0.215326
-0.257611 0.209954
-0.251327 0.204592
-0.245044 0.199239
-0.238761 0.193896
-0.232478 0.188563
-0.226195 0.183239
-0.219911 0.177926
-0.213628 0.172624
-0.207345 0.167332
-0.201062 0.162051
-0.194779 0.15678
-0.188496 0.151522
-0.182212 0.146275
-0.175929 0.141039
-0.169646 0.135815
-0.163363 0.130604
-0.15708 0.125405
-0.150796 0.120218
-0.144513 0.115044
-0.13823 0.109883
-0.131947 0.104735
-0.125664 0.0996008
-0.119381 0.0944797
-0.113097 0.0893724
-0.106814 0.084279
-0.100531 0.0791997
-0.0942478 0.0741347
-0.0879646 0.0690841
-0.0816814 0.0640482
-0.0753982 0.0590272
-0.069115 0.0540212
-0.0628319 0.0490304
-0.0565487 0.0440551
-0.0502655 0.0390953
-0.0439823 0.0341513
-0.0376991 0.0292233
-0.0314159 0.0243114
-0.0251327 0.0194158
-0.0188496 0.0145367
-0.0125664 0.00967421
-0.00628319 0.0048286
0 6.45274e-16
0.00628319 -0.00481142
0.0125664 -0.00960549
0.0188496 -0.014382
0.0251327 -0.0191409
0.0314159 -0.0238819
0.0376991 -0.0286049
0.0439823 -0.0333096
0.0502655 -0.0379961
0.0565487 -0.042664
0.0628319 -0.0473132
0.069115 -0.0519437
0.0753982 -0.0565551
0.0816814 -0.0611473
0.0879646 -0.0657203
0.0942478 -0.0702738
0.100531 -0.0748077
0.106814 -0.0793218
0.113097 -0.083816
0.119381 -0.0882901
0.125664 -0.092744
0.131947 -0.0971775
0.13823 -0.101591
0.144513 -0.105983
0.150796 -0.110354
0.15708 -0.114705
0.163363 -0.119035
0.169646 -0.123343
0.175929 -0.12763
0.182212 -0.131895
0.188496 -0.136139
0.194779 -0.140361
0.201062 -0.144561
0.207345 -0.148739
0.213628 -0.152895
0.219911 -0.157028
0.226195 -0.161139
0.232478 -0.165228
0.238761 -0.169294
0.245044 -0.173336
0.251327 -0.177356
0.257611 -0.181353
0.263894 -0.185327
0.270177 -0.189278
0.27646 -0.193205
0.282743 -0.197108
0.289027 -0.200988
0.29531 -0.204844
0.301593 -0.208676
0.307876 -0.212484
0.314159 -0.216267
0.320442 -0.220027
0.326726 -0.223762
0.333009 -0.227473
0.339292 -0.231159
0.345575 -0.234821
0.351858 -0.238457
0.358142 -0.242069
0.364425 -0.245656
0.370708 -0.249218
0.376991 -0.252754
0.383274 -0.256266
0.389557 -0.259751
0.395841 -0.263212
0.402124 -0.266646
0.408407 -0.270055
0.41469 -0.273439
0.420973 -0.276796
0.427257 -0.280127
0.43354 -0.283432
0.439823 -0.286712
0.446106 -0.289965
0.452389 -0.293191
0.458673 -0.296391
0.464956 -0.299565
0.471239 -0.302712
0.477522 -0.305832
0.483805 -0.308926
0.490088 -0.311993
0.496372 -0.315033
0.502655 -0.318046
0.508938 -0.321032
0.515221 -0.323991
0.521504 -0.326922
0.527788 -0.329826
0.534071 -0.332703
0.540354 -0.335553
0.546637 -0.338375
0.55292 -0.341169
0.559203 -0.343936
0.565487 -0.346675
0.57177 -0.349387
0.578053 -0.352071
0.584336 -0.354726
0.590619 -0.357354
0.596903 -0.359954
0.603186 -0.362526
0.609469 -0.365069
0.615752 -0.367585
0.622035 -0.370072
0.628319 -0.372531
0.634602 -0.374962
0.640885 -0.377364
0.647168 -0.379738
0.653451 -0.382083
0.659734 -0.3844
0.666018 -0.386688
0.672301 -0.388948
0.678584 -0.391179
0.684867 -0.393381
0.69115 -0.395555
0.697434 -0.397699
0.703717 -0.399815
0.71 -0.401902
0.716283 -0.403961
0.722566 -0.40599
0.728849 -0.40799
0.735133 -0.409961
0.741416 -0.411904
0.747699 -0.413817
0.753982 -0.415701
0.760265 -0.417556
0.766549 -0.419382
0.772832 -0.421178
0.779115 -0.422946
0.785398 -0.424684
0.791681 -0.426393
0.797965 -0.428073
0.804248 -0.429723
0.810531 -0.431344
0.816814 -0.432936
0.823097 -0.434499
0.82938 -0.436032
0.835664 -0.437535
0.841947 -0.43901
0.84823 -0.440455
0.854513 -0.44187
0.860796 -0.443257
0.86708 -0.444613
0.873363 -0.445941
0.879646 -0.447238
0.885929 -0.448507
0.892212 -0.449746
0.898495 -0.450956
0.904779 -0.452136
0.911062 -0.453286
0.917345 -0.454408
0.923628 -0.4555
0.929911 -0.456562
0.936195 -0.457595
0.942478 -0.458598
0.948761 -0.459573
0.955044 -0.460517
0.961327 -0.461433
0.967611 -0.462319
0.973894 -0.463175
0.980177 -0.464003
0.98646 -0.4648
0.992743 -0.465569
0.999026 -0.466308
1.00531 -0.467018
1.01159 -0.467699
1.01788 -0.46835
1.02416 -0.468973
1.03044 -0.469566
1.03673 -0.47013
1.04301 -0.470664
1.04929 -0.47117
1.05558 -0.471646
1.06186 -0.472094
1.06814 -0.472512
1.07442 -0.472901
1.08071 -0.473262
1.08699 -0.473593
1.09327 -0.473896
1.09956 -0.474169
1.10584 -0.474414
1.11212 -0.47463
1.11841 -0.474817
1.12469 -0.474976
1.13097 -0.475106
1.13726 -0.475207
1.14354 -0.47528
1.14982 -0.475324
1.15611 -0.47534
1.16239 -0.475327
1.16867 -0.475286
1.17496 -0.475216
1.18124 -0.475118
1.18752 -0.474992
1.19381 -0.474838
1.20009 -0.474656
1.20637 -0.474445
1.21265 -0.474207
1.21894 -0.473941
1.22522 -0.473646
1.2315 -0.473324
1.23779 -0.472974
1.24407 -0.472597
1.25035 -0.472192
1.25664 -0.471759
1.26292 -0.471299
1.2692 -0.470811
1.27549 -0.470296
1.28177 -0.469754
1.28805 -0.469184
1.29434 -0.468587
1.30062 -0.467963
1.3069 -0.467313
1.31319 -0.466635
1.31947 -0.46593
1.32575 -0.465199
1.33204 -0.464441
1.33832 -0.463656
1.3446 -0.462845
1.35088 -0.462008
1.35717 -0.461144
1.36345 -0.460253
1.36973 -0.459337
1.37602 -0.458395
1.3823 -0.457426
1.38858 -0.456432
1.39487 -0.455412
1.40115 -0.454366
1.40743 -0.453294
1.41372 -0.452197
1.42 -0.451075
1.42628 -0.449927
1.43257 -0.448754
1.43885 -0.447556
1.44513 -0.446333
1.45142 -0.445085
1.4577 -0.443812
1.46398 -0.442514
1.47027 -0.441192
1.47655 -0.439845
1.48283 -0.438474
1.48911 -0.437079
1.4954 -0.435659
1.50168 -0.434216
1.50796 -0.432748
1.51425 -0.431257
1.52053 -0.429742
1.52681 -0.428203
1.5331 -0.426641
1.53938 -0.425055
1.54566 -0.423447
1.55195 -0.421815
1.55823 -0.42016
1.56451 -0.418482
1.5708 -0.416782
1.57708 -0.415059
1.58336 -0.413313
1.58965 -0.411546
1.59593 -0.409756
1.60221 -0.407944
1.6085 -0.406109
1.61478 -0.404254
1.62106 -0.402376
1.62734 -0.400477
1.63363 -0.398556
1.63991 -0.396615
1.64619 -0.394652
1.65248 -0.392668
1.65876 -0.390663
1.66504 -0.388638
1.67133 -0.386592
1.67761 -0.384525
1.68389 -0.382439
1.69018 -0.380332
1.69646 -0.378205
1.70274 -0.376059
1.70903 -0.373893
1.71531 -0.371707
1.72159 -0.369502
1.72788 -0.367278
1.73416 -0.365035
1.74044 -0.362773
1.74673 -0.360492
1.75301 -0.358192
1.75929 -0.355875
1.76558 -0.353539
1.77186 -0.351185
1.77814 -0.348813
1.78442 -0.346423
1.79071 -0.344016
1.79699 -0.341591
1.80327 -0.339149
1.80956 -0.33669
1.81584 -0.334215
1.82212 -0.331722
1.82841 -0.329213
1.83469 -0.326688
1.84097 -0.324146
1.84726 -0.321589
1.85354 -0.319015
1.85982 -0.316426
1.86611 -0.313822
1.87239 -0.311202
1.87867 -0.308567
1.88496 -0.305918
1.89124 -0.303253
1.89752 -0.300574
1.90381 -0.297881
1.91009 -0.295174
1.91637 -0.292452
1.92265 -0.289717
1.92894 -0.286969
1.93522 -0.284207
1.9415 -0.281431
1.94779 -0.278643
1.95407 -0.275842
1.96035 -0.273029
1.96664 -0.270203
1.97292 -0.267365
1.9792 -0.264515
1.98549 -0.261653
1.99177 -0.258779
1.99805 -0.255895
2.00434 -0.252999
2.01062 -0.250092
2.0169 -0.247175
2.02319 -0.244247
2.02947 -0.241308
2.03575 -0.23836
2.04204 -0.235402
2.04832 -0.232434
2.0546 -0.229457
2.06088 -0.22647
2.06717 -0.223475
2.07345 -0.22047
2.07973 -0.217458
2.08602 -0.214436
2.0923 -0.211407
2.09858 -0.20837
2.10487 -0.205326
2.11115 -0.202273
2.11743 -0.199214
2.12372 -0.196148
2.13 -0.193075
2.13628 -0.189996
2.14257 -0.18691
2.14885 -0.183818
2.15513 -0.180721
2.16142 -0.177618
2.1677 -0.17451
2.17398 -0.171396
2.18027 -0.168278
2.18655 -0.165156
2.19283 -0.162029
2.19911 -0.158898
2.2054 -0.155763
2.21168 -0.152624
2.21796 -0.149482
2.22425 -0.146337
2.23053 -0.14319
2.23681 -0.140039
2.2431 -0.136887
2.24938 -0.133732
2.25566 -0.130576
2.26195 -0.127418
2.26823 -0.124258
2.27451 -0.121098
2.2808 -0.117937
2.28708 -0.114775
2.29336 -0.111613
2.29965 -0.108452
2.30593 -0.10529
2.31221 -0.102129
2.3185 -0.0989689
2.32478 -0.0958098
2.33106 -0.0926521
2.33734 -0.089496
2.34363 -0.0863419
2.34991 -0.0831899
2.35619 -0.0800404
2.36248 -0.0768936
2.36876 -0.0737498
2.37504 -0.0706093
2.38133 -0.0674724
2.38761 -0.0643394
2.39389 -0.0612105
2.40018 -0.058086
2.40646 -0.0549662
2.41274 -0.0518515
2.41903 -0.048742
2.42531 -0.0456381
2.43159 -0.04254
2.43788 -0.0394481
2.44416 -0.0363627
2.45044 -0.033284
2.45673 -0.0302123
2.46301 -0.0271479
2.46929 -0.0240912
2.47558 -0.0210424
2.48186 -0.0180019
2.48814 -0.0149698
2.49442 -0.0119466
2.50071 -0.00893257
2.50699 -0.00592794
2.51327 -0.00293305
2.51956 5.1794e-05
2.52584 0.00302628
2.53212 0.00599009
2.53841 0.00894293
2.54469 0.0118845
2.55097 0.0148144
2.55726 0.0177324
2.56354 0.0206382
2.56982 0.0235315
2.57611 0.0264119
2.58239 0.0292791
2.58867 0.0321328
2.59496 0.0349726
2.60124 0.0377983
2.60752 0.0406096
2.61381 0.043406
2.62009 0.0461874
2.62637 0.0489533
2.63265 0.0517034
2.63894 0.0544373
2.64522 0.0571549
2.6515 0.0598557
2.65779 0.0625394
2.66407 0.0652056
2.67035 0.0678541
2.67664 0.0704844
2.68292 0.0730963
2.6892 0.0756894
2.69549 0.0782634
2.70177 0.080818
2.70805 0.0833527
2.71434 0.0858672
2.72062 0.0883613
2.7269 0.0908345
2.73319 0.0932865
2.73947 0.0957169
2.74575 0.0981255
2.75204 0.100512
2.75832 0.102876
2.7646 0.105216
2.77088 0.107534
2.77717 0.109828
2.78345 0.112097
2.78973 0.114343
2.79602 0.116563
2.8023 0.118759
2.80858 0.120929
2.81487 0.123073
2.82115 0.125192
2.82743 0.127283
2.83372 0.129348
2.84 0.131385
2.84628 0.133395
2.85257 0.135376
2.85885 0.13733
2.86513 0.139254
2.87142 0.141149
2.8777 0.143015
2.88398 0.144851
2.89027 0.146657
2.89655 0.148432
2.90283 0.150176
2.90911 0.151888
2.9154 0.153569
2.92168 0.155218
2.92796 0.156834
2.93425 0.158417
2.94053 0.159967
2.94681 0.161483
2.9531 0.162965
2.95938 0.164412
2.96566 0.165824
2.97195 0.167202
2.97823 0.168543
2.98451 0.169849
2.9908 0.171118
2.99708 0.17235
3.00336 0.173544
3.00965 0.174702
3.01593 0.175821
3.02221 0.176901
3.0285 0.177943
3.03478 0.178945
3.04106 0.179908
3.04734 0.180831
3.05363 0.181713
3.05991 0.182554
3.06619 0.183354
3.07248 0.184112
3.07876 0.184828
3.08504 0.185501
3.09133 0.186132
3.09761 0.186719
3.10389 0.187262
3.11018 0.187761
3.11646 0.188215
3.12274 0.188625
3.12903 0.188988
3.13531 0.189306
3.14159 0.189577
