2 730.362
3 829.143
4 757.397
5 796.044
6 807.881
7 661.608
8 597.94
9 449.23
10 234.046
11 141.904
12 64.9749
13 28.4754
14 15.8391
15 4.34001
16 2.74941
17 0.54957
18 0.3616
19 0.0584475
20 0.0374904
21 0.0051146
22 0.00311524
23 0.00045846
24 0.000208185
25 4.37536e-05
26 1.11159e-05
27 3.20081e-06
28 4.68287e-07
29 2.08324e-07
30 2.68702e-08
31 2.5429e-08
32 1.68182e-08
33 2.79921e-08
34 2.42185e-08
35 3.18656e-08
36 3.20372e-08
37 3.53428e-08
38 3.50818e-08
39 3.98081e-08
40 3.77963e-08
41 4.86773e-08
42 3.5975e-08
43 5.32743e-08
44 6.99765e-08
45 5.44369e-08
46 6.14501e-08
47 6.91993e-08
48 6.02482e-08
49 1.04346e-07
