-3.14159 1.4788
-3.13531 1.43116
-3.12903 1.383
-3.12274 1.33433
-3.11646 1.2852
-3.11018 1.23565
-3.10389 1.18569
-3.09761 1.13536
-3.09133 1.0847
-3.08504 1.03374
-3.07876 0.982489
-3.07248 0.930994
-3.06619 0.879277
-3.05991 0.827367
-3.05363 0.775291
-3.04734 0.723075
-3.04106 0.670745
-3.03478 0.618327
-3.0285 0.565848
-3.02221 0.51333
-3.01593 0.460799
-3.00965 0.40828
-3.00336 0.355795
-2.99708 0.303369
-2.9908 0.251023
-2.98451 0.198782
-2.97823 0.146667
-2.97195 0.0946998
-2.96566 0.0429031
-2.95938 -0.00870216
-2.9531 -0.0600949
-2.94681 -0.111254
-2.94053 -0.16216
-2.93425 -0.212791
-2.92796 -0.263129
-2.92168 -0.313153
-2.9154 -0.362844
-2.90911 -0.412184
-2.90283 -0.461153
-2.89655 -0.509732
-2.89027 -0.557905
-2.88398 -0.605653
-2.8777 -0.652958
-2.87142 -0.699803
-2.86513 -0.746171
-2.85885 -0.792046
-2.85257 -0.837411
-2.84628 -0.88225
-2.84 -0.926547
-2.83372 -0.970286
-2.82743 -1.01345
-2.82115 -1.05603
-2.81487 -1.09801
-2.80858 -1.13937
-2.8023 -1.1801
-2.79602 -1.22019
-2.78973 -1.25962
-2.78345 -1.29838
-2.77717 -1.33646
-2.77088 -1.37384
-2.7646 -1.41051
-2.75832 -1.44646
-2.75204 -1.48169
-2.74575 -1.51617
-2.73947 -1.5499
-2.73319 -1.58287
-2.7269 -1.61507
-2.72062 -1.64648
-2.71434 -1.6771
-2.70805 -1.70692
-2.70177 -1.73593
-2.69549 -1.76413
-2.6892 -1.7915
-2.68292 -1.81803
-2.67664 -1.84373
-2.67035 -1.86857
-2.66407 -1.89257
-2.65779 -1.9157
-2.6515 -1.93797
-2.64522 -1.95937
-2.63894 -1.9799
-2.63265 -1.99954
-2.62637 -2.0183
-2.62009 -2.03616
-2.61381 -2.05314
-2.60752 -2.06922
-2.60124 -2.0844
-2.59496 -2.09868
-2.58867 -2.11206
-2.58239 -2.12454
-2.57611 -2.1361
-2.56982 -2.14676
-2.56354 -2.15652
-2.55726 -2.16536
-2.55097 -2.1733
-2.54469 -2.18033
-2.53841 -2.18645
-2.53212 -2.19167
-2.52584 -2.19598
-2.51956 -2.19939
-2.51327 -2.2019
-2.50699 -2.20352
-2.50071 -2.20424
-2.49442 -2.20407
-2.48814 -2.20301
-2.48186 -2.20107
-2.47558 -2.19824
-2.46929 -2.19455
-2.46301 -2.18998
-2.45673 -2.18455
-2.45044 -2.17827
-2.44416 -2.17112
-2.43788 -2.16314
-2.43159 -2.15431
-2.42531 -2.14465
-2.41903 -2.13416
-2.41274 -2.12286
-2.40646 -2.11075
-2.40018 -2.09783
-2.39389 -2.08412
-2.38761 -2.06962
-2.38133 -2.05435
-2.37504 -2.03831
-2.36876 -2.02151
-2.36248 -2.00397
-2.35619 -1.98569
-2.34991 -1.96668
-2.34363 -1.94695
-2.33734 -1.92652
-2.33106 -1.90539
-2.32478 -1.88358
-2.3185 -1.8611
-2.31221 -1.83795
-2.30593 -1.81416
-2.29965 -1.78973
-2.29336 -1.76468
-2.28708 -1.73902
-2.2808 -1.71275
-2.27451 -1.6859
-2.26823 -1.65848
-2.26195 -1.6305
-2.25566 -1.60198
-2.24938 -1.57292
-2.2431 -1.54334
-2.23681 -1.51326
-2.23053 -1.48269
-2.22425 -1.45165
-2.21796 -1.42014
-2.21168 -1.38819
-2.2054 -1.3558
-2.19911 -1.323
-2.19283 -1.28979
-2.18655 -1.2562
-2.18027 -1.22223
-2.17398 -1.18791
-2.1677 -1.15324
-2.16142 -1.11825
-2.15513 -1.08294
-2.14885 -1.04735
-2.14257 -1.01147
-2.13628 -0.975322
-2.13 -0.938929
-2.12372 -0.902303
-2.11743 -0.865458
-2.11115 -0.828413
-2.10487 -0.79118
-2.09858 -0.753778
-2.0923 -0.716221
-2.08602 -0.678524
-2.07973 -0.640705
-2.07345 -0.602778
-2.06717 -0.56476
-2.06088 -0.526666
-2.0546 -0.488511
-2.04832 -0.450311
-2.04204 -0.412083
-2.03575 -0.373841
-2.02947 -0.335601
-2.02319 -0.297378
-2.0169 -0.259187
-2.01062 -0.221045
-2.00434 -0.182966
-1.99805 -0.144965
-1.99177 -0.107057
-1.98549 -0.0692573
-1.9792 -0.0315806
-1.97292 0.00595848
-1.96664 0.0433453
-1.96035 0.0805655
-1.95407 0.117605
-1.94779 0.154448
-1.9415 0.191083
-1.93522 0.227494
-1.92894 0.263668
-1.92265 0.299592
-1.91637 0.335251
-1.91009 0.370633
-1.90381 0.405724
-1.89752 0.440511
-1.89124 0.474982
-1.88496 0.509124
-1.87867 0.542924
-1.87239 0.576371
-1.86611 0.609451
-1.85982 0.642154
-1.85354 0.674467
-1.84726 0.706379
-1.84097 0.73788
-1.83469 0.768956
-1.82841 0.799599
-1.82212 0.829797
-1.81584 0.85954
-1.80956 0.888818
-1.80327 0.91762
-1.79699 0.945937
-1.79071 0.97376
-1.78442 1.00108
-1.77814 1.02789
-1.77186 1.05417
-1.76558 1.07993
-1.75929 1.10514
-1.75301 1.12981
-1.74673 1.15393
-1.74044 1.17749
-1.73416 1.20047
-1.72788 1.22288
-1.72159 1.24471
-1.71531 1.26595
-1.70903 1.28659
-1.70274 1.30664
-1.69646 1.32607
-1.69018 1.3449
-1.68389 1.3631
-1.67761 1.38069
-1.67133 1.39764
-1.66504 1.41397
-1.65876 1.42966
-1.65248 1.44471
-1.64619 1.45912
-1.63991 1.47288
-1.63363 1.486
-1.62734 1.49846
-1.62106 1.51027
-1.61478 1.52142
-1.6085 1.53192
-1.60221 1.54175
-1.59593 1.55093
-1.58965 1.55944
-1.58336 1.56729
-1.57708 1.57448
-1.5708 1.581
-1.56451 1.58686
-1.55823 1.59206
-1.55195 1.59659
-1.54566 1.60046
-1.53938 1.60367
-1.5331 1.60623
-1.52681 1.60812
-1.52053 1.60936
-1.51425 1.60994
-1.50796 1.60988
-1.50168 1.60916
-1.4954 1.6078
-1.48911 1.60579
-1.48283 1.60315
-1.47655 1.59987
-1.47027 1.59596
-1.46398 1.59142
-1.4577 1.58626
-1.45142 1.58048
-1.44513 1.57408
-1.43885 1.56707
-1.43257 1.55947
-1.42628 1.55126
-1.42 1.54246
-1.41372 1.53307
-1.40743 1.5231
-1.40115 1.51256
-1.39487 1.50145
-1.38858 1.48978
-1.3823 1.47756
-1.37602 1.46479
-1.36973 1.45148
-1.36345 1.43763
-1.35717 1.42327
-1.35088 1.40838
-1.3446 1.39299
-1.33832 1.3771
-1.33204 1.36071
-1.32575 1.34385
-1.31947 1.3265
-1.31319 1.3087
-1.3069 1.29043
-1.30062 1.27172
-1.29434 1.25257
-1.28805 1.23299
-1.28177 1.213
-1.27549 1.19259
-1.2692 1.17178
-1.26292 1.15059
-1.25664 1.12902
-1.25035 1.10707
-1.24407 1.08477
-1.23779 1.06212
-1.2315 1.03913
-1.22522 1.01582
-1.21894 0.992185
-1.21265 0.968248
-1.20637 0.944015
-1.20009 0.919499
-1.19381 0.89471
-1.18752 0.869659
-1.18124 0.844358
-1.17496 0.818817
-1.16867 0.793048
-1.16239 0.767062
-1.15611 0.740871
-1.14982 0.714485
-1.14354 0.687917
-1.13726 0.661177
-1.13097 0.634278
-1.12469 0.60723
-1.11841 0.580045
-1.11212 0.552735
-1.10584 0.525312
-1.09956 0.497785
-1.09327 0.470169
-1.08699 0.442472
-1.08071 0.414708
-1.07442 0.386888
-1.06814 0.359022
-1.06186 0.331123
-1.05558 0.303202
-1.04929 0.275271
-1.04301 0.247339
-1.03673 0.21942
-1.03044 0.191523
-1.02416 0.163661
-1.01788 0.135844
-1.01159 0.108083
-1.00531 0.0803892
-0.999026 0.0527738
-0.992743 0.0252472
-0.98646 -0.00217959
-0.980177 -0.029496
-0.973894 -0.0566916
-0.967611 -0.0837557
-0.961327 -0.110678
-0.955044 -0.137448
-0.948761 -0.164056
-0.942478 -0.190492
-0.936195 -0.216745
-0.929911 -0.242806
-0.923628 -0.268665
-0.917345 -0.294313
-0.911062 -0.319739
-0.904779 -0.344935
-0.898495 -0.369892
-0.892212 -0.394599
-0.885929 -0.419049
-0.879646 -0.443233
-0.873363 -0.467141
-0.86708 -0.490765
-0.860796 -0.514097
-0.854513 -0.537129
-0.84823 -0.559852
-0.841947 -0.582259
-0.835664 -0.604342
-0.82938 -0.626093
-0.823097 -0.647504
-0.816814 -0.668569
-0.810531 -0.689281
-0.804248 -0.709631
-0.797965 -0.729615
-0.791681 -0.749224
-0.785398 -0.768454
-0.779115 -0.787296
-0.772832 -0.805746
-0.766549 -0.823798
-0.760265 -0.841445
-0.753982 -0.858682
-0.747699 -0.875505
-0.741416 -0.891907
-0.735133 -0.907884
-0.728849 -0.923432
-0.722566 -0.938545
-0.716283 -0.953219
-0.71 -0.967451
-0.703717 -0.981235
-0.697434 -0.994569
-0.69115 -1.00745
-0.684867 -1.01987
-0.678584 -1.03183
-0.672301 -1.04333
-0.666018 -1.05436
-0.659734 -1.06492
-0.653451 -1.07501
-0.647168 -1.08463
-0.640885 -1.09377
-0.634602 -1.10243
-0.628319 -1.11062
-0.622035 -1.11832
-0.615752 -1.12555
-0.609469 -1.13228
-0.603186 -1.13854
-0.596903 -1.14431
-0.590619 -1.1496
-0.584336 -1.1544
-0.578053 -1.15872
-0.57177 -1.16256
-0.565487 -1.16591
-0.559203 -1.16877
-0.55292 -1.17116
-0.546637 -1.17306
-0.540354 -1.17448
-0.534071 -1.17543
-0.527788 -1.17589
-0.521504 -1.17588
-0.515221 -1.17539
-0.508938 -1.17444
-0.502655 -1.17301
-0.496372 -1.17112
-0.490088 -1.16876
-0.483805 -1.16594
-0.477522 -1.16266
-0.471239 -1.15892
-0.464956 -1.15474
-0.458673 -1.1501
-0.452389 -1.14502
-0.446106 -1.1395
-0.439823 -1.13354
-0.43354 -1.12714
-0.427257 -1.12032
-0.420973 -1.11308
-0.41469 -1.10541
-0.408407 -1.09733
-0.402124 -1.08884
-0.395841 -1.07994
-0.389557 -1.07064
-0.383274 -1.06095
-0.376991 -1.05087
-0.370708 -1.04041
-0.364425 -1.02957
-0.358142 -1.01835
-0.351858 -1.00677
-0.345575 -0.994835
-0.339292 -0.982543
-0.333009 -0.969904
-0.326726 -0.956924
-0.320442 -0.94361
-0.314159 -0.929969
-0.307876 -0.916007
-0.301593 -0.901732
-0.29531 -0.887151
-0.289027 -0.872269
-0.282743 -0.857096
-0.27646 -0.841637
-0.270177 -0.825901
-0.263894 -0.809895
-0.257611 -0.793626
-0.251327 -0.777102
-0.245044 -0.760331
-0.238761 -0.74332
-0.232478 -0.726078
-0.226195 -0.708611
-0.219911 -0.690929
-0.213628 -0.673038
-0.207345 -0.654948
-0.201062 -0.636665
-0.194779 -0.618199
-0.188496 -0.599558
-0.182212 -0.580749
-0.175929 -0.561781
-0.169646 -0.542663
-0.163363 -0.523401
-0.15708 -0.504006
-0.150796 -0.484485
-0.144513 -0.464847
-0.13823 -0.445099
-0.131947 -0.425251
-0.125664 -0.405311
-0.119381 -0.385287
-0.113097 -0.365187
-0.106814 -0.345021
-0.100531 -0.324796
-0.0942478 -0.30452
-0.0879646 -0.284203
-0.0816814 -0.263852
-0.0753982 -0.243477
-0.069115 -0.223084
-0.0628319 -0.202683
-0.0565487 -0.182281
-0.0502655 -0.161888
-0.0439823 -0.141511
-0.0376991 -0.121158
-0.0314159 -0.100837
-0.0251327 -0.0805568
-0.0188496 -0.0603251
-0.0125664 -0.0401498
-0.00628319 -0.0200389
0 -2.2626e-07
0.00628319 0.0199585
0.0125664 0.0398295
0.0188496 0.0596051
0.0251327 0.0792777
0.0314159 0.0988398
0.0376991 0.118284
0.0439823 0.137603
0.0502655 0.156789
0.0565487 0.175836
0.0628319 0.194735
0.069115 0.213481
0.0753982 0.232066
0.0816814 0.250482
0.0879646 0.268725
0.0942478 0.286786
0.100531 0.30466
0.106814 0.322339
0.113097 0.339818
0.119381 0.35709
0.125664 0.374149
0.131947 0.390989
0.13823 0.407604
0.144513 0.423989
0.150796 0.440137
0.15708 0.456044
0.163363 0.471703
0.169646 0.487109
0.175929 0.502257
0.182212 0.517143
0.188496 0.53176
0.194779 0.546105
0.201062 0.560172
0.207345 0.573958
0.213628 0.587457
0.219911 0.600665
0.226195 0.613578
0.232478 0.626192
0.238761 0.638504
0.245044 0.650509
0.251327 0.662203
0.257611 0.673584
0.263894 0.684648
0.270177 0.695392
0.27646 0.705813
0.282743 0.715907
0.289027 0.725673
0.29531 0.735106
0.301593 0.744206
0.307876 0.75297
0.314159 0.761395
0.320442 0.769479
0.326726 0.777221
0.333009 0.784618
0.339292 0.79167
0.345575 0.798374
0.351858 0.80473
0.358142 0.810736
0.364425 0.816391
0.370708 0.821694
0.376991 0.826645
0.383274 0.831242
0.389557 0.835487
0.395841 0.839377
0.402124 0.842914
0.408407 0.846096
0.41469 0.848925
0.420973 0.8514
0.427257 0.853522
0.43354 0.855291
0.439823 0.856709
0.446106 0.857775
0.452389 0.858492
0.458673 0.858859
0.464956 0.858879
0.471239 0.858552
0.477522 0.85788
0.483805 0.856866
0.490088 0.855509
0.496372 0.853814
0.502655 0.85178
0.508938 0.849412
0.515221 0.84671
0.521504 0.843678
0.527788 0.840318
0.534071 0.836633
0.540354 0.832624
0.546637 0.828297
0.55292 0.823652
0.559203 0.818694
0.565487 0.813426
0.57177 0.80785
0.578053 0.801972
0.584336 0.795793
0.590619 0.789318
0.596903 0.782551
0.603186 0.775496
0.609469 0.768155
0.615752 0.760535
0.622035 0.752638
0.628319 0.744469
0.634602 0.736033
0.640885 0.727334
0.647168 0.718376
0.653451 0.709164
0.659734 0.699704
0.666018 0.689998
0.672301 0.680054
0.678584 0.669875
0.684867 0.659466
0.69115 0.648833
0.697434 0.637981
0.703717 0.626915
0.71 0.615641
0.716283 0.604163
0.722566 0.592488
0.728849 0.58062
0.735133 0.568565
0.741416 0.55633
0.747699 0.543919
0.753982 0.531338
0.760265 0.518593
0.766549 0.50569
0.772832 0.492635
0.779115 0.479433
0.785398 0.46609
0.791681 0.452613
0.797965 0.439008
0.804248 0.425279
0.810531 0.411434
0.816814 0.397478
0.823097 0.383418
0.82938 0.369259
0.835664 0.355008
0.841947 0.340671
0.84823 0.326253
0.854513 0.311762
0.860796 0.297202
0.86708 0.282581
0.873363 0.267905
0.879646 0.253179
0.885929 0.23841
0.892212 0.223603
0.898495 0.208766
0.904779 0.193903
0.911062 0.179022
0.917345 0.164128
0.923628 0.149227
0.929911 0.134326
0.936195 0.11943
0.942478 0.104545
0.948761 0.0896772
0.955044 0.0748328
0.961327 0.0600176
0.967611 0.0452373
0.973894 0.0304977
0.980177 0.0158047
0.98646 0.00116398
0.992743 -0.0134188
0.999026 -0.0279379
1.00531 -0.0423878
1.01159 -0.0567629
1.01788 -0.0710578
1.02416 -0.0852669
1.03044 -0.099385
1.03673 -0.113407
1.04301 -0.127327
1.04929 -0.14114
1.05558 -0.154841
1.06186 -0.168424
1.06814 -0.181886
1.07442 -0.195221
1.08071 -0.208424
1.08699 -0.221489
1.09327 -0.234414
1.09956 -0.247192
1.10584 -0.25982
1.11212 -0.272293
1.11841 -0.284606
1.12469 -0.296755
1.13097 -0.308736
1.13726 -0.320545
1.14354 -0.332177
1.14982 -0.343629
1.15611 -0.354896
1.16239 -0.365976
1.16867 -0.376864
1.17496 -0.387556
1.18124 -0.39805
1.18752 -0.408341
1.19381 -0.418426
1.20009 -0.428303
1.20637 -0.437967
1.21265 -0.447416
1.21894 -0.456647
1.22522 -0.465657
1.2315 -0.474444
1.23779 -0.483004
1.24407 -0.491335
1.25035 -0.499435
1.25664 -0.507301
1.26292 -0.514931
1.2692 -0.522323
1.27549 -0.529475
1.28177 -0.536385
1.28805 -0.543051
1.29434 -0.549471
1.30062 -0.555645
1.3069 -0.561569
1.31319 -0.567244
1.31947 -0.572667
1.32575 -0.577838
1.33204 -0.582755
1.33832 -0.587417
1.3446 -0.591824
1.35088 -0.595975
1.35717 -0.599869
1.36345 -0.603506
1.36973 -0.606885
1.37602 -0.610005
1.3823 -0.612867
1.38858 -0.615471
1.39487 -0.617816
1.40115 -0.619903
1.40743 -0.621731
1.41372 -0.623302
1.42 -0.624614
1.42628 -0.62567
1.43257 -0.626469
1.43885 -0.627013
1.44513 -0.627301
1.45142 -0.627336
1.4577 -0.627117
1.46398 -0.626647
1.47027 -0.625925
1.47655 -0.624954
1.48283 -0.623736
1.48911 -0.62227
1.4954 -0.620559
1.50168 -0.618605
1.50796 -0.61641
1.51425 -0.613974
1.52053 -0.611301
1.52681 -0.608392
1.5331 -0.60525
1.53938 -0.601876
1.54566 -0.598272
1.55195 -0.594442
1.55823 -0.590388
1.56451 -0.586111
1.5708 -0.581616
1.57708 -0.576903
1.58336 -0.571977
1.58965 -0.566841
1.59593 -0.561496
1.60221 -0.555946
1.6085 -0.550194
1.61478 -0.544243
1.62106 -0.538096
1.62734 -0.531758
1.63363 -0.52523
1.63991 -0.518516
1.64619 -0.51162
1.65248 -0.504545
1.65876 -0.497295
1.66504 -0.489874
1.67133 -0.482285
1.67761 -0.474531
1.68389 -0.466618
1.69018 -0.458547
1.69646 -0.450324
1.70274 -0.441953
1.70903 -0.433436
1.71531 -0.424779
1.72159 -0.415985
1.72788 -0.407059
1.73416 -0.398004
1.74044 -0.388825
1.74673 -0.379525
1.75301 -0.37011
1.75929 -0.360583
1.76558 -0.350949
1.77186 -0.341212
1.77814 -0.331376
1.78442 -0.321446
1.79071 -0.311426
1.79699 -0.30132
1.80327 -0.291133
1.80956 -0.28087
1.81584 -0.270534
1.82212 -0.26013
1.82841 -0.249663
1.83469 -0.239137
1.84097 -0.228557
1.84726 -0.217927
1.85354 -0.207252
1.85982 -0.196535
1.86611 -0.185782
1.87239 -0.174998
1.87867 -0.164185
1.88496 -0.15335
1.89124 -0.142496
1.89752 -0.131628
1.90381 -0.12075
1.91009 -0.109867
1.91637 -0.0989834
1.92265 -0.0881031
1.92894 -0.0772307
1.93522 -0.0663706
1.9415 -0.0555271
1.94779 -0.0447045
1.95407 -0.033907
1.96035 -0.023139
1.96664 -0.0124046
1.97292 -0.00170802
1.9792 0.00894654
1.98549 0.019555
1.99177 0.0301132
1.99805 0.0406172
2.00434 0.0510628
2.01062 0.0614463
2.0169 0.0717635
2.02319 0.0820106
2.02947 0.0921838
2.03575 0.102279
2.04204 0.112293
2.04832 0.122222
2.0546 0.132062
2.06088 0.141809
2.06717 0.151461
2.07345 0.161012
2.07973 0.170461
2.08602 0.179804
2.0923 0.189036
2.09858 0.198156
2.10487 0.207159
2.11115 0.216043
2.11743 0.224805
2.12372 0.233441
2.13 0.241948
2.13628 0.250324
2.14257 0.258566
2.14885 0.26667
2.15513 0.274635
2.16142 0.282458
2.1677 0.290135
2.17398 0.297665
2.18027 0.305044
2.18655 0.312272
2.19283 0.319344
2.19911 0.32626
2.2054 0.333016
2.21168 0.339612
2.21796 0.346044
2.22425 0.352311
2.23053 0.358411
2.23681 0.364342
2.2431 0.370103
2.24938 0.375691
2.25566 0.381106
2.26195 0.386346
2.26823 0.391408
2.27451 0.396293
2.2808 0.400998
2.28708 0.405523
2.29336 0.409867
2.29965 0.414028
2.30593 0.418005
2.31221 0.421797
2.3185 0.425405
2.32478 0.428826
2.33106 0.432061
2.33734 0.435109
2.34363 0.437969
2.34991 0.44064
2.35619 0.443124
2.36248 0.445418
2.36876 0.447524
2.37504 0.449441
2.38133 0.451168
2.38761 0.452707
2.39389 0.454056
2.40018 0.455217
2.40646 0.45619
2.41274 0.456974
2.41903 0.457571
2.42531 0.457981
2.43159 0.458204
2.43788 0.458241
2.44416 0.458093
2.45044 0.45776
2.45673 0.457244
2.46301 0.456545
2.46929 0.455665
2.47558 0.454603
2.48186 0.453363
2.48814 0.451944
2.49442 0.450348
2.50071 0.448577
2.50699 0.446631
2.51327 0.444512
2.51956 0.442223
2.52584 0.439763
2.53212 0.437136
2.53841 0.434343
2.54469 0.431385
2.55097 0.428265
2.55726 0.424984
2.56354 0.421544
2.56982 0.417948
2.57611 0.414197
2.58239 0.410294
2.58867 0.406241
2.59496 0.40204
2.60124 0.397694
2.60752 0.393204
2.61381 0.388574
2.62009 0.383805
2.62637 0.378901
2.63265 0.373864
2.63894 0.368696
2.64522 0.3634
2.6515 0.357979
2.65779 0.352436
2.66407 0.346773
2.67035 0.340994
2.67664 0.335101
2.68292 0.329097
2.6892 0.322986
2.69549 0.316769
2.70177 0.310451
2.70805 0.304035
2.71434 0.297522
2.72062 0.290918
2.7269 0.284224
2.73319 0.277444
2.73947 0.270582
2.74575 0.26364
2.75204 0.256622
2.75832 0.249531
2.7646 0.242371
2.77088 0.235145
2.77717 0.227856
2.78345 0.220508
2.78973 0.213103
2.79602 0.205647
2.8023 0.198141
2.80858 0.190589
2.81487 0.182996
2.82115 0.175363
2.82743 0.167696
2.83372 0.159996
2.84 0.152268
2.84628 0.144515
2.85257 0.13674
2.85885 0.128947
2.86513 0.121139
2.87142 0.11332
2.8777 0.105492
2.88398 0.0976591
2.89027 0.0898245
2.89655 0.0819914
2.90283 0.0741628
2.90911 0.0663418
2.9154 0.0585315
2.92168 0.0507349
2.92796 0.0429548
2.93425 0.0351941
2.94053 0.0274554
2.94681 0.0197415
2.9531 0.0120549
2.95938 0.00439799
2.96566 -0.00322687
2.97195 -0.0108175
2.97823 -0.0183718
2.98451 -0.0258878
2.9908 -0.0333638
2.99708 -0.0407982
3.00336 -0.0481895
3.00965 -0.0555365
3.01593 -0.0628381
3.02221 -0.0700934
3.0285 -0.077302
3.03478 -0.0844632
3.04106 -0.0915772
3.04734 -0.0986439
3.05363 -0.105664
3.05991 -0.112638
3.06619 -0.119567
3.07248 -0.126452
3.07876 -0.133296
3.08504 -0.1401
3.09133 -0.146867
3.09761 -0.1536
3.10389 -0.160303
3.11018 -0.166979
3.11646 -0.173632
3.12274 -0.180269
3.12903 -0.186894
3.13531 -0.193513
3.14159 -0.200134
