0.00352539
0.0505859
0.066276
0.0144336
0.0896719
0.139831
0.175658
0.202529
0.223429
0.240148
0.253828
0.265228
0.274874
0.16365
0.0485729
0.0521191
0.140965
0.219939
0.2906
0.354195
0.411734
0.464041
0.5118
0.555579
0.595856
0.633035
0.667454
0.69942
0.729181
0.756958
0.782943
0.807305
0.830189
0.851728
0.872036
0.891215
0.909358
0.926546
0.942853
0.958344
0.973079
0.987113
1.00049
1.01327
1.02547
1.03715
1.04832
1.05904
1.06931
1.07917
1.08865
1.07675
0.938514
0.805394
0.677114
0.553415
0.434057
0.318815
0.207479
0.0998542
0.0042418
0.10498
0.20252
0.297012
0.388596
0.477405
0.563563
0.647188
0.728388
0.807268
0.883926
0.958455
1.03094
1.10147
1.17012
1.23696
1.30206
1.3655
1.42733
1.48761
1.5464
1.60377
1.65974
1.71439
1.76775
1.81987
1.87079
1.92055
1.9692
2.01676
2.06328
2.10879
2.15332
2.1969
2.23957
2.28134
2.32226
2.36233
2.4016
2.44009
2.47781
2.51479
2.55106
2.58662
2.62151
2.65574
2.68933
2.7223
2.75467
2.78644
2.81765
2.84829
2.8784
2.90797
2.93703
2.96559
2.99366
3.02126
3.04839
3.07507
3.10131
3.12712
3.15251
3.17749
3.20207
3.22626
3.25007
3.27351
3.29658
3.3193
3.34167
3.3637
3.3854
3.40678
3.42784
3.44859
3.46904
3.48919
3.50906
3.52863
3.54793
3.56696
3.58573
3.60423
3.62247
3.64047
3.65822
3.67573
3.69301
3.71006
3.72688
3.74348
3.75986
3.77603
3.79199
3.80775
3.8233
3.83866
3.85383
3.8688
3.88359
3.8982
3.91263
3.92688
3.94096
3.95487
3.96862
3.98219
3.99561
4.00887
4.02198
4.03493
4.04774
4.0604
4.07291
4.08528
4.09751
4.1096
4.12156
4.13338
4.14508
4.15664
4.16808
4.1794
4.19059
4.20166
4.21261
4.22345
4.23417
4.24478
4.25528
4.26567
4.27595
4.28613
4.2962
4.30617
4.31603
4.3258
4.33547
4.34504
4.35452
4.3639
4.3732
4.3824
4.39151
4.40053
4.40946
4.41831
4.42708
4.43576
4.44435
4.45287
4.46131
4.46967
4.47795
4.48615
4.49428
4.50233
4.51031
4.46599
4.33266
4.20053
4.06959
3.93981
3.81119
3.68371
3.55735
3.43209
3.30794
3.18486
3.06285
2.94189
2.82196
2.70307
2.58518
2.46829
2.35239
2.23747
2.1235
2.01049
1.89841
1.78726
1.67703
1.56769
1.45926
1.3517
1.24501
1.13918
1.03421
0.93007
0.826763
0.724276
0.622599
0.521722
0.421637
0.322334
0.223803
0.126037
0.0290251
0.0672404
0.162768
0.257567
0.351644
0.445009
0.53767
0.629633
0.720908
0.811502
0.901422
0.990676
1.07927
1.16721
1.25451
1.34118
1.42721
1.51262
1.59741
1.68159
1.76517
1.84815
1.93054
2.01235
2.09358
2.17423
2.25432
2.33385
2.41283
2.49126
2.56914
2.64649
2.72331
2.7996
2.87537
2.95062
3.02536
3.0996
3.17334
3.24659
3.31934
3.39161
3.4634
3.53471
3.60555
3.67593
3.74584
3.8153
3.88431
3.95287
4.02098
4.08865
4.15589
4.2227
4.28908
4.35504
4.42058
4.4857
4.55042
4.61473
4.67863
4.74213
4.80524
4.86796
4.93029
4.99223
5.05379
5.11498
5.17579
5.23623
5.2963
5.35601
5.41536
5.47435
5.53298
5.59127
5.6492
5.70679
5.76404
5.82095
5.87753
5.93377
5.98969
6.04527
6.10053
6.15547
6.21009
6.2644
6.31839
6.37208
6.42545
6.47852
6.53129
6.58376
6.63593
6.6878
6.73939
6.79068
6.84169
6.89241
6.94285
6.99301
7.04289
7.09249
7.14182
7.19089
7.23968
7.2882
7.33646
7.38446
7.4322
7.47968
7.52691
7.57388
7.6206
7.66707
7.71329
7.75926
7.80499
7.85048
7.89573
7.94074
7.98552
8.03006
8.07437
8.11844
8.16229
8.20591
8.24931
8.29247
8.33542
8.37815
8.42066
8.46296
8.50504
8.5469
8.58856
8.63
8.67123
8.71226
8.75308
8.7937
