-2 3 0.86459
-1.9596 2.91165 1.01572
-1.91919 2.95956 1.19278
-1.87879 3.11443 1.39429
-1.83838 3.33207 1.61578
-1.79798 3.5598 1.84918
-1.75758 3.74393 2.08267
-1.71717 3.83751 2.30121
-1.67677 3.80702 2.48805
-1.63636 3.63718 2.6269
-1.59596 3.33314 2.70456
-1.55556 2.91975 2.71324
-1.51515 2.438 2.65205
-1.47475 1.93912 2.52717
-1.43434 1.47728 2.35068
-1.39394 1.10181 2.13835
-1.35354 0.850129 1.90705
-1.31313 0.742385 1.67239
-1.27273 0.778581 1.44708
-1.23232 0.938564 1.24012
-1.19192 1.18491 1.05681
-1.15152 1.4683 0.899309
-1.11111 1.73457 0.767398
-1.07071 1.93247 0.659369
-1.0303 2.02102 0.572731
-0.989899 1.97537 0.504756
-0.949495 1.79038 0.452846
-0.909091 1.48131 0.414751
-0.868687 1.08168 0.388674
-0.828283 0.638471 0.373319
-0.787879 0.205338 0.367898
-0.747475 -0.165016 0.372128
-0.707071 -0.428419 0.386231
-0.666667 -0.555556 0.410932
-0.626263 -0.536163 0.447465
-0.585859 -0.380504 0.497566
-0.545455 -0.117894 0.563434
-0.505051 0.207494 0.647634
-0.464646 0.542964 0.752892
-0.424242 0.834842 0.881757
-0.383838 1.03617 1.03607
-0.343434 1.11342 1.21627
-0.30303 1.05132 1.42054
-0.262626 0.855026 1.644
-0.222222 0.549383 1.87813
-0.181818 0.175373 2.11064
-0.141414 -0.215761 2.3262
-0.10101 -0.569854 2.50799
-0.0606061 -0.83758 2.63995
-0.020202 -0.981521 2.70943
0.020202 -0.981521 2.70943
0.0606061 -0.83758 2.63995
0.10101 -0.569854 2.50799
0.141414 -0.215761 2.3262
0.181818 0.175373 2.11064
0.222222 0.549383 1.87813
0.262626 0.855026 1.644
0.30303 1.05132 1.42054
0.343434 1.11342 1.21627
0.383838 1.03617 1.03607
0.424242 0.834842 0.881757
0.464646 0.542964 0.752892
0.505051 0.207494 0.647634
0.545455 -0.117894 0.563434
0.585859 -0.380504 0.497566
0.626263 -0.536163 0.447465
0.666667 -0.555556 0.410932
0.707071 -0.428419 0.386231
0.747475 -0.165016 0.372128
0.787879 0.205338 0.367898
0.828283 0.638471 0.373319
0.868687 1.08168 0.388674
0.909091 1.48131 0.414751
0.949495 1.79038 0.452846
0.989899 1.97537 0.504756
1.0303 2.02102 0.572731
1.07071 1.93247 0.659369
1.11111 1.73457 0.767398
1.15152 1.4683 0.899309
1.19192 1.18491 1.05681
1.23232 0.938564 1.24012
1.27273 0.778581 1.44708
1.31313 0.742385 1.67239
1.35354 0.850129 1.90705
1.39394 1.10181 2.13835
1.43434 1.47728 2.35068
1.47475 1.93912 2.52717
1.51515 2.438 2.65205
1.55556 2.91975 2.71324
1.59596 3.33314 2.70456
1.63636 3.63718 2.6269
1.67677 3.80702 2.48805
1.71717 3.83751 2.30121
1.75758 3.74393 2.08267
1.79798 3.5598 1.84918
1.83838 3.33207 1.61578
1.87879 3.11443 1.39429
1.91919 2.95956 1.19278
1.9596 2.91165 1.01572
2 3 0.86459
