-2 3 0.86459
-1.78947 3.60391 1.8988
-1.57895 3.17036 2.71684
-1.36842 0.926759 1.99344
-1.15789 1.4233 0.92245
-0.947368 1.77698 0.450515
-0.736842 -0.246204 0.374862
-0.526316 0.0315228 0.600867
-0.315789 1.08608 1.35366
-0.105263 -0.535868 2.49094
0.105263 -0.535868 2.49094
0.315789 1.08608 1.35366
0.526316 0.0315228 0.600867
0.736842 -0.246204 0.374862
0.947368 1.77698 0.450515
1.15789 1.4233 0.92245
1.36842 0.926759 1.99344
1.57895 3.17036 2.71684
1.78947 3.60391 1.8988
2 3 0.86459
-2 3 0.86459
-1.78947 3.60391 1.8988
-1.57895 3.17036 2.71684
-1.36842 0.926759 1.99344
-1.15789 1.4233 0.92245
-0.947368 1.77698 0.450515
-0.736842 -0.246204 0.374862
-0.526316 0.0315228 0.600867
-0.315789 1.08608 1.35366
-0.105263 -0.535868 2.49094
0.105263 -0.535868 2.49094
0.315789 1.08608 1.35366
0.526316 0.0315228 0.600867
0.736842 -0.246204 0.374862
0.947368 1.77698 0.450515
1.15789 1.4233 0.92245
1.36842 0.926759 1.99344
1.57895 3.17036 2.71684
1.78947 3.60391 1.8988
2 3 0.86459
